timestamp,cpu_power_w,dram_power_w,read_bytes,write_bytes,cpu_percent,memory_rss_mb,memory_vms_mb,thread_count,io_read_count,io_write_count,io_read_bytes_total,io_write_bytes_total
2025-05-14 06:19:43,45.197,3.996,0,0,279.40,30555.86,31815.90,25,2022657,2254428,10169008128,27289227264
2025-05-14 06:19:44,44.451,3.883,0,0,289.40,30555.86,31815.90,25,2022874,2254650,10169008128,27289436160
2025-05-14 06:19:44,44.728,3.843,0,208896,269.60,30555.86,31815.90,25,2023075,2254851,10169008128,27289436160
2025-05-14 06:19:44,44.379,3.774,0,196608,139.70,30555.86,31815.90,25,2023296,2255079,10169008128,27289657344
2025-05-14 06:19:44,41.363,3.731,0,147456,149.80,30555.86,31815.90,25,2023511,2255299,10169008128,27289964544
2025-05-14 06:19:44,41.691,3.731,0,368640,139.70,30555.86,31815.90,25,2023724,2255516,10169008128,27290210304
2025-05-14 06:19:45,41.390,3.724,0,184320,149.80,30555.86,31815.90,25,2023943,2255739,10169008128,27290517504
2025-05-14 06:19:45,41.574,3.749,0,184320,159.80,30555.86,31815.90,25,2024154,2255953,10169008128,27290701824
2025-05-14 06:19:45,41.508,3.752,0,184320,139.80,30555.86,31815.90,25,2024355,2256154,10169008128,27290701824
2025-05-14 06:19:45,41.531,3.779,0,245760,149.70,30555.86,31815.90,25,2024583,2256391,10169008128,27291136000
2025-05-14 06:19:45,42.768,3.704,0,380928,129.80,30555.86,31815.90,25,2024795,2256608,10169008128,27291328512
2025-05-14 06:19:46,42.032,3.746,0,0,149.70,30555.86,31815.90,25,2025008,2256825,10169008128,27291537408
2025-05-14 06:19:46,42.119,3.755,0,208896,139.80,30555.86,31815.90,25,2025211,2257029,10169008128,27291541504
2025-05-14 06:19:46,42.670,3.712,0,204800,139.80,30555.86,31815.90,25,2025435,2257262,10169008128,27291934720
2025-05-14 06:19:46,41.792,3.715,0,192512,139.80,30555.86,31815.90,25,2025635,2257462,10169008128,27291934720
2025-05-14 06:19:46,41.788,3.738,0,200704,129.80,30555.86,31815.90,25,2025848,2257680,10169008128,27292135424
2025-05-14 06:19:47,41.556,3.710,0,184320,149.80,30555.86,31815.90,25,2026060,2257897,10169008128,27292327936
2025-05-14 06:19:47,41.706,3.765,0,8192,139.80,30555.86,31815.90,25,2026273,2258114,10169008128,27292577792
2025-05-14 06:19:47,41.994,3.715,0,282624,129.80,30555.86,31815.90,25,2026477,2258319,10169008128,27292610560
2025-05-14 06:19:47,43.459,3.948,0,270336,169.70,30555.86,31815.90,25,2026713,2258561,10169008128,27292942336
2025-05-14 06:19:47,44.048,3.999,0,61440,159.70,30555.86,31815.90,25,2026926,2258778,10169008128,27293147136
2025-05-14 06:19:48,41.431,3.761,0,204800,139.80,30555.86,31815.90,25,2027127,2258979,10169008128,27293147136
2025-05-14 06:19:48,41.900,3.767,0,221184,149.80,30555.86,31815.90,25,2027341,2259197,10169008128,27293368320
2025-05-14 06:19:48,41.877,3.738,0,0,149.80,30555.86,31815.90,25,2027557,2259418,10169008128,27293638656
2025-05-14 06:19:48,42.450,3.804,0,270336,139.80,30555.86,31815.90,25,2027757,2259618,10169008128,27293638656
2025-05-14 06:19:48,42.074,3.819,0,344064,59.90,30555.86,31815.90,25,2027976,2259843,10169008128,27293982720
2025-05-14 06:19:49,37.934,3.718,0,0,49.90,30555.86,31815.90,25,2028177,2260044,10169008128,27293982720
2025-05-14 06:19:49,38.340,3.668,0,0,59.90,30555.86,31815.90,25,2028378,2260245,10169008128,27293982720
2025-05-14 06:19:49,39.053,3.705,0,0,49.90,30555.86,31815.90,25,2028585,2260454,10169008128,27293990912
2025-05-14 06:19:49,39.417,3.742,0,8192,49.90,30555.86,31815.90,25,2028786,2260655,10169008128,27293990912
2025-05-14 06:19:49,38.082,3.721,0,0,59.90,30555.86,31815.90,25,2028988,2260857,10169008128,27293990912
2025-05-14 06:19:50,37.670,3.696,0,0,59.90,30555.86,31815.90,25,2029189,2261058,10169008128,27293990912
2025-05-14 06:19:50,-1303590.996,3.655,0,0,59.90,30555.86,31815.90,25,2029390,2261259,10169008128,27293990912
2025-05-14 06:19:50,38.264,3.689,0,0,49.90,30555.86,31815.90,25,2029591,2261460,10169008128,27293990912
2025-05-14 06:19:50,39.125,3.741,0,0,49.90,30555.86,31815.90,25,2029791,2261660,10169008128,27293990912
2025-05-14 06:19:50,37.736,3.708,0,0,49.90,30555.86,31815.90,25,2029996,2261865,10169008128,27293990912
2025-05-14 06:19:51,38.711,3.784,0,0,59.90,30555.86,31815.90,25,2030197,2262066,10169008128,27293990912
2025-05-14 06:19:51,39.116,3.743,0,0,59.90,30555.86,31815.90,25,2030399,2262268,10169008128,27293990912
2025-05-14 06:19:51,38.496,3.701,0,0,59.90,30555.86,31815.90,25,2030599,2262468,10169008128,27293990912
2025-05-14 06:19:51,39.296,3.750,0,0,69.90,30555.86,31815.90,25,2030800,2262669,10169008128,27293990912
2025-05-14 06:19:51,37.359,3.704,0,0,59.90,30555.86,31815.90,25,2031001,2262870,10169008128,27293990912
2025-05-14 06:19:52,39.212,3.844,0,0,59.90,30555.86,31815.90,25,2031202,2263071,10169008128,27293990912
2025-05-14 06:19:52,37.477,3.696,0,0,69.90,30555.86,31815.90,25,2031403,2263272,10169008128,27293990912
2025-05-14 06:19:52,38.112,3.733,0,0,59.90,30555.86,31815.90,25,2031604,2263473,10169008128,27293990912
2025-05-14 06:19:52,39.017,3.752,0,0,79.90,30555.86,31815.90,25,2031794,2263663,10169008128,27293990912
2025-05-14 06:19:52,37.529,3.705,0,0,79.90,30555.86,31815.90,25,2031996,2263865,10169008128,27293990912
2025-05-14 06:19:53,36.653,3.727,0,0,69.90,30555.86,31815.90,25,2032197,2264066,10169008128,27293990912
2025-05-14 06:19:53,37.269,3.732,0,0,49.90,30555.86,31815.90,25,2032398,2264267,10169008128,27293990912
2025-05-14 06:19:53,39.461,3.653,0,0,59.90,30555.86,31815.90,25,2032599,2264468,10169008128,27293990912
2025-05-14 06:19:53,41.107,3.892,0,0,49.90,30555.86,31815.90,25,2032802,2264671,10169008128,27293990912
2025-05-14 06:19:53,40.118,3.788,0,0,49.90,30555.86,31815.90,25,2033003,2264872,10169008128,27293990912
2025-05-14 06:19:54,38.791,3.713,0,0,59.90,30555.86,31815.90,25,2033204,2265073,10169008128,27293990912
2025-05-14 06:19:54,37.189,3.745,0,0,69.90,30555.86,31815.90,25,2033405,2265274,10169008128,27293990912
2025-05-14 06:19:54,37.756,3.722,0,0,59.90,30555.86,31815.90,25,2033606,2265475,10169008128,27293990912
2025-05-14 06:19:54,40.666,3.718,0,0,59.90,30555.86,31815.90,25,2033806,2265675,10169008128,27293990912
2025-05-14 06:19:54,42.949,3.859,0,0,49.90,30555.86,31815.90,25,2034005,2265874,10169008128,27293990912
2025-05-14 06:19:55,44.599,3.883,0,0,49.90,30555.86,31815.90,25,2034207,2266076,10169008128,27293990912
2025-05-14 06:19:55,38.574,3.718,0,0,59.90,30555.86,31815.90,25,2034423,2266287,10169012224,27293990912
2025-05-14 06:19:55,40.739,3.903,1523712,0,49.90,30555.86,31815.90,25,2034807,2266609,10170904576,27293990912
2025-05-14 06:19:55,45.017,4.021,372736,0,49.90,30555.86,31815.90,25,2035008,2266810,10170904576,27293990912
2025-05-14 06:19:55,39.407,3.801,0,0,59.90,30555.86,31815.90,25,2035209,2267011,10170904576,27293990912
2025-05-14 06:19:56,41.458,3.798,0,0,59.90,30555.86,31815.90,25,2035409,2267211,10170904576,27293990912
2025-05-14 06:19:56,46.972,3.990,0,0,49.90,30555.86,31815.90,25,2035611,2267413,10170904576,27293990912
2025-05-14 06:19:56,46.522,4.014,0,0,49.90,30555.86,31815.90,25,2035811,2267613,10170904576,27293990912
2025-05-14 06:19:56,43.039,3.812,0,0,69.90,30555.86,31815.90,25,2036011,2267813,10170904576,27293990912
2025-05-14 06:19:56,38.277,3.676,0,0,59.90,30555.86,31815.90,25,2036210,2268012,10170904576,27293990912
2025-05-14 06:19:57,46.323,3.926,0,0,49.90,30555.86,31815.90,25,2036411,2268213,10170904576,27293990912
2025-05-14 06:19:57,42.014,3.843,0,0,79.90,30555.86,31815.90,25,2036630,2268425,10170982400,27293990912
2025-05-14 06:19:57,41.454,3.992,159744,0,199.60,30555.86,31815.90,25,2036902,2268676,10171199488,27293990912
2025-05-14 06:19:57,46.999,4.554,21282816,0,559.00,30555.86,32064.02,60,2037535,2269171,10202017792,27293990912
2025-05-14 06:19:57,50.144,4.482,9670656,0,149.70,30555.86,32064.02,60,2037736,2269372,10202017792,27293990912
2025-05-14 06:19:58,43.334,3.790,0,0,139.80,30555.86,32064.02,60,2037937,2269573,10202017792,27293990912
2025-05-14 06:19:58,41.868,3.658,0,0,149.70,30555.86,32064.02,60,2038138,2269774,10202017792,27293990912
2025-05-14 06:19:58,42.049,3.709,0,0,139.80,30555.86,32064.02,60,2038339,2269975,10202017792,27293990912
2025-05-14 06:19:58,44.498,3.798,0,0,139.80,30555.86,32064.02,60,2038539,2270175,10202017792,27293990912
2025-05-14 06:19:58,42.156,3.716,0,0,139.80,30555.86,32064.02,60,2038740,2270376,10202017792,27293990912
2025-05-14 06:19:59,41.056,3.933,0,0,59.90,30555.86,32064.02,60,2038942,2270578,10202017792,27293990912
2025-05-14 06:19:59,39.371,3.789,372736,0,139.80,30555.86,32064.02,60,2039211,2270827,10202808320,27293990912
2025-05-14 06:19:59,38.685,3.791,417792,0,69.90,30555.86,32064.02,60,2039411,2271027,10202808320,27293990912
2025-05-14 06:19:59,44.100,3.846,0,0,169.70,30555.86,32064.02,60,2039688,2271275,10203992064,27293990912
2025-05-14 06:19:59,45.155,4.453,1183744,0,99.80,30555.86,32064.02,60,2039917,2271495,10204008448,27293990912
2025-05-14 06:20:00,42.888,4.269,118784,8192,199.60,30555.87,32064.02,60,2040368,2272224,10204160000,27298488320
2025-05-14 06:20:00,40.330,4.057,49152,4489216,109.80,30555.87,32064.02,60,2040572,2272427,10204160000,27298488320
2025-05-14 06:20:00,41.162,3.940,53248,0,79.90,30555.87,32064.02,60,2040780,2272631,10204213248,27298488320
2025-05-14 06:20:00,44.095,3.945,0,32768,49.90,30555.87,32064.02,60,2040991,2272848,10204213248,27298521088
2025-05-14 06:20:00,43.079,3.886,0,0,49.90,30555.87,32064.02,60,2041193,2273049,10204213248,27298521088
2025-05-14 06:20:01,42.465,3.793,0,0,59.90,30555.87,32064.02,60,2041394,2273250,10204213248,27298521088
2025-05-14 06:20:01,38.490,3.757,0,0,49.90,30555.87,32064.02,60,2041595,2273451,10204213248,27298521088
2025-05-14 06:20:01,39.063,3.716,0,0,59.90,30555.87,32064.02,60,2041796,2273652,10204213248,27298521088
2025-05-14 06:20:01,41.036,3.829,0,0,59.90,30555.87,32064.02,60,2042010,2273870,10204213248,27298549760
2025-05-14 06:20:01,38.583,3.776,0,28672,49.90,30555.87,32064.02,60,2042211,2274071,10204213248,27298549760
2025-05-14 06:20:02,39.162,3.935,0,0,59.90,30555.87,32064.02,60,2042412,2274272,10204213248,27298549760
2025-05-14 06:20:02,38.822,3.710,0,0,59.90,30555.87,32064.02,60,2042613,2274473,10204213248,27298549760
2025-05-14 06:20:02,40.910,3.803,0,0,49.90,30555.87,32064.02,60,2042818,2274679,10204213248,27298553856
2025-05-14 06:20:02,41.297,3.742,0,4096,109.80,30555.87,32064.02,60,2043015,2274876,10204372992,27298553856
2025-05-14 06:20:02,42.480,4.193,208896,8192,189.70,30555.87,32064.02,60,2043301,2275144,10204475392,27298590720
2025-05-14 06:20:03,43.959,4.464,114688,135168,59.90,30555.87,32064.02,60,2043637,2275465,10204536832,27298697216
2025-05-14 06:20:03,39.473,3.753,0,0,49.90,30555.87,32064.02,60,2043842,2275669,10204536832,27298697216
2025-05-14 06:20:03,41.754,3.998,8192,20480,59.90,30555.87,32064.02,60,2044058,2275885,10204545024,27298717696
2025-05-14 06:20:03,44.878,3.779,0,0,59.90,30555.87,32064.02,60,2044259,2276086,10204545024,27298717696
2025-05-14 06:20:03,42.567,4.080,0,0,99.80,30555.87,32064.02,60,2044455,2276282,10204545024,27298717696
2025-05-14 06:20:04,46.759,4.294,0,8192,119.70,30555.87,32064.02,60,2044666,2276494,10204577792,27298725888
2025-05-14 06:20:04,39.309,3.794,32768,0,49.90,30555.87,32064.02,60,2044867,2276695,10204577792,27298725888
2025-05-14 06:20:04,41.687,3.879,0,0,59.90,30555.87,32064.02,60,2045068,2276896,10204577792,27298725888
2025-05-14 06:20:04,46.982,4.176,0,0,219.60,30555.87,32064.02,60,2045261,2277089,10204577792,27298725888
2025-05-14 06:20:04,39.871,3.883,0,0,49.90,30555.87,32064.02,60,2045463,2277291,10204577792,27298725888
2025-05-14 06:20:05,40.500,3.810,0,0,69.90,30555.87,32064.02,60,2045670,2277496,10204581888,27298725888
2025-05-14 06:20:05,40.777,4.085,151552,0,429.20,30555.87,32064.02,60,2045959,2277764,10205007872,27298746368
2025-05-14 06:20:05,45.973,4.859,278528,20480,219.60,30555.87,32064.02,60,2046179,2277984,10205011968,27298762752
2025-05-14 06:20:05,46.949,4.315,24576,32768,169.70,30555.87,32064.02,60,2046394,2278200,10205032448,27298779136
2025-05-14 06:20:05,43.531,4.154,0,0,159.70,30555.87,32064.02,60,2046595,2278401,10205032448,27298779136
2025-05-14 06:20:06,42.884,4.085,0,0,159.70,30555.87,32064.02,60,2046796,2278602,10205032448,27298779136
2025-05-14 06:20:06,44.138,4.179,28672,0,159.70,30555.87,32064.02,60,2047005,2278807,10205061120,27298779136
2025-05-14 06:20:06,43.716,4.164,0,0,169.70,30555.87,32064.02,60,2047205,2279007,10205061120,27298779136
2025-05-14 06:20:06,45.394,4.153,0,0,159.70,30555.87,32064.02,60,2047406,2279208,10205061120,27298779136
2025-05-14 06:20:06,43.352,3.998,0,0,199.60,30555.87,32064.02,60,2047624,2279425,10205212672,27298791424
2025-05-14 06:20:07,44.068,4.205,614400,12288,209.60,30555.87,32064.02,60,2047894,2279672,10205786112,27298791424
2025-05-14 06:20:07,42.792,3.847,110592,0,159.70,30555.87,32064.02,60,2048096,2279874,10205786112,27298791424
2025-05-14 06:20:07,42.638,3.943,0,0,159.80,30555.87,32064.02,60,2048297,2280075,10205786112,27298791424
2025-05-14 06:20:07,44.997,3.933,0,0,159.70,30555.87,32064.02,60,2048498,2280276,10205786112,27298791424
2025-05-14 06:20:07,42.394,3.917,0,0,149.70,30555.87,32064.02,60,2048699,2280477,10205786112,27298791424
2025-05-14 06:20:08,42.202,3.795,0,12288,219.60,30555.87,32064.02,60,2048942,2280710,10205904896,27298803712
2025-05-14 06:20:08,41.313,3.958,118784,0,69.90,30555.87,32064.02,60,2049147,2280914,10205904896,27298803712
2025-05-14 06:20:08,40.481,4.033,0,0,79.90,30555.87,32064.02,60,2049346,2281113,10205904896,27298803712
2025-05-14 06:20:08,41.810,3.752,0,0,139.70,30555.87,32064.02,60,2049547,2281314,10205904896,27298803712
2025-05-14 06:20:08,38.117,3.792,0,0,59.90,30555.87,32064.02,60,2049748,2281515,10205904896,27298803712
2025-05-14 06:20:09,39.277,3.800,0,0,49.90,30555.87,32064.02,60,2049952,2281718,10205904896,27298803712
2025-05-14 06:20:09,42.840,3.801,0,0,89.80,30555.87,32064.02,60,2050154,2281920,10205904896,27298803712
2025-05-14 06:20:09,41.578,4.083,0,0,159.70,30555.87,32064.02,60,2050398,2282151,10205929472,27298832384
2025-05-14 06:20:09,43.319,3.981,24576,32768,139.80,30555.87,32064.02,60,2050602,2282356,10205929472,27298836480
2025-05-14 06:20:09,41.261,3.756,98304,0,139.70,30555.87,32064.02,60,2050862,2282610,10206048256,27298893824
2025-05-14 06:20:10,39.433,3.810,20480,57344,89.80,30555.87,32064.02,60,2051069,2282815,10206085120,27298893824
2025-05-14 06:20:10,41.313,3.786,53248,0,69.90,30555.87,32064.02,60,2051287,2283029,10206101504,27298893824
2025-05-14 06:20:10,42.673,3.975,4096,0,109.80,30555.87,32064.02,60,2051476,2283216,10206130176,27298893824
2025-05-14 06:20:10,46.629,4.182,5246976,0,179.60,30555.87,32064.02,60,2051743,2283460,10211352576,27298893824
2025-05-14 06:20:10,44.559,4.028,0,4096,79.90,30555.87,32064.02,60,2052102,2283769,10212872192,27298897920
2025-05-14 06:20:11,41.360,4.119,6090752,0,69.90,30555.87,32064.02,60,2052713,2284244,10217443328,27298897920
2025-05-14 06:20:11,38.926,3.914,32768,0,99.80,30555.87,32064.02,60,2052926,2284458,10217476096,27298930688
2025-05-14 06:20:11,42.843,4.087,36864,1523712,59.90,30555.87,32064.02,60,2053350,2284964,10217521152,27300421632
2025-05-14 06:20:11,44.091,3.857,8192,0,59.90,30555.87,32064.02,60,2053551,2285165,10217521152,27300421632
2025-05-14 06:20:11,38.107,3.776,0,0,69.90,30555.87,32064.02,60,2053752,2285366,10217521152,27300421632
2025-05-14 06:20:12,38.204,3.805,0,8192,59.90,30555.87,32064.02,60,2053960,2285576,10217521152,27300429824
2025-05-14 06:20:12,39.332,3.808,0,0,59.90,30555.87,32064.02,60,2054161,2285777,10217521152,27300429824
2025-05-14 06:20:12,41.693,3.771,0,0,49.90,30555.87,32064.02,60,2054361,2285977,10217521152,27300429824
2025-05-14 06:20:12,46.191,3.863,0,0,49.90,30555.87,32064.02,60,2054563,2286179,10217521152,27300429824
2025-05-14 06:20:13,40.987,3.797,0,0,109.90,30555.87,32064.02,60,2054764,2286380,10217521152,27300429824
2025-05-14 06:20:13,41.818,3.872,0,0,79.80,30555.87,32064.02,60,2054965,2286581,10217521152,27300429824
2025-05-14 06:20:13,38.167,3.768,0,0,49.90,30555.87,32064.02,60,2055166,2286782,10217521152,27300429824
2025-05-14 06:20:13,40.271,3.819,0,0,59.90,30555.87,32064.02,60,2055364,2286980,10217521152,27300429824
2025-05-14 06:20:13,39.830,3.821,0,0,59.90,30555.87,32064.02,60,2055565,2287181,10217521152,27300429824
2025-05-14 06:20:14,38.958,3.865,28672,0,69.90,30555.87,32064.02,60,2055787,2287396,10217549824,27300429824
2025-05-14 06:20:14,39.612,3.851,0,0,179.70,30555.87,32064.02,60,2056124,2287688,10218467328,27300429824
2025-05-14 06:20:14,40.982,4.027,1392640,0,69.90,30555.87,32064.02,60,2056361,2287913,10218946560,27300429824
2025-05-14 06:20:14,38.341,3.738,4096,0,49.90,30555.87,32064.02,60,2056561,2288113,10218946560,27300429824
2025-05-14 06:20:14,41.783,3.816,0,0,39.90,30555.87,32064.02,60,2056762,2288314,10218946560,27300429824
2025-05-14 06:20:15,37.599,3.742,0,0,79.90,30555.87,32064.02,60,2056964,2288516,10218946560,27300429824
2025-05-14 06:20:15,37.175,3.688,0,0,59.90,30555.87,32064.02,60,2057165,2288717,10218946560,27300429824
2025-05-14 06:20:15,37.465,3.722,0,0,79.90,30555.87,32064.02,60,2057389,2288950,10218946560,27300544512
2025-05-14 06:20:15,39.596,3.814,0,114688,59.90,30555.87,32064.02,60,2057591,2289152,10218946560,27300544512
2025-05-14 06:20:15,38.290,3.739,0,0,59.90,30555.87,32064.02,60,2057794,2289356,10218946560,27300589568
2025-05-14 06:20:16,40.383,3.901,16384,77824,79.90,30555.87,32064.02,60,2058024,2289590,10218962944,27300626432
2025-05-14 06:20:16,39.087,3.844,0,4096,69.90,30555.87,32064.02,60,2058229,2289794,10218995712,27300626432
2025-05-14 06:20:16,38.221,3.901,143360,0,149.80,30555.87,32064.02,60,2058460,2290015,10219143168,27300626432
2025-05-14 06:20:16,44.366,4.493,36864,36864,169.70,30555.87,32064.02,60,2058722,2290271,10219192320,27300700160
2025-05-14 06:20:16,47.770,4.373,90112,36864,189.60,30555.87,32064.02,60,2058935,2290476,10219270144,27300700160
2025-05-14 06:20:17,46.762,4.263,49152,0,369.40,30555.87,32064.02,60,2059343,2290855,10219343872,27300876288
2025-05-14 06:20:17,44.480,4.767,65536,278528,269.50,30555.87,32064.02,60,2059699,2291207,10219347968,27301048320
2025-05-14 06:20:17,44.821,4.806,0,143360,349.30,30555.87,32064.02,60,2060077,2291570,10219372544,27301199872
2025-05-14 06:20:17,48.494,5.505,430080,290816,728.50,30555.87,32064.02,60,2061327,2292625,10219778048,27302187008
2025-05-14 06:20:17,51.226,5.648,4096,1355776,708.60,30555.87,32064.02,60,2062291,2293470,10219839488,27303067648
2025-05-14 06:20:18,52.292,6.168,200704,446464,529.00,30555.87,32064.02,60,2063368,2294365,10220142592,27303579648
2025-05-14 06:20:18,51.526,5.552,286720,610304,618.80,30555.87,32064.02,60,2064137,2295164,10220290048,27304550400
2025-05-14 06:20:18,50.081,5.440,159744,1753088,678.50,30555.87,32064.02,60,2064984,2296096,10220535808,27306024960
2025-05-14 06:20:18,50.686,5.686,122880,954368,469.00,30555.87,32064.02,60,2065676,2296858,10220589056,27307134976
2025-05-14 06:20:18,49.067,4.746,36864,1433600,509.00,30555.87,32064.02,60,2066244,2297548,10220589056,27308204032
2025-05-14 06:20:19,47.399,4.578,0,507904,479.00,30555.87,32064.02,60,2066823,2298219,10220589056,27308834816
2025-05-14 06:20:19,47.820,5.033,0,651264,548.90,30555.87,32064.02,60,2067443,2298967,10220597248,27309776896
2025-05-14 06:20:19,47.662,5.138,8192,970752,449.10,30555.87,32064.02,60,2067964,2299580,10220597248,27310292992
2025-05-14 06:20:19,46.893,4.539,0,458752,349.40,30555.87,32064.02,60,2068397,2300094,10220597248,27310710784
2025-05-14 06:20:19,47.330,4.627,0,348160,459.20,30555.87,32064.02,60,2068726,2300470,10220597248,27310903296
2025-05-14 06:20:20,46.401,4.594,0,53248,598.90,30555.87,32064.02,60,2069180,2300930,10220601344,27311480832
2025-05-14 06:20:20,47.608,5.114,4096,847872,449.10,30555.87,32064.02,60,2069695,2301538,10220601344,27311992832
2025-05-14 06:20:20,46.619,4.554,0,397312,449.10,30555.87,32064.02,60,2070169,2302106,10220601344,27312455680
2025-05-14 06:20:20,45.557,4.532,0,442368,409.30,30555.87,32064.02,60,2070491,2302475,10220601344,27312644096
2025-05-14 06:20:20,46.078,4.482,0,4096,439.20,30555.89,32064.02,60,2070696,2302681,10220601344,27312648192
2025-05-14 06:20:21,47.009,4.544,0,20480,479.20,30555.89,32064.02,60,2070927,2302912,10220617728,27312685056
2025-05-14 06:20:21,47.180,5.089,32768,118784,489.10,30555.89,32064.02,60,2071200,2303180,10220634112,27312787456
2025-05-14 06:20:21,46.961,5.244,0,0,509.10,30555.89,32064.02,60,2071402,2303382,10220634112,27312787456
2025-05-14 06:20:21,46.503,5.124,0,4947968,439.20,30555.89,32064.02,60,2071894,2303946,10220634112,27317796864
2025-05-14 06:20:21,47.385,5.158,0,61440,409.30,30555.89,32064.02,60,2072095,2304147,10220634112,27317796864
2025-05-14 06:20:22,46.615,4.917,0,0,509.10,30555.89,32064.02,60,2072325,2304385,10220634112,27317882880
2025-05-14 06:20:22,45.917,5.345,0,303104,369.30,30555.89,32064.02,60,2072814,2304971,10220634112,27318349824
2025-05-14 06:20:22,43.973,5.330,0,495616,449.10,30555.89,32064.02,60,2073295,2305550,10220634112,27318788096
2025-05-14 06:20:22,47.003,5.393,49152,348160,379.30,30555.89,32064.02,60,2073752,2306073,10220691456,27319144448
2025-05-14 06:20:22,46.321,5.108,8192,434176,449.10,30555.89,32064.02,60,2074224,2306634,10220695552,27319595008
2025-05-14 06:20:23,46.429,4.848,4096,409600,429.20,30555.89,32064.02,60,2074682,2307179,10220695552,27319967744
2025-05-14 06:20:23,46.663,4.600,0,397312,469.20,30555.89,32064.02,60,2075151,2307741,10220695552,27320360960
2025-05-14 06:20:23,47.605,4.849,0,311296,369.30,30555.89,32064.02,60,2075586,2308265,10220740608,27322195968
2025-05-14 06:20:23,46.193,4.941,45056,1839104,389.30,30555.89,32064.02,60,2075997,2308751,10220740608,27322527744
2025-05-14 06:20:23,47.607,5.029,0,528384,419.20,30555.89,32064.02,60,2076432,2309243,10220756992,27322961920
2025-05-14 06:20:24,46.013,5.124,16384,131072,419.20,30555.89,32064.02,60,2076672,2309482,10220761088,27323011072
2025-05-14 06:20:24,47.281,5.147,40960,16384,459.00,30555.89,32064.02,60,2077008,2309847,10220802048,27323183104
2025-05-14 06:20:24,46.971,5.410,430080,364544,469.10,30555.89,32064.02,60,2077529,2310432,10221228032,27323547648
2025-05-14 06:20:24,47.114,5.031,0,348160,399.30,30555.89,32064.02,60,2077797,2310726,10221228032,27323723776
2025-05-14 06:20:24,47.048,4.941,16384,16384,469.00,30555.89,32064.02,60,2078058,2310977,10221285376,27323748352
2025-05-14 06:20:25,46.852,5.259,40960,12288,399.20,30555.89,32064.02,60,2078273,2311192,10221285376,27323752448
2025-05-14 06:20:25,45.373,5.038,565248,0,409.20,30556.34,32064.02,60,2078737,2311772,10221850624,27329298432
2025-05-14 06:20:25,46.061,4.980,0,5902336,559.00,30556.39,32064.02,60,2079398,2312513,10221854720,27330109440
2025-05-14 06:20:25,48.130,5.410,4096,860160,429.30,30556.39,32064.02,60,2079838,2313005,10221854720,27330584576
2025-05-14 06:20:25,46.142,5.020,0,90112,439.30,30556.39,32064.02,60,2080060,2313233,10221854720,27330609152
2025-05-14 06:20:26,47.001,5.062,0,32768,399.20,30556.39,32064.02,60,2080296,2313471,10221854720,27330650112
2025-05-14 06:20:26,46.919,4.894,8192,16384,459.20,30556.39,32064.02,60,2080615,2313827,10221862912,27330871296
2025-05-14 06:20:26,46.970,4.865,0,393216,399.30,30556.41,32064.02,60,2081001,2314273,10221867008,27331133440
2025-05-14 06:20:26,47.475,5.039,8192,86016,439.10,30556.41,32064.02,60,2081199,2314470,10221871104,27331133440
2025-05-14 06:20:26,45.720,4.919,69632,0,389.30,30556.41,32064.02,60,2081409,2314677,10221940736,27331133440
2025-05-14 06:20:27,48.338,5.557,40960,40960,309.50,30556.41,32064.02,60,2081655,2314927,10221981696,27331182592
2025-05-14 06:20:27,46.224,5.343,45056,1105920,509.00,30556.41,32064.02,60,2082540,2315990,10222088192,27332935680
2025-05-14 06:20:27,48.169,5.381,81920,1519616,469.20,30556.41,32064.02,60,2083560,2317290,10222256128,27334742016
2025-05-14 06:20:27,46.700,5.007,151552,1142784,389.20,30556.41,32064.02,60,2083836,2317589,10222272512,27334942720
2025-05-14 06:20:27,45.638,4.784,12288,4096,359.30,30556.41,32064.02,60,2084042,2317796,10222272512,27334946816
2025-05-14 06:20:28,45.685,4.800,0,0,329.40,30556.41,32064.02,60,2084252,2318007,10222276608,27334971392
2025-05-14 06:20:28,45.814,4.942,77824,24576,399.30,30556.41,32064.02,60,2084613,2318387,10222383104,27335127040
2025-05-14 06:20:28,45.285,4.898,32768,262144,439.10,30556.41,32064.02,60,2084915,2318707,10222469120,27335233536
2025-05-14 06:20:28,46.836,5.102,135168,24576,289.40,30556.41,32064.02,60,2085161,2318943,10222522368,27335258112
2025-05-14 06:20:28,45.749,4.970,81920,12288,379.30,30556.41,32064.02,60,2085441,2319214,10222628864,27335327744
2025-05-14 06:20:29,45.843,4.895,40960,57344,299.50,30556.41,32064.02,60,2085677,2319447,10222641152,27335352320
2025-05-14 06:20:29,45.284,4.757,16384,40960,349.40,30556.41,32064.02,60,2085900,2319673,10222661632,27335376896
2025-05-14 06:20:29,46.051,4.700,4096,8192,289.50,30556.41,32064.02,60,2086107,2319880,10222661632,27335380992
2025-05-14 06:20:29,45.651,4.576,0,4096,329.30,30556.41,32064.02,60,2086328,2320104,10222661632,27335413760
2025-05-14 06:20:29,44.846,4.626,0,36864,359.40,30556.41,32064.02,60,2086545,2320321,10222772224,27335426048
2025-05-14 06:20:30,46.852,4.892,434176,24576,459.20,30556.41,32064.02,60,2086856,2320601,10223259648,27335442432
2025-05-14 06:20:30,46.330,5.006,163840,16384,289.50,30556.41,32064.02,60,2087079,2320823,10223263744,27335458816
2025-05-14 06:20:30,44.529,4.866,102400,16384,319.40,30556.41,32064.02,60,2087311,2321047,10223427584,27335475200
2025-05-14 06:20:30,46.217,4.901,233472,16384,349.30,30556.41,32064.02,60,2087566,2321290,10223734784,27335491584
2025-05-14 06:20:30,47.410,5.078,262144,24576,389.30,30556.41,32064.02,60,2087839,2321545,10223968256,27335516160
2025-05-14 06:20:31,46.750,4.927,163840,86016,339.30,30556.46,32064.02,60,2088096,2321803,10224021504,27335626752
2025-05-14 06:20:31,45.203,4.649,0,40960,279.40,30556.46,32064.02,60,2088307,2322015,10224021504,27335643136
2025-05-14 06:20:31,45.416,4.705,0,0,319.40,30556.46,32064.02,60,2088509,2322219,10224021504,27335647232
2025-05-14 06:20:31,46.082,4.770,0,4096,309.40,30556.46,32064.02,60,2088713,2322426,10224021504,27335671808
2025-05-14 06:20:31,45.830,4.762,0,28672,299.40,30556.46,32064.02,60,2088916,2322630,10224021504,27335675904
2025-05-14 06:20:32,45.571,4.772,0,0,419.20,30556.46,32064.02,60,2089162,2322878,10224025600,27335835648
2025-05-14 06:20:32,47.080,4.932,4096,159744,319.40,30556.46,32064.02,60,2089362,2323078,10224025600,27335835648
2025-05-14 06:20:32,45.204,5.110,0,0,319.30,30556.46,32064.02,60,2089566,2323279,10224025600,27335835648
2025-05-14 06:20:32,49.257,5.215,0,0,289.40,30556.46,32064.02,60,2089767,2323480,10224025600,27335835648
2025-05-14 06:20:32,46.566,4.791,0,0,289.40,30556.46,32064.02,60,2089974,2323685,10224025600,27335835648
2025-05-14 06:20:33,45.324,4.837,0,0,299.50,30556.46,32064.02,60,2090191,2323898,10224029696,27335835648
2025-05-14 06:20:33,45.331,4.656,8192,36864,299.50,30556.46,32064.02,60,2090416,2324125,10224033792,27335876608
2025-05-14 06:20:33,46.026,4.827,0,4096,299.40,30556.46,32064.02,60,2090647,2324349,10224033792,27335880704
2025-05-14 06:20:33,48.530,4.686,0,12288,285.60,30556.46,32064.02,60,2090850,2324551,10224033792,27335909376
2025-05-14 06:20:33,49.243,4.790,0,28672,269.50,30556.46,32064.02,60,2091040,2324744,10224033792,27335917568
2025-05-14 06:20:34,49.291,4.855,0,45056,339.40,30556.46,32064.02,60,2091251,2324958,10224033792,27335966720
2025-05-14 06:20:34,46.173,4.833,0,53248,279.50,30556.46,32064.02,60,2091478,2325187,10224033792,27336015872
2025-05-14 06:20:34,44.635,4.935,0,94208,249.60,30556.46,32064.02,60,2091689,2325407,10224033792,27336114176
2025-05-14 06:20:34,47.126,4.806,0,8192,309.40,30556.46,32064.02,60,2091890,2325610,10224033792,27336118272
2025-05-14 06:20:34,46.865,5.090,0,0,309.40,30556.46,32064.02,60,2092099,2325819,10224033792,27336118272
2025-05-14 06:20:35,47.370,5.247,0,0,299.50,30556.46,32064.02,60,2092299,2326019,10224033792,27336118272
2025-05-14 06:20:35,45.487,5.128,0,0,299.50,30556.46,32064.02,60,2092501,2326221,10224033792,27336118272
2025-05-14 06:20:35,45.512,4.871,0,0,239.60,30556.46,32064.02,60,2092703,2326423,10224033792,27336118272
2025-05-14 06:20:35,45.528,4.884,0,0,439.10,30556.46,32064.02,60,2092902,2326622,10224033792,27336118272
2025-05-14 06:20:35,47.222,5.151,0,0,399.30,30556.46,32064.02,60,2093104,2326824,10224033792,27336118272
2025-05-14 06:20:36,46.508,4.863,0,12288,389.20,30556.46,32064.02,60,2093313,2327036,10224033792,27336130560
2025-05-14 06:20:36,46.261,4.979,0,118784,379.20,30556.46,32064.02,60,2093536,2327268,10224033792,27336249344
2025-05-14 06:20:36,45.806,4.814,0,0,319.50,30556.46,32064.02,60,2093738,2327470,10224033792,27336249344
2025-05-14 06:20:36,45.964,4.918,4096,163840,329.40,30556.46,32064.02,60,2093990,2327756,10224037888,27336413184
2025-05-14 06:20:36,46.203,4.949,0,0,359.30,30556.46,32064.02,60,2094191,2327957,10224037888,27336413184
2025-05-14 06:20:37,45.595,4.789,0,0,419.30,30556.46,32064.02,60,2094393,2328159,10224037888,27336413184
2025-05-14 06:20:37,46.670,4.548,0,0,409.20,30556.46,32064.02,60,2094592,2328358,10224037888,27336413184
2025-05-14 06:20:37,47.435,4.593,0,0,349.30,30556.46,32064.02,60,2094792,2328558,10224037888,27336413184
2025-05-14 06:20:37,45.383,4.566,0,0,379.30,30556.46,32064.02,60,2094992,2328759,10224037888,27336413184
2025-05-14 06:20:37,46.331,4.535,0,0,369.30,30556.46,32064.02,60,2095199,2328965,10224037888,27336413184
2025-05-14 06:20:38,45.889,4.449,0,0,359.30,30556.46,32064.02,60,2095400,2329166,10224037888,27336413184
2025-05-14 06:20:38,45.682,4.557,0,0,339.50,30556.46,32064.02,60,2095602,2329368,10224037888,27336413184
2025-05-14 06:20:38,45.446,4.566,0,0,439.20,30556.46,32064.02,60,2095820,2329593,10224037888,27336482816
2025-05-14 06:20:38,46.651,4.320,0,69632,459.10,30556.46,32064.02,60,2096021,2329795,10224037888,27336482816
2025-05-14 06:20:38,46.709,4.467,0,0,369.40,30556.46,32064.02,60,2096222,2329995,10224037888,27336482816
2025-05-14 06:20:39,46.109,4.501,0,0,359.30,30556.46,32064.02,60,2096435,2330205,10224062464,27336482816
2025-05-14 06:20:39,45.291,4.437,24576,28672,329.30,30556.46,32064.02,60,2096696,2330468,10224062464,27336630272
2025-05-14 06:20:39,46.241,4.502,0,118784,309.40,30556.46,32064.02,60,2096896,2330667,10224062464,27336630272
2025-05-14 06:20:39,44.819,4.473,0,24576,309.50,30556.46,32064.02,60,2097105,2330880,10224062464,27336654848
2025-05-14 06:20:39,44.791,4.517,0,0,319.40,30556.46,32064.02,60,2097306,2331081,10224062464,27336654848
2025-05-14 06:20:40,44.454,4.556,0,0,379.30,30556.46,32064.02,60,2097515,2331294,10224062464,27336679424
2025-05-14 06:20:40,45.758,4.500,0,24576,309.50,30556.46,32064.02,60,2097718,2331497,10224062464,27336679424
2025-05-14 06:20:40,45.212,4.571,0,24576,289.50,30556.46,32064.02,60,2097927,2331709,10224062464,27336704000
2025-05-14 06:20:40,44.326,4.356,0,0,289.50,30556.46,32064.02,60,2098128,2331910,10224062464,27336704000
2025-05-14 06:20:40,45.033,4.457,0,65536,359.30,30556.46,32064.02,60,2098331,2332114,10224062464,27336769536
2025-05-14 06:20:41,45.520,4.487,0,28672,339.40,30556.46,32064.02,60,2098551,2332348,10224062464,27336826880
2025-05-14 06:20:41,45.345,4.591,0,61440,289.50,30556.46,32064.02,60,2098765,2332566,10224062464,27336863744
2025-05-14 06:20:41,45.456,4.693,0,4096,339.40,30556.46,32064.02,60,2098964,2332765,10224062464,27336863744
2025-05-14 06:20:41,44.549,4.451,0,0,339.40,30556.46,32064.02,60,2099165,2332966,10224062464,27336863744
2025-05-14 06:20:41,45.483,4.558,0,69632,319.50,30556.46,32064.02,60,2099393,2333204,10224062464,27336953856
2025-05-14 06:20:42,44.894,4.484,0,20480,399.30,30556.46,32064.02,60,2099603,2333418,10224062464,27336974336
2025-05-14 06:20:42,46.370,4.671,0,20480,329.40,30556.46,32064.02,60,2099804,2333619,10224062464,27336974336
2025-05-14 06:20:42,45.804,4.752,0,0,319.40,30556.46,32064.02,60,2100003,2333818,10224062464,27336974336
2025-05-14 06:20:42,45.341,4.520,0,24576,289.40,30556.46,32064.02,60,2100214,2334032,10224062464,27336998912
2025-05-14 06:20:43,44.167,4.487,0,0,269.50,30556.46,32064.02,60,2100424,2334245,10224062464,27337019392
2025-05-14 06:20:43,44.517,4.399,0,20480,299.40,30556.46,32064.02,60,2100622,2334443,10224062464,27337019392
2025-05-14 06:20:43,45.023,4.462,0,0,379.30,30556.46,32064.02,60,2100832,2334662,10224062464,27337138176
2025-05-14 06:20:43,47.511,4.817,0,118784,319.40,30556.46,32064.02,60,2101042,2334875,10224062464,27337166848
2025-05-14 06:20:43,45.425,4.624,0,49152,359.40,30556.46,32064.02,60,2101266,2335105,10224062464,27337207808
2025-05-14 06:20:44,48.615,5.156,0,110592,299.40,30556.46,32064.02,60,2101511,2335365,10224062464,27337326592
2025-05-14 06:20:44,48.301,4.678,0,28672,349.40,30556.46,32064.02,60,2101715,2335570,10224062464,27337338880
2025-05-14 06:20:44,46.311,4.684,0,20480,279.50,30556.46,32064.02,60,2101937,2335797,10224062464,27337367552
2025-05-14 06:20:44,44.650,4.567,0,20480,279.50,30556.46,32064.02,60,2102119,2335979,10224062464,27337367552
2025-05-14 06:20:44,47.519,4.651,0,0,329.70,30556.46,32064.02,60,2102332,2336196,10224062464,27337400320
2025-05-14 06:20:45,46.148,4.706,0,32768,289.50,30556.46,32064.02,60,2102538,2336405,10224062464,27337420800
2025-05-14 06:20:45,46.541,4.872,0,20480,339.30,30556.46,32064.02,60,2102740,2336607,10224062464,27337420800
2025-05-14 06:20:45,46.396,4.773,0,4096,289.50,30556.46,32064.02,60,2102944,2336812,10224062464,27337424896
2025-05-14 06:20:45,45.314,4.567,0,0,249.50,30556.46,32064.02,60,2103144,2337012,10224062464,27337424896
2025-05-14 06:20:45,47.103,4.434,0,0,299.50,30556.46,32064.02,60,2103371,2337246,10224062464,27337494528
2025-05-14 06:20:46,45.742,4.602,0,69632,239.60,30556.46,32064.02,60,2103576,2337451,10224062464,27337494528
2025-05-14 06:20:46,44.029,4.657,0,4096,279.50,30556.46,32064.02,60,2103779,2337659,10224062464,27337498624
2025-05-14 06:20:46,44.836,4.750,0,0,349.40,30556.46,32064.02,60,2103976,2337856,10224062464,27337498624
2025-05-14 06:20:46,47.038,4.839,0,0,369.40,30556.46,32064.02,60,2104172,2338052,10224062464,27337498624
2025-05-14 06:20:46,47.222,4.822,0,0,359.30,30556.46,32064.02,60,2104370,2338250,10224062464,27337498624
2025-05-14 06:20:47,46.107,4.786,0,12288,339.40,30556.46,32064.02,60,2104578,2338460,10224062464,27337510912
2025-05-14 06:20:47,46.484,4.816,0,118784,319.30,30556.46,32064.02,60,2104802,2338692,10224062464,27337629696
2025-05-14 06:20:47,45.362,4.619,0,0,309.40,30556.46,32064.02,60,2105003,2338893,10224062464,27337629696
2025-05-14 06:20:47,45.992,4.593,0,0,339.40,30556.46,32064.02,60,2105202,2339092,10224062464,27337629696
2025-05-14 06:20:47,45.282,4.713,0,0,339.30,30556.46,32064.02,60,2105408,2339300,10224062464,27337641984
2025-05-14 06:20:48,45.546,4.637,0,12288,279.40,30556.46,32064.02,60,2105609,2339501,10224062464,27337641984
2025-05-14 06:20:48,45.466,4.707,0,0,289.50,30556.46,32064.02,60,2105811,2339703,10224062464,27337641984
2025-05-14 06:20:48,45.411,4.696,0,0,309.50,30556.46,32064.02,60,2106012,2339904,10224062464,27337641984
2025-05-14 06:20:48,44.197,4.650,0,0,299.50,30556.46,32064.02,60,2106214,2340106,10224062464,27337641984
2025-05-14 06:20:48,44.884,4.558,0,0,319.50,30556.46,32064.02,60,2106415,2340307,10224062464,27337641984
2025-05-14 06:20:49,44.939,4.505,0,0,289.50,30556.46,32064.02,60,2106616,2340508,10224062464,27337641984
2025-05-14 06:20:49,44.577,4.640,0,0,289.50,30556.46,32064.02,60,2106818,2340710,10224062464,27337641984
2025-05-14 06:20:49,45.458,4.445,0,24576,339.40,30556.46,32064.02,60,2107039,2340940,10224062464,27337736192
2025-05-14 06:20:49,45.150,4.546,0,69632,329.40,30556.46,32064.02,60,2107242,2341143,10224062464,27337736192
2025-05-14 06:20:49,45.336,4.528,0,0,329.40,30556.46,32064.02,60,2107449,2341348,10224070656,27337736192
2025-05-14 06:20:50,45.649,4.582,8192,40960,319.40,30556.46,32064.02,60,2107676,2341579,10224070656,27337789440
2025-05-14 06:20:50,43.491,4.621,0,16384,279.50,30556.46,32064.02,60,2107884,2341788,10224070656,27337793536
2025-05-14 06:20:50,45.114,4.545,0,0,349.60,30556.46,32064.02,60,2108085,2341989,10224070656,27337793536
2025-05-14 06:20:50,45.166,4.527,0,0,349.40,30556.46,32064.02,60,2108288,2342192,10224070656,27337793536
2025-05-14 06:20:50,45.323,4.599,0,65536,299.40,30556.46,32064.02,60,2108491,2342396,10224070656,27337859072
2025-05-14 06:20:51,45.050,4.537,0,0,309.50,30556.46,32064.02,60,2108689,2342594,10224070656,27337859072
2025-05-14 06:20:51,44.534,4.672,0,20480,299.40,30556.46,32064.02,60,2108898,2342807,10224070656,27337879552
2025-05-14 06:20:51,44.979,4.746,0,0,329.40,30556.46,32064.02,60,2109099,2343008,10224070656,27337879552
2025-05-14 06:20:51,44.991,4.679,0,0,339.40,30556.46,32064.02,60,2109296,2343205,10224070656,27337879552
2025-05-14 06:20:51,45.816,4.602,0,0,289.50,30556.46,32064.02,60,2109497,2343406,10224070656,27337879552
2025-05-14 06:20:52,44.556,4.600,0,0,349.40,30556.46,32064.02,60,2109699,2343608,10224070656,27337879552
2025-05-14 06:20:52,46.058,4.700,0,0,309.50,30556.46,32064.02,60,2109889,2343798,10224070656,27337879552
2025-05-14 06:20:52,46.842,4.899,0,0,329.30,30556.46,32064.02,60,2110083,2343991,10224103424,27337879552
2025-05-14 06:20:52,47.762,4.982,32768,0,299.40,30556.46,32064.02,60,2110262,2344170,10224103424,27337879552
2025-05-14 06:20:52,48.444,4.892,0,0,309.50,30556.46,32064.02,60,2110461,2344369,10224103424,27337879552
2025-05-14 06:20:53,46.891,4.832,0,0,299.40,30556.46,32064.02,60,2110662,2344570,10224103424,27337879552
2025-05-14 06:20:53,44.802,4.779,0,0,289.50,30556.46,32064.02,60,2110861,2344769,10224103424,27337879552
2025-05-14 06:20:53,46.982,4.921,0,0,309.50,30556.46,32064.02,60,2111084,2345003,10224103424,27337932800
2025-05-14 06:20:53,47.489,4.890,0,53248,259.50,30556.46,32064.02,60,2111260,2345179,10224103424,27337932800
2025-05-14 06:20:53,49.629,4.839,0,0,209.60,30556.46,32064.02,60,2111451,2345370,10224103424,27337932800
2025-05-14 06:20:54,48.905,4.574,0,0,279.50,30556.46,32064.02,60,2111646,2345565,10224103424,27337932800
2025-05-14 06:20:54,45.800,4.780,0,0,279.50,30556.46,32064.02,60,2111848,2345767,10224103424,27337932800
2025-05-14 06:20:54,44.459,4.645,0,0,289.50,30556.46,32064.02,60,2112049,2345968,10224103424,27337932800
2025-05-14 06:20:54,45.942,4.516,0,0,309.40,30556.46,32064.02,60,2112253,2346172,10224103424,27337932800
2025-05-14 06:20:54,45.614,4.839,0,0,269.60,30556.46,32064.02,60,2112453,2346372,10224103424,27337932800
2025-05-14 06:20:55,45.689,4.815,0,0,329.40,30556.46,32064.02,60,2112652,2346571,10224103424,27337932800
2025-05-14 06:20:55,46.192,4.821,0,0,289.50,30556.46,32064.02,60,2112856,2346775,10224103424,27337932800
2025-05-14 06:20:55,43.433,4.685,0,8192,269.50,30556.46,32064.02,60,2113068,2346989,10224103424,27337945088
2025-05-14 06:20:55,46.477,4.587,0,4096,279.50,30556.46,32064.02,60,2113268,2347189,10224103424,27337945088
2025-05-14 06:20:55,45.314,4.492,0,0,369.30,30556.46,32064.02,60,2113470,2347391,10224103424,27337945088
2025-05-14 06:20:56,45.510,4.504,0,0,449.20,30556.46,32064.02,60,2113671,2347592,10224103424,27337945088
2025-05-14 06:20:56,47.084,4.479,0,12288,419.20,30556.46,32064.02,60,2113878,2347802,10224103424,27337957376
2025-05-14 06:20:56,46.863,4.375,0,0,429.30,30556.46,32064.02,60,2114079,2348003,10224103424,27337957376
2025-05-14 06:20:56,47.120,4.436,0,0,469.20,30556.46,32064.02,60,2114279,2348204,10224103424,27337957376
2025-05-14 06:20:56,47.345,4.550,0,0,389.30,30556.46,32064.02,60,2114484,2348408,10224103424,27337957376
2025-05-14 06:20:57,46.815,4.531,0,0,389.30,30556.46,32064.02,60,2114685,2348609,10224103424,27337957376
2025-05-14 06:20:57,45.359,4.705,0,0,389.40,30556.46,32064.02,60,2114885,2348809,10224103424,27337957376
2025-05-14 06:20:57,46.368,4.646,0,0,399.30,30556.46,32064.02,60,2115089,2349013,10224103424,27337957376
2025-05-14 06:20:57,46.863,4.651,0,0,469.20,30556.46,32064.02,60,2115290,2349214,10224103424,27337957376
2025-05-14 06:20:57,47.302,4.748,0,0,409.30,30556.46,32064.02,60,2115492,2349416,10224103424,27337957376
2025-05-14 06:20:58,46.689,4.775,0,0,369.40,30556.46,32064.02,60,2115693,2349617,10224103424,27337957376
2025-05-14 06:20:58,47.035,4.831,0,0,429.20,30556.46,32064.02,60,2115894,2349818,10224103424,27337957376
2025-05-14 06:20:58,47.156,4.670,0,0,459.10,30556.46,32064.02,60,2116096,2350020,10224103424,27337957376
2025-05-14 06:20:58,47.659,4.697,0,0,449.20,30556.46,32064.02,60,2116295,2350219,10224103424,27337957376
2025-05-14 06:20:58,47.532,4.892,0,0,429.20,30556.46,32064.02,60,2116497,2350421,10224103424,27337957376
2025-05-14 06:20:59,46.748,4.665,0,0,429.20,30556.46,32064.02,60,2116697,2350621,10224103424,27337957376
2025-05-14 06:20:59,46.601,4.643,0,0,399.30,30556.46,32064.02,60,2116898,2350822,10224103424,27337957376
2025-05-14 06:20:59,46.929,4.513,0,0,439.20,30556.46,32056.02,55,2117098,2351021,10224103424,27337957376
2025-05-14 06:20:59,47.377,4.804,0,40960,429.20,30556.46,32056.02,55,2117326,2351256,10224103424,27338022912
2025-05-14 06:20:59,46.427,4.867,0,53248,439.20,30556.46,32056.02,55,2117549,2351486,10224103424,27338096640
2025-05-14 06:21:00,47.146,4.777,0,49152,489.10,30556.46,32056.02,55,2117793,2351730,10224103424,27338170368
2025-05-14 06:21:00,47.611,4.905,0,196608,558.90,30556.46,32056.02,55,2118127,2352071,10224103424,27338432512
2025-05-14 06:21:00,49.184,4.828,0,344064,548.90,30556.46,32056.02,55,2118441,2352409,10224103424,27338911744
2025-05-14 06:21:00,48.165,4.830,0,319488,489.20,30556.46,32056.02,55,2118712,2352688,10224103424,27339116544
2025-05-14 06:21:00,49.731,5.316,0,348160,509.10,30556.46,32056.02,55,2119001,2353001,10224103424,27339472896
2025-05-14 06:21:01,50.248,5.634,0,327680,548.80,30556.46,32056.02,55,2119300,2353321,10224103424,27339808768
2025-05-14 06:21:01,50.126,5.410,0,405504,569.50,30556.46,32056.02,55,2119589,2353642,10224103424,27340230656
2025-05-14 06:21:01,50.016,5.354,0,385024,429.20,30556.46,32056.02,55,2119866,2353949,10224103424,27340595200
2025-05-14 06:21:01,48.901,4.789,0,344064,429.20,30556.46,32056.02,55,2120126,2354226,10224103424,27340922880
2025-05-14 06:21:01,49.619,4.935,0,307200,588.90,30556.46,32056.02,55,2120420,2354529,10224103424,27341295616
2025-05-14 06:21:02,50.072,5.213,0,454656,649.00,30556.46,32056.02,55,2120734,2354847,10224103424,27341762560
2025-05-14 06:21:02,51.425,5.381,0,507904,489.20,30556.46,32056.02,55,2121057,2355170,10224103424,27342237696
2025-05-14 06:21:02,49.115,5.355,0,520192,608.80,30556.46,32056.02,55,2121320,2355451,10224103424,27343024128
2025-05-14 06:21:02,50.744,5.162,0,839680,588.90,30556.46,32056.02,55,2121731,2355913,10224103424,27344105472
2025-05-14 06:21:02,50.352,5.409,0,1355776,748.50,30556.46,32056.02,55,2122151,2356362,10224103424,27345338368
2025-05-14 06:21:03,50.826,5.671,0,1220608,758.50,30556.46,32056.02,55,2122514,2356771,10224103424,27346468864
2025-05-14 06:21:03,51.679,5.574,0,1200128,738.50,30556.46,32056.02,55,2122904,2357225,10224103424,27347836928
2025-05-14 06:21:03,50.675,5.355,0,1249280,718.70,30556.46,32056.02,55,2123217,2357559,10224103424,27348946944
2025-05-14 06:21:03,50.906,5.425,0,2519040,678.60,30556.46,32056.02,55,2124359,2359458,10224103424,27362742272
2025-05-14 06:21:03,50.691,5.179,0,12627968,688.60,30556.46,32056.02,55,2124893,2360103,10224103424,27364392960
2025-05-14 06:21:04,50.578,4.904,0,1716224,379.20,30556.46,32056.02,55,2125512,2360870,10224107520,27366113280
2025-05-14 06:21:04,44.326,4.364,4096,1191936,169.70,30556.46,32056.02,55,2125841,2361243,10224107520,27366649856
2025-05-14 06:21:04,42.157,4.201,0,266240,189.60,30556.46,32056.02,55,2126117,2361544,10224107520,27366973440
2025-05-14 06:21:04,45.177,4.526,0,438272,618.90,30556.46,32056.02,55,2126431,2361898,10224107520,27367301120
2025-05-14 06:21:04,45.841,4.464,0,114688,149.70,30556.46,32056.02,55,2126641,2362111,10224107520,27367333888
2025-05-14 06:21:05,41.841,4.192,0,98304,149.70,30556.46,32056.02,55,2126845,2362316,10224107520,27367399424
2025-05-14 06:21:05,41.457,4.138,0,45056,139.80,30556.46,32056.02,55,2127067,2362545,10224107520,27367477248
2025-05-14 06:21:05,42.144,4.178,0,32768,159.80,30556.46,32056.02,55,2127269,2362747,10224107520,27367477248
2025-05-14 06:21:05,42.769,4.209,0,57344,159.70,30556.46,32056.02,55,2127511,2363004,10224107520,27367616512
2025-05-14 06:21:05,41.543,4.187,0,131072,149.70,30556.46,32056.02,55,2127730,2363229,10224107520,27367665664
2025-05-14 06:21:06,41.973,4.088,0,0,159.70,30556.46,32056.02,55,2127937,2363438,10224107520,27367694336
2025-05-14 06:21:06,41.821,4.167,0,61440,109.80,30556.46,32056.02,55,2128159,2363667,10224107520,27367743488
2025-05-14 06:21:06,38.588,3.763,0,16384,79.90,30556.46,32056.02,55,2128366,2363876,10224107520,27367763968
2025-05-14 06:21:06,37.264,3.739,0,57344,69.90,30556.46,32056.02,55,2128579,2364093,10224107520,27367800832
2025-05-14 06:21:06,36.758,3.711,0,0,59.90,30556.46,32056.02,55,2128780,2364294,10224107520,27367800832
2025-05-14 06:21:07,37.459,3.632,0,0,69.90,30556.46,32056.02,55,2128981,2364495,10224107520,27367800832
2025-05-14 06:21:07,36.642,3.641,0,0,139.80,30556.46,32056.02,55,2129199,2364707,10224107520,27367800832
2025-05-14 06:21:07,42.438,4.046,8192,53248,259.60,30556.46,32056.02,55,2129470,2364963,10224201728,27367854080
2025-05-14 06:21:07,44.787,4.211,94208,24576,519.10,30556.46,32056.02,55,2130306,2366133,10224209920,27376558080
2025-05-14 06:21:07,48.409,5.171,704512,13422592,499.00,30556.46,32056.02,55,2131111,2367247,10225364992,27381547008
2025-05-14 06:21:08,47.827,5.116,602112,446464,529.10,30556.46,32056.02,55,2131632,2367730,10225889280,27382067200
2025-05-14 06:21:08,48.511,5.210,958464,606208,558.90,30556.46,32056.02,55,2132144,2368190,10226761728,27382665216
2025-05-14 06:21:08,47.844,5.341,671744,729088,539.00,30556.46,32056.02,55,2132695,2368690,10227421184,27383398400
2025-05-14 06:21:08,48.687,5.423,307200,753664,479.10,30556.46,32056.02,55,2133142,2369142,10227527680,27384160256
2025-05-14 06:21:08,48.292,5.057,73728,851968,618.80,30556.46,32056.02,55,2133648,2369653,10227531776,27385081856
2025-05-14 06:21:09,49.081,5.477,28672,761856,708.80,30556.46,32056.02,55,2134383,2370264,10227556352,27385802752
2025-05-14 06:21:09,51.987,5.968,0,843776,548.90,30556.46,32056.02,55,2134942,2370813,10227560448,27386720256
2025-05-14 06:21:09,51.040,5.477,4096,815104,449.10,30556.46,32056.02,55,2135296,2371202,10227572736,27387449344
2025-05-14 06:21:09,50.699,5.313,16384,692224,668.60,30556.46,32056.02,55,2135729,2371683,10227576832,27388293120
2025-05-14 06:21:09,49.941,5.388,0,1019904,668.60,30556.46,32056.02,55,2136264,2372241,10227576832,27389337600
2025-05-14 06:21:10,50.929,5.977,0,1105920,668.70,30556.46,32056.02,55,2137011,2372958,10227580928,27390517248
2025-05-14 06:21:10,50.668,5.778,4096,1146880,618.80,30556.46,32056.02,55,2137456,2373478,10227580928,27391533056
2025-05-14 06:21:10,51.170,6.245,0,892928,479.10,30556.46,32056.02,55,2137757,2373818,10227585024,27392159744
2025-05-14 06:21:10,49.931,5.234,4096,475136,459.20,30556.46,32056.02,55,2138048,2374152,10227585024,27392696320
2025-05-14 06:21:10,50.220,5.168,0,872448,758.40,30556.46,32056.02,55,2138716,2374879,10227593216,27394093056
2025-05-14 06:21:11,51.727,5.730,8192,1560576,728.50,30556.46,32056.02,55,2139306,2375567,10227593216,27395526656
2025-05-14 06:21:11,50.964,5.639,8192,1425408,588.90,30556.46,32056.02,55,2139953,2376292,10227847168,27397144576
2025-05-14 06:21:11,48.909,5.025,368640,1429504,429.30,30556.46,32056.02,55,2140508,2376887,10228711424,27398131712
2025-05-14 06:21:11,47.642,4.887,765952,593920,599.00,30556.46,32056.02,55,2140973,2377371,10228760576,27398709248
2025-05-14 06:21:11,50.224,5.666,344064,13262848,718.60,30556.46,32056.02,55,2142186,2379163,10229112832,27412316160
2025-05-14 06:21:12,50.696,5.297,36864,1339392,169.70,30556.46,32056.02,55,2142558,2379576,10229116928,27412996096
2025-05-14 06:21:12,40.311,3.883,0,81920,79.90,30556.46,32056.02,55,2142771,2379791,10229116928,27413016576
2025-05-14 06:21:12,37.051,3.681,0,8192,59.90,30556.46,32056.02,55,2142971,2379991,10229116928,27413016576
2025-05-14 06:21:12,39.189,3.742,0,0,69.90,30556.46,32056.02,55,2143172,2380192,10229116928,27413016576
2025-05-14 06:21:12,36.426,3.671,0,0,59.90,30556.46,32056.02,55,2143374,2380394,10229116928,27413016576
2025-05-14 06:21:13,37.023,3.786,0,0,59.90,30556.46,32056.02,55,2143575,2380595,10229116928,27413016576
2025-05-14 06:21:13,37.719,3.838,565248,0,159.70,30556.46,32056.02,55,2143856,2380860,10229682176,27413073920
2025-05-14 06:21:13,39.568,3.811,32768,65536,69.90,30556.46,32056.02,55,2144069,2381071,10229714944,27413082112
2025-05-14 06:21:13,37.011,3.725,0,0,79.90,30556.46,32056.02,55,2144270,2381272,10229714944,27413082112
2025-05-14 06:21:13,36.459,3.696,0,0,79.90,30556.46,32056.02,55,2144471,2381473,10229714944,27413082112
2025-05-14 06:21:14,37.235,3.708,0,0,69.90,30556.46,32056.02,55,2144673,2381675,10229714944,27413082112
2025-05-14 06:21:14,36.344,3.684,0,0,249.60,30556.46,32056.02,55,2144886,2381884,10229714944,27413082112
2025-05-14 06:21:14,42.470,4.041,0,16384,159.70,30556.46,32056.02,55,2145092,2382092,10229714944,27413106688
2025-05-14 06:21:14,42.119,3.915,0,8192,179.70,30556.46,32056.02,55,2145293,2382293,10229714944,27413106688
2025-05-14 06:21:15,42.364,3.909,0,12288,189.60,30556.46,32056.02,55,2145503,2382506,10229714944,27413118976
2025-05-14 06:21:15,43.019,3.824,0,0,179.60,30556.46,32056.02,55,2145704,2382707,10229714944,27413118976
2025-05-14 06:21:15,42.088,3.889,0,0,199.60,30556.46,32056.02,55,2145905,2382908,10229714944,27413118976
2025-05-14 06:21:15,42.646,3.942,0,0,159.70,30556.46,32056.02,55,2146107,2383110,10229714944,27413118976
2025-05-14 06:21:15,42.015,3.927,0,0,179.70,30556.46,32056.02,55,2146308,2383311,10229714944,27413118976
2025-05-14 06:21:16,42.104,3.772,0,0,189.60,30556.46,32056.02,55,2146509,2383512,10229714944,27413118976
2025-05-14 06:21:16,42.753,3.784,0,0,189.70,30556.46,32056.02,55,2146710,2383713,10229714944,27413118976
2025-05-14 06:21:16,42.311,3.752,0,0,189.70,30556.46,32056.02,55,2146912,2383915,10229714944,27413118976
2025-05-14 06:21:16,42.861,3.773,0,0,199.70,30556.46,32056.02,55,2147101,2384104,10229714944,27413118976
2025-05-14 06:21:16,43.034,3.763,0,0,189.60,30556.46,32056.02,55,2147302,2384305,10229714944,27413118976
2025-05-14 06:21:17,42.703,3.759,0,0,179.60,30556.46,32056.02,55,2147500,2384503,10229714944,27413118976
2025-05-14 06:21:17,42.780,3.979,0,0,189.60,30556.46,32056.02,55,2147702,2384705,10229714944,27413118976
2025-05-14 06:21:17,41.998,3.847,0,0,159.70,30556.46,32056.02,55,2147912,2384912,10229768192,27413118976
2025-05-14 06:21:17,44.946,4.268,53248,0,179.70,30556.46,32056.02,55,2148107,2385107,10229768192,27413118976
2025-05-14 06:21:17,46.889,4.726,0,10309632,219.60,30556.45,32056.02,55,2149136,2386646,10229768192,27423461376
2025-05-14 06:21:18,44.518,4.182,0,32768,189.60,30556.45,32056.02,55,2149337,2386847,10229768192,27423461376
2025-05-14 06:21:18,44.230,4.246,0,0,149.70,30556.45,32056.02,55,2149538,2387048,10229768192,27423461376
2025-05-14 06:21:18,42.479,4.469,0,0,129.80,30556.45,32056.02,55,2149739,2387249,10229768192,27423461376
2025-05-14 06:21:18,43.959,5.145,0,0,129.80,30556.45,32056.02,55,2149939,2387449,10229768192,27423461376
2025-05-14 06:21:18,48.283,5.141,0,0,209.60,30556.45,32056.02,55,2150134,2387644,10229768192,27423461376
2025-05-14 06:21:19,48.888,4.599,0,0,189.70,30556.45,32056.02,55,2150332,2387842,10229768192,27423461376
2025-05-14 06:21:19,47.534,4.397,0,0,219.60,30556.45,32056.02,55,2150526,2388036,10229768192,27423461376
2025-05-14 06:21:19,44.286,4.304,0,0,269.50,30556.45,32056.02,55,2151017,2388412,10229846016,27423461376
2025-05-14 06:21:19,46.043,4.771,372736,0,329.40,30556.45,32056.02,55,2151398,2388731,10230173696,27423461376
2025-05-14 06:21:19,45.747,4.437,61440,12288,319.40,30556.45,32056.02,55,2151678,2388984,10230243328,27423473664
2025-05-14 06:21:20,47.042,4.635,77824,4096,319.40,30556.45,32056.02,55,2151942,2389231,10230292480,27423477760
2025-05-14 06:21:20,45.902,4.670,36864,0,299.40,30556.45,32056.02,55,2152208,2389474,10230353920,27423477760
2025-05-14 06:21:20,45.229,4.517,61440,53248,509.00,30556.45,32056.02,55,2153127,2390125,10230448128,27423539200
2025-05-14 06:21:20,48.685,5.134,114688,8192,489.20,30556.45,32056.02,55,2153436,2390387,10230607872,27423539200
2025-05-14 06:21:20,47.654,4.998,143360,0,558.90,30556.45,32056.02,55,2153850,2390747,10230677504,27423715328
2025-05-14 06:21:21,50.329,5.206,73728,1658880,668.80,30556.45,32056.02,55,2154708,2391489,10230734848,27425955840
2025-05-14 06:21:21,50.902,5.497,77824,1527808,688.50,30556.45,32056.02,55,2155355,2392058,10230808576,27427401728
2025-05-14 06:21:21,50.769,5.448,40960,1454080,598.90,30556.45,32056.02,55,2155929,2392577,10230865920,27428823040
2025-05-14 06:21:21,49.514,5.154,69632,1335296,568.90,30556.45,32056.02,55,2156464,2393098,10230927360,27429957632
2025-05-14 06:21:21,50.419,5.522,57344,4325376,808.50,30556.45,32056.02,55,2157220,2394769,10230980608,27442081792
2025-05-14 06:21:22,53.481,6.141,53248,8581120,708.60,30556.45,32056.02,55,2157712,2395233,10231021568,27443347456
2025-05-14 06:21:22,51.482,5.856,53248,2072576,788.50,30556.45,32056.02,55,2159053,2396302,10231078912,27445309440
2025-05-14 06:21:22,52.641,5.963,40960,1753088,798.50,30556.45,32056.02,55,2160731,2397563,10231128064,27447296000
2025-05-14 06:21:22,52.576,6.110,53248,1994752,818.40,30556.45,32056.02,55,2161564,2398280,10231201792,27449298944
2025-05-14 06:21:22,52.250,6.388,86016,1712128,818.30,30556.45,32056.02,55,2164339,2400238,10231267328,27450523648
2025-05-14 06:21:23,52.413,6.118,49152,937984,798.40,30556.45,32056.02,55,2168743,2402954,10231357440,27451203584
2025-05-14 06:21:23,52.293,6.219,94208,679936,828.30,30556.45,32056.02,55,2173630,2405953,10231406592,27452014592
2025-05-14 06:21:23,52.937,6.249,49152,851968,818.40,30556.45,32056.02,55,2177560,2408591,10231443456,27453005824
2025-05-14 06:21:23,53.183,5.995,40960,1253376,768.70,30556.45,32056.02,55,2182152,2411453,10231484416,27454513152
2025-05-14 06:21:23,51.747,5.881,24576,1687552,688.60,30556.46,32056.02,55,2187168,2414624,10231504896,27456065536
2025-05-14 06:21:24,50.810,5.929,16384,1474560,718.60,30556.46,32056.02,55,2189871,2416476,10231533568,27457880064
2025-05-14 06:21:24,50.881,5.817,49152,2027520,718.50,30556.46,32056.02,55,2193153,2418720,10231582720,27459727360
2025-05-14 06:21:24,50.332,5.898,32768,1892352,668.80,30556.46,32056.02,55,2195548,2420471,10231615488,27461718016
2025-05-14 06:21:24,49.902,5.657,36864,1830912,638.70,30556.46,32056.02,55,2196385,2421268,10231652352,27463831552
2025-05-14 06:21:24,49.825,5.548,45056,2551808,618.80,30556.46,32056.02,55,2197384,2422235,10231701504,27466489856
2025-05-14 06:21:25,49.685,5.488,49152,2396160,628.70,30556.46,32056.02,55,2198228,2422956,10231750656,27468378112
2025-05-14 06:21:25,50.053,5.518,61440,1818624,668.70,30556.46,32056.02,55,2198968,2423594,10231812096,27470336000
2025-05-14 06:21:25,50.492,5.689,53248,1822720,678.70,30556.46,32056.02,55,2199848,2424370,10231885824,27472142336
2025-05-14 06:21:25,50.380,5.887,57344,1949696,678.90,30556.46,32056.02,55,2200724,2425207,10231918592,27474325504
2025-05-14 06:21:25,50.776,5.732,36864,2285568,718.50,30556.46,32056.02,55,2202599,2427460,10231947264,27489001472
2025-05-14 06:21:26,50.418,5.538,28672,14708736,718.50,30556.46,32056.02,55,2203445,2428299,10231992320,27491180544
2025-05-14 06:21:26,50.585,5.703,40960,2134016,698.60,30556.46,32056.02,55,2204322,2429098,10232008704,27493490688
2025-05-14 06:21:26,50.055,5.742,0,2129920,648.60,30556.46,32056.02,55,2204850,2429604,10232008704,27495219200
2025-05-14 06:21:26,51.029,5.758,0,1527808,608.80,30556.46,32056.02,55,2205327,2430035,10232008704,27496812544
2025-05-14 06:21:26,50.802,5.544,0,1773568,658.70,30556.46,32056.02,55,2205912,2430589,10232008704,27498708992
2025-05-14 06:21:27,49.508,5.619,0,1904640,578.90,30556.46,32056.02,55,2206516,2431189,10232008704,27500716032
2025-05-14 06:21:27,49.718,5.451,0,2310144,678.70,30556.46,32056.02,55,2207317,2432030,10232008704,27503038464
2025-05-14 06:21:27,50.117,5.584,0,2572288,648.70,30556.46,32056.02,55,2208138,2432924,10232008704,27505594368
2025-05-14 06:21:27,50.363,5.276,0,2052096,618.70,30556.46,32056.02,55,2208838,2433662,10232008704,27507781632
2025-05-14 06:21:27,50.709,5.326,0,2580480,549.00,30556.46,32056.02,55,2209657,2434597,10232008704,27510259712
2025-05-14 06:21:28,51.535,5.456,0,2056192,559.00,30556.46,32056.02,55,2210603,2435745,10232008704,27513077760
2025-05-14 06:21:28,50.161,5.970,0,2461696,788.40,30556.46,32056.02,55,2211061,2436262,10232008704,27513827328
2025-05-14 06:21:28,51.335,5.514,0,483328,788.60,30556.46,32056.02,55,2211390,2436630,10232008704,27514384384
2025-05-14 06:21:28,50.817,5.024,0,610304,808.40,30556.46,32056.02,55,2211637,2436891,10232008704,27514920960
2025-05-14 06:21:28,52.902,4.489,0,421888,798.50,30556.46,32056.02,55,2211893,2437152,10232008704,27515310080
2025-05-14 06:21:29,53.529,4.698,0,307200,808.50,30556.46,32056.02,55,2212149,2437426,10232008704,27515686912
2025-05-14 06:21:29,52.885,5.137,0,552960,808.50,30556.46,32056.02,55,2212499,2437804,10232008704,27516334080
2025-05-14 06:21:29,52.524,5.409,0,638976,808.40,30556.46,32056.02,55,2212832,2438165,10232008704,27516993536
2025-05-14 06:21:29,52.716,5.522,0,602112,808.50,30556.46,32056.02,55,2213162,2438530,10232008704,27517734912
2025-05-14 06:21:29,53.021,5.540,0,1007616,798.70,30556.46,32056.02,55,2213493,2438892,10232008704,27518627840
2025-05-14 06:21:30,53.909,5.719,0,12546048,809.20,30556.46,32056.02,55,2215271,2441165,10232008704,27531145216
2025-05-14 06:21:30,53.495,5.654,0,667648,798.50,30556.46,32056.02,55,2215632,2441559,10232008704,27531927552
2025-05-14 06:21:30,53.817,5.561,0,823296,798.60,30556.46,32056.02,55,2215971,2441938,10232008704,27532550144
2025-05-14 06:21:30,52.996,5.409,0,884736,798.50,30556.46,32056.02,55,2216309,2442309,10232008704,27534229504
2025-05-14 06:21:30,53.283,5.550,0,1712128,808.60,30556.46,32056.02,55,2216587,2442614,10232008704,27535319040
2025-05-14 06:21:31,53.683,5.131,0,630784,788.70,30556.46,32056.02,55,2216977,2443047,10232008704,27536629760
2025-05-14 06:21:31,52.773,5.391,0,2359296,798.50,30556.46,32056.02,55,2217427,2443554,10232008704,27539034112
2025-05-14 06:21:31,52.536,6.005,0,2678784,808.60,30556.46,32056.02,55,2217912,2444118,10232008704,27541159936
2025-05-14 06:21:31,52.837,5.217,0,1814528,808.40,30556.46,32056.02,55,2218440,2444724,10232008704,27543683072
2025-05-14 06:21:31,53.008,5.578,0,2641920,798.70,30556.46,32056.02,55,2219049,2445455,10232008704,27545960448
2025-05-14 06:21:32,53.226,5.249,0,1740800,808.70,30556.46,32056.02,55,2219690,2446232,10232008704,27547770880
2025-05-14 06:21:32,53.713,4.995,0,2367488,828.70,30556.46,32056.02,55,2220476,2447158,10232008704,27551096832
2025-05-14 06:21:32,53.138,5.175,0,2879488,799.10,30556.46,32056.02,55,2221163,2447983,10232008704,27553005568
2025-05-14 06:21:32,53.269,5.296,0,2355200,798.40,30556.46,32056.02,55,2221913,2448883,10232008704,27555934208
2025-05-14 06:21:32,53.407,5.461,0,3801088,798.60,30556.46,32056.02,55,2222783,2449953,10232008704,27560628224
2025-05-14 06:21:33,52.918,5.329,0,4161536,818.60,30556.46,32056.02,55,2223548,2450862,10232008704,27565920256
2025-05-14 06:21:33,52.478,5.845,0,5726208,798.40,30556.46,32056.02,55,2224362,2451827,10232008704,27570196480
2025-05-14 06:21:33,52.997,5.658,0,4624384,798.50,30556.46,32056.02,55,2225333,2453017,10232008704,27576184832
2025-05-14 06:21:33,52.386,5.820,0,5230592,788.60,30556.46,32056.02,55,2226332,2454205,10232008704,27579142144
2025-05-14 06:21:33,51.354,6.034,0,2756608,798.60,30556.46,32056.02,55,2227179,2455211,10232008704,27581906944
2025-05-14 06:21:34,52.370,5.753,0,7294976,778.60,30556.46,32056.02,55,2228230,2457484,10232008704,27599085568
2025-05-14 06:21:34,52.644,5.873,0,13283328,768.70,30556.46,32056.02,55,2229276,2458688,10232008704,27603771392
2025-05-14 06:21:34,52.600,5.188,0,3878912,698.80,30556.46,32056.02,55,2230478,2460116,10232008704,27606679552
2025-05-14 06:21:34,50.688,5.209,0,3289088,598.90,30556.46,32056.02,55,2231664,2461541,10232008704,27609825280
2025-05-14 06:21:34,49.262,5.168,0,2666496,608.90,30556.46,32056.02,55,2232769,2462884,10232008704,27612270592
2025-05-14 06:21:35,50.372,5.146,0,2424832,678.80,30556.46,32056.02,55,2233685,2463990,10232008704,27616735232
2025-05-14 06:21:35,51.029,5.400,0,4378624,568.90,30556.46,32056.02,55,2234515,2464967,10232008704,27618443264
2025-05-14 06:21:35,53.044,5.573,0,806912,788.60,30556.46,32056.02,55,2234792,2465265,10232008704,27618983936
2025-05-14 06:21:35,53.855,5.942,0,647168,798.60,30556.46,32056.02,55,2235126,2465635,10232008704,27620331520
2025-05-14 06:21:35,53.144,6.104,0,1773568,798.30,30556.46,32056.02,55,2235519,2466074,10232008704,27622699008
2025-05-14 06:21:36,52.999,5.871,0,2752512,768.60,30556.46,32056.02,55,2235943,2466541,10232012800,27625242624
2025-05-14 06:21:36,52.437,5.427,4096,2637824,698.80,30556.46,32056.02,55,2236448,2467064,10232012800,27627704320
2025-05-14 06:21:36,51.576,5.586,0,3403776,578.90,30556.46,32056.02,55,2237064,2467717,10232012800,27631779840
2025-05-14 06:21:36,50.901,5.139,0,2334720,558.90,30556.46,32056.02,55,2237622,2468365,10232012800,27633299456
2025-05-14 06:21:36,51.325,5.260,0,1953792,678.80,30556.46,32056.02,55,2238376,2469241,10232012800,27635224576
2025-05-14 06:21:37,51.062,5.380,0,2220032,638.90,30556.46,32056.02,55,2239137,2470149,10232012800,27637309440
2025-05-14 06:21:37,50.538,5.247,0,1937408,658.80,30556.46,32056.02,55,2239974,2471160,10232012800,27639619584
2025-05-14 06:21:37,50.192,5.420,0,5267456,628.80,30556.46,32056.02,55,2240878,2472265,10232012800,27644493824
2025-05-14 06:21:37,50.327,5.371,0,2027520,668.70,30556.46,32056.02,55,2241926,2473591,10232012800,27647541248
2025-05-14 06:21:37,51.124,5.208,0,3420160,658.90,30556.46,32056.02,55,2242807,2474685,10232012800,27650150400
2025-05-14 06:21:38,50.619,5.171,0,2215936,688.80,30556.46,32056.02,55,2243735,2476179,10232012800,27661152256
2025-05-14 06:21:38,50.701,5.383,0,23662592,659.30,30556.46,32056.02,55,2244946,2477878,10232012800,27676078080
2025-05-14 06:21:38,50.670,5.163,0,4886528,678.80,30556.46,32056.02,55,2245906,2479020,10232012800,27680870400
2025-05-14 06:21:38,50.840,5.166,0,2088960,698.80,30556.46,32056.02,55,2246477,2479675,10232012800,27682615296
2025-05-14 06:21:38,51.277,5.378,0,1478656,658.90,30556.46,32056.02,55,2247064,2480371,10232012800,27684446208
2025-05-14 06:21:39,49.694,5.549,0,2166784,698.70,30556.46,32056.02,55,2247864,2481348,10232012800,27686510592
2025-05-14 06:21:39,50.545,5.667,0,1867776,708.80,30556.46,32056.02,55,2248622,2482272,10232012800,27688382464
2025-05-14 06:21:39,51.184,5.379,0,4419584,718.80,30556.46,32056.02,55,2249497,2483297,10232012800,27692785664
2025-05-14 06:21:39,51.325,5.493,0,2101248,688.80,30556.46,32056.02,55,2250261,2484234,10232012800,27694886912
2025-05-14 06:21:39,51.058,5.313,0,2162688,658.80,30556.46,32056.02,55,2250950,2485058,10232012800,27697033216
2025-05-14 06:21:40,50.284,5.363,0,1994752,668.50,30556.46,32056.02,55,2251510,2485741,10232016896,27698941952
2025-05-14 06:21:40,50.308,5.302,4096,1601536,619.00,30556.46,32056.02,55,2251975,2486274,10232016896,27700490240
2025-05-14 06:21:40,50.412,5.094,0,1593344,688.90,30556.46,32056.02,55,2252537,2486933,10232016896,27704827904
2025-05-14 06:21:40,50.635,5.233,0,4423680,698.90,30556.46,32056.02,55,2253087,2487551,10232016896,27706650624
2025-05-14 06:21:40,50.084,5.176,0,1851392,629.00,30556.46,32056.02,55,2253658,2488225,10232016896,27708645376
2025-05-14 06:21:41,49.830,5.454,0,2392064,698.80,30556.46,32056.02,55,2254477,2489243,10232016896,27711213568
2025-05-14 06:21:41,50.698,5.208,0,2502656,698.70,30556.46,32056.02,55,2255222,2490168,10232016896,27713712128
2025-05-14 06:21:41,50.778,5.268,0,2490368,718.60,30556.46,32056.02,55,2255970,2491107,10232016896,27716206592
2025-05-14 06:21:41,50.057,5.425,0,2777088,648.60,30556.46,32056.02,55,2256770,2492101,10232016896,27718807552
2025-05-14 06:21:41,49.313,5.135,0,2154496,569.00,30556.46,32056.02,55,2257281,2492701,10232016896,27720736768
2025-05-14 06:21:42,49.598,5.208,0,2093056,708.60,30556.46,32056.02,55,2258052,2493664,10232016896,27723259904
2025-05-14 06:21:42,50.351,5.467,0,20676608,668.70,30556.45,32056.02,55,2259016,2495596,10232016896,27748585472
2025-05-14 06:21:42,50.571,5.226,0,6987776,658.70,30556.45,32056.02,55,2259651,2496391,10232016896,27750805504
2025-05-14 06:21:42,50.084,5.254,0,2134016,689.30,30556.45,32056.02,55,2260228,2497082,10232016896,27752865792
2025-05-14 06:21:42,49.963,5.222,0,2252800,648.90,30556.45,32056.02,55,2260895,2497909,10232016896,27755249664
2025-05-14 06:21:43,49.631,5.168,0,2359296,708.80,30556.45,32056.02,55,2261564,2498730,10232016896,27757531136
2025-05-14 06:21:43,50.270,5.328,0,2129920,708.80,30556.45,32056.02,55,2262084,2499350,10232016896,27759595520
2025-05-14 06:21:43,50.494,5.398,0,2588672,688.80,30556.45,32056.02,55,2262853,2500336,10232016896,27762216960
2025-05-14 06:21:43,51.546,5.187,0,2117632,668.80,30556.45,32056.02,55,2263500,2501135,10232016896,27764305920
2025-05-14 06:21:43,51.326,5.720,0,1835008,668.60,30556.45,32056.02,55,2263936,2501646,10232016896,27766030336
2025-05-14 06:21:44,50.717,5.243,4096,1941504,648.80,30556.45,32056.02,55,2264582,2502453,10232020992,27768135680
2025-05-14 06:21:44,50.174,5.635,0,2174976,578.80,30556.45,32056.02,55,2265184,2503206,10232020992,27770093568
2025-05-14 06:21:44,50.923,5.033,0,1982464,638.90,30556.45,32056.02,55,2265739,2503877,10232020992,27772076032
2025-05-14 06:21:44,50.616,5.223,0,1896448,638.90,30556.45,32056.02,55,2266224,2504448,10232020992,27774042112
2025-05-14 06:21:45,50.502,5.352,0,1912832,658.90,30556.45,32056.02,55,2266785,2505136,10232020992,27776266240
2025-05-14 06:21:45,49.988,5.447,0,2256896,648.90,30556.45,32056.02,55,2267420,2505929,10232020992,27778289664
2025-05-14 06:21:45,50.795,5.378,0,2097152,648.60,30556.45,32056.02,55,2268217,2506939,10232020992,27780632576
2025-05-14 06:21:45,50.325,5.104,0,2347008,678.80,30556.45,32056.02,55,2268788,2507627,10232020992,27782447104
2025-05-14 06:21:45,51.064,5.143,0,1806336,648.90,30556.45,32056.02,55,2269448,2508442,10232020992,27784675328
2025-05-14 06:21:46,49.592,5.125,0,2387968,628.80,30556.45,32056.02,55,2270145,2509313,10232020992,27786997760
2025-05-14 06:21:46,49.438,5.331,0,2187264,688.80,30556.45,32056.02,55,2270856,2510201,10232020992,27789172736
2025-05-14 06:21:46,49.598,5.504,0,2236416,668.90,30556.45,32056.02,55,2271950,2512068,10232020992,27820617728
2025-05-14 06:21:46,50.559,5.354,0,31387648,608.60,30556.45,32056.02,55,2272602,2512879,10232020992,27822632960
2025-05-14 06:21:46,49.984,5.246,0,1974272,688.60,30556.45,32056.02,55,2273326,2513784,10232020992,27824902144
2025-05-14 06:21:47,50.315,5.187,0,2338816,579.00,30556.45,32056.02,55,2274079,2514739,10232020992,27827163136
2025-05-14 06:21:47,49.496,5.166,0,2273280,648.60,30556.45,32056.02,55,2274756,2515564,10232020992,27829092352
2025-05-14 06:21:47,50.101,5.208,0,1593344,678.80,30556.45,32056.02,55,2275093,2515941,10232020992,27830460416
2025-05-14 06:21:47,49.797,5.213,0,1171456,618.90,30556.45,32056.02,55,2275359,2516237,10232020992,27831701504
2025-05-14 06:21:47,49.340,5.267,0,1556480,628.90,30556.45,32056.02,55,2275714,2516630,10232020992,27833708544
2025-05-14 06:21:48,48.008,5.230,0,2412544,638.90,30556.45,32056.02,55,2276116,2517094,10232020992,27836502016
2025-05-14 06:21:48,48.868,5.356,0,2207744,648.70,30556.45,32056.02,55,2276413,2517424,10232020992,27837898752
2025-05-14 06:21:48,49.743,5.156,0,1470464,618.80,30556.45,32056.02,55,2276722,2517769,10232020992,27839303680
2025-05-14 06:21:48,49.171,5.145,0,1343488,638.90,30556.45,32056.02,55,2277032,2518114,10232020992,27840696320
2025-05-14 06:21:48,48.193,5.322,0,1409024,598.90,30556.45,32056.02,55,2277333,2518449,10232020992,27842113536
2025-05-14 06:21:49,48.930,5.025,0,1425408,638.90,30556.45,32056.02,55,2277668,2518820,10232020992,27843678208
2025-05-14 06:21:49,49.687,4.966,0,1486848,618.90,30556.45,32056.02,55,2277971,2519164,10232020992,27845181440
2025-05-14 06:21:49,49.996,5.039,0,1671168,598.90,30556.45,32056.02,55,2278303,2519525,10232020992,27846578176
2025-05-14 06:21:49,49.321,4.958,0,1245184,668.80,30556.45,32056.02,55,2278608,2519867,10232020992,27847974912
2025-05-14 06:21:49,49.023,5.041,0,1552384,599.00,30556.45,32056.02,55,2278916,2520206,10232020992,27849461760
2025-05-14 06:21:50,48.686,4.905,0,1409024,638.90,30556.45,32056.02,55,2279251,2520578,10232020992,27850895360
2025-05-14 06:21:50,48.936,5.160,0,1323008,629.00,30556.45,32056.02,55,2279556,2520916,10232020992,27852267520
2025-05-14 06:21:50,49.237,5.182,0,1466368,648.80,30556.45,32056.02,55,2280287,2521716,10232020992,27863773184
2025-05-14 06:21:50,49.838,5.338,0,28942336,559.00,30556.45,32056.02,55,2281030,2522933,10232020992,27882635264
2025-05-14 06:21:50,47.706,5.279,0,1417216,619.10,30556.45,32056.02,55,2281348,2523289,10232020992,27884027904
2025-05-14 06:21:51,48.439,5.197,0,1392640,599.00,30556.45,32056.02,55,2281681,2523664,10232020992,27885543424
2025-05-14 06:21:51,48.633,5.287,0,1474560,628.90,30556.45,32056.02,55,2281983,2523999,10232020992,27886833664
2025-05-14 06:21:51,49.705,5.086,0,1294336,668.80,30556.45,32056.02,55,2282290,2524342,10232020992,27888177152
2025-05-14 06:21:51,49.673,5.196,0,1441792,608.90,30556.45,32056.02,55,2282603,2524685,10232020992,27889557504
2025-05-14 06:21:51,48.624,5.039,0,1323008,638.80,30556.45,32056.02,55,2282930,2525056,10232020992,27891048448
2025-05-14 06:21:52,48.754,4.959,0,1425408,598.90,30556.45,32056.02,55,2283244,2525405,10232020992,27892469760
2025-05-14 06:21:52,48.864,5.379,0,1355776,598.80,30556.45,32056.02,55,2283511,2525703,10232020992,27893604352
2025-05-14 06:21:52,50.316,5.592,0,987136,539.00,30556.45,32056.02,55,2283790,2526013,10232020992,27894538240
2025-05-14 06:21:52,50.311,4.900,0,684032,379.30,30556.45,32056.02,55,2284030,2526274,10232020992,27895001088
2025-05-14 06:21:52,48.876,4.829,0,741376,668.70,30556.45,32056.02,55,2284342,2526624,10232020992,27896193024
2025-05-14 06:21:53,49.468,5.324,0,1458176,539.10,30556.45,32056.02,55,2284634,2526949,10232020992,27897360384
2025-05-14 06:21:53,48.301,5.136,0,1126400,638.90,30556.45,32056.02,55,2284951,2527298,10232020992,27898667008
2025-05-14 06:21:53,49.203,5.243,0,1261568,669.10,30556.45,32056.02,55,2285247,2527619,10232020992,27899924480
2025-05-14 06:21:53,48.693,5.280,0,1142784,369.30,30556.45,32056.02,55,2285474,2527868,10232020992,27900780544
2025-05-14 06:21:53,49.944,4.895,0,573440,588.90,30556.45,32056.02,55,2285751,2528172,10232020992,27901693952
2025-05-14 06:21:54,48.731,5.314,0,1232896,638.90,30556.45,32056.02,55,2286050,2528505,10232020992,27902971904
2025-05-14 06:21:54,48.490,5.406,0,1179648,648.80,30556.45,32056.02,55,2286346,2528833,10232020992,27904032768
2025-05-14 06:21:54,50.475,5.233,0,1216512,638.90,30556.45,32056.02,55,2286643,2529163,10232020992,27905290240
2025-05-14 06:21:54,50.276,5.146,0,12103680,658.90,30556.45,32056.02,55,2287873,2530771,10232020992,27935043584
2025-05-14 06:21:54,49.220,5.503,0,18829312,558.80,30556.45,32056.02,55,2288176,2531110,10232020992,27936223232
2025-05-14 06:21:55,48.431,5.371,0,1359872,509.10,30556.45,32056.02,55,2288475,2531441,10232020992,27937509376
2025-05-14 06:21:55,49.370,5.070,0,1216512,628.80,30556.45,32056.02,55,2288780,2531780,10232020992,27938869248
2025-05-14 06:21:55,49.986,5.196,0,1396736,668.80,30556.45,32056.02,55,2289078,2532114,10232020992,27940270080
2025-05-14 06:21:55,49.574,5.045,0,1232896,589.00,30556.45,32056.02,55,2289371,2532441,10232020992,27941437440
2025-05-14 06:21:55,48.396,5.281,0,1273856,608.90,30556.45,32056.02,55,2289655,2532756,10232020992,27942748160
2025-05-14 06:21:56,48.620,5.127,0,1282048,608.90,30556.45,32056.02,55,2289953,2533091,10232020992,27943940096
2025-05-14 06:21:56,49.250,5.197,0,1159168,668.90,30556.45,32056.02,55,2290253,2533423,10232020992,27945185280
2025-05-14 06:21:56,48.817,5.268,0,1339392,618.90,30556.45,32056.02,55,2290546,2533749,10232020992,27946467328
2025-05-14 06:21:56,48.424,5.055,0,1253376,588.80,30556.45,32056.02,55,2290826,2534067,10232020992,27947720704
2025-05-14 06:21:56,48.843,5.200,0,1343488,578.90,30556.45,32056.02,55,2291116,2534393,10232020992,27949092864
2025-05-14 06:21:57,48.382,5.123,0,1339392,638.80,30556.45,32056.02,55,2291414,2534724,10232020992,27950440448
2025-05-14 06:21:57,48.687,5.337,0,1146880,618.90,30556.45,32056.02,55,2291696,2535039,10232020992,27951779840
2025-05-14 06:21:57,49.213,5.224,0,1495040,588.90,30556.45,32056.02,55,2291999,2535375,10232020992,27953012736
2025-05-14 06:21:57,48.675,5.017,0,1105920,648.90,30556.45,32056.02,55,2292341,2535781,10232020992,27954868224
2025-05-14 06:21:57,49.724,5.244,0,2859008,609.40,30556.45,32056.02,55,2292799,2536335,10232020992,27958276096
2025-05-14 06:21:58,48.184,5.133,0,2523136,618.90,30556.45,32056.02,55,2293087,2536656,10232020992,27959627776
2025-05-14 06:21:58,48.770,5.055,0,1208320,678.60,30556.45,32056.02,55,2293383,2536988,10232020992,27960889344
2025-05-14 06:21:58,49.333,5.321,0,1409024,599.20,30556.45,32056.02,55,2293698,2537340,10232020992,27962171392
2025-05-14 06:21:58,48.018,5.124,0,1282048,688.80,30556.45,32056.02,55,2294620,2538701,10232020992,27990970368
2025-05-14 06:21:58,49.380,5.470,0,35483648,619.40,30556.45,32056.02,55,2295106,2539279,10232020992,27998973952
2025-05-14 06:21:59,48.722,5.120,0,1261568,599.00,30556.45,32056.02,55,2295411,2539621,10232020992,28000227328
2025-05-14 06:21:59,48.958,5.193,0,1191936,638.90,30556.45,32056.02,55,2295709,2539950,10232020992,28001435648
2025-05-14 06:21:59,49.994,5.219,0,1335296,589.00,30556.45,32056.02,55,2296007,2540283,10232020992,28002697216
2025-05-14 06:21:59,48.220,5.154,0,1200128,638.70,30556.45,32056.02,55,2296302,2540612,10232020992,28003942400
2025-05-14 06:21:59,48.861,5.054,0,1273856,619.00,30556.45,32056.02,55,2296597,2540942,10232020992,28005232640
2025-05-14 06:22:00,48.756,5.006,0,1282048,658.90,30556.45,32056.02,55,2296905,2541294,10232020992,28006580224
2025-05-14 06:22:00,49.458,5.165,0,1327104,658.90,30556.45,32056.02,55,2297208,2541638,10232020992,28007747584
2025-05-14 06:22:00,50.089,5.014,0,1060864,588.90,30556.45,32056.02,55,2297511,2541975,10232020992,28009000960
2025-05-14 06:22:00,48.451,5.065,0,1347584,648.90,30556.45,32056.02,55,2297812,2542308,10232020992,28010381312
2025-05-14 06:22:00,49.635,5.431,0,1314816,589.40,30556.45,32056.02,55,2298124,2542663,10232020992,28011520000
2025-05-14 06:22:01,49.658,5.069,0,958464,499.10,30556.45,32056.02,55,2298342,2542910,10232020992,28012421120
2025-05-14 06:22:01,49.803,5.192,0,1138688,658.90,30556.45,32056.02,55,2298634,2543235,10232020992,28013608960
2025-05-14 06:22:01,49.703,5.648,0,1052672,593.20,30556.45,32056.02,55,2298907,2543534,10232020992,28014673920
2025-05-14 06:22:01,49.544,5.113,0,1150976,608.90,30556.45,32056.02,55,2299335,2544003,10232020992,28020531200
2025-05-14 06:22:01,49.605,5.280,0,10194944,529.00,30556.45,32056.02,55,2299784,2544499,10232020992,28025929728
2025-05-14 06:22:02,48.071,5.290,0,1069056,548.80,30556.45,32056.02,55,2300088,2544836,10232020992,28027039744
2025-05-14 06:22:02,49.658,5.263,0,942080,608.80,30556.45,32056.02,55,2300386,2545169,10232020992,28027965440
2025-05-14 06:22:02,49.569,5.247,0,1187840,629.00,30556.45,32056.02,55,2300723,2545547,10232020992,28030377984
2025-05-14 06:22:02,48.854,5.232,0,2502656,648.80,30556.45,32056.02,55,2301079,2545957,10232020992,28033269760
2025-05-14 06:22:02,50.077,5.643,0,36446208,598.90,30556.45,32056.02,55,2302236,2547578,10232020992,28070887424
2025-05-14 06:22:03,49.171,5.133,0,3919872,598.90,30556.45,32056.02,55,2302525,2547901,10232020992,28072046592
2025-05-14 06:22:03,49.157,5.228,0,1048576,678.70,30556.45,32056.02,55,2302831,2548241,10232020992,28073213952
2025-05-14 06:22:03,49.367,5.327,0,1187840,598.80,30556.45,32056.02,55,2303131,2548574,10232020992,28074352640
2025-05-14 06:22:03,49.490,5.226,0,1114112,599.00,30556.45,32056.02,55,2303430,2548906,10232020992,28075466752
2025-05-14 06:22:03,48.772,5.258,0,1142784,608.80,30556.45,32056.02,55,2303721,2549227,10232020992,28076589056
2025-05-14 06:22:04,48.837,5.337,0,1134592,589.00,30556.45,32056.02,55,2304016,2549550,10232020992,28077682688
2025-05-14 06:22:04,48.668,5.140,0,1142784,658.50,30556.45,32056.02,55,2304309,2549873,10232020992,28078776320
2025-05-14 06:22:04,49.162,5.072,0,1114112,579.00,30556.45,32056.02,55,2304615,2550213,10232020992,28079898624
2025-05-14 06:22:04,48.821,5.144,0,1191936,628.90,30556.45,32056.02,55,2304942,2550580,10232020992,28081111040
2025-05-14 06:22:04,47.851,5.157,0,1142784,608.80,30556.45,32056.02,55,2305228,2550895,10232020992,28082302976
2025-05-14 06:22:05,48.558,5.082,0,1273856,618.70,30556.45,32056.02,55,2305518,2551214,10232020992,28083572736
2025-05-14 06:22:05,49.134,5.273,0,1134592,638.90,30556.45,32056.02,55,2305819,2551547,10232020992,28084776960
2025-05-14 06:22:05,48.776,5.073,0,1314816,639.00,30556.45,32056.02,55,2306107,2551870,10232020992,28085960704
2025-05-14 06:22:05,49.159,4.932,0,1040384,619.00,30556.45,32056.02,55,2306396,2552189,10232020992,28087132160
2025-05-14 06:22:05,48.766,5.018,0,1314816,618.90,30556.45,32056.02,55,2306718,2552550,10232020992,28088422400
2025-05-14 06:22:06,48.424,5.295,0,1884160,698.70,30556.45,32056.02,55,2307535,2553572,10232020992,28105342976
2025-05-14 06:22:06,50.634,5.253,0,17154048,698.90,30556.45,32056.02,55,2307900,2554007,10232020992,28107456512
2025-05-14 06:22:06,49.840,5.222,0,1306624,698.80,30556.45,32056.02,55,2308298,2554476,10232020992,28108836864
2025-05-14 06:22:06,48.947,5.384,0,1245184,678.60,30556.45,32056.02,55,2308641,2554871,10232020992,28110020608
2025-05-14 06:22:06,50.086,5.585,0,15654912,738.80,30556.45,32056.02,55,2309272,2556471,10232020992,28141613056
2025-05-14 06:22:07,50.408,5.379,0,17305600,708.60,30556.45,32056.02,55,2309683,2556960,10232020992,28142997504
2025-05-14 06:22:07,50.588,5.375,0,1351680,668.60,30556.45,32056.02,55,2310057,2557398,10232020992,28144300032
2025-05-14 06:22:07,50.444,5.187,0,1306624,678.90,30556.45,32056.02,55,2310416,2557811,10232020992,28145602560
2025-05-14 06:22:07,50.204,5.306,0,1347584,658.90,30556.45,32056.02,55,2310922,2558423,10232020992,28148334592
2025-05-14 06:22:07,49.673,5.297,0,3878912,698.80,30556.45,32056.02,55,2311297,2558858,10232020992,28150824960
2025-05-14 06:22:08,50.030,5.060,0,1359872,668.70,30556.45,32056.02,55,2311597,2559186,10232020992,28152147968
2025-05-14 06:22:08,50.261,5.020,0,1212416,669.40,30556.45,32056.02,55,2311932,2559561,10232020992,28153511936
2025-05-14 06:22:08,49.887,5.017,0,1560576,688.90,30556.45,32056.02,55,2312242,2559909,10232020992,28154974208
2025-05-14 06:22:08,49.794,4.943,0,1507328,668.90,30556.45,32056.02,55,2312532,2560232,10232020992,28156411904
2025-05-14 06:22:08,49.718,4.888,0,1196032,668.90,30556.45,32056.02,55,2312831,2560565,10232020992,28157652992
2025-05-14 06:22:09,49.714,4.916,0,1056768,638.70,30556.45,32056.02,55,2313097,2560864,10232020992,28158701568
2025-05-14 06:22:09,50.445,5.348,0,1077248,608.80,30556.45,32056.02,55,2313370,2561160,10232020992,28159590400
2025-05-14 06:22:09,50.281,5.076,0,917504,578.90,30556.45,32056.02,55,2313648,2561467,10232020992,28160573440
2025-05-14 06:22:09,49.904,5.312,0,1048576,668.80,30556.45,32056.02,55,2313939,2561791,10232020992,28161703936
2025-05-14 06:22:09,49.007,5.441,0,983040,658.70,30556.45,32056.02,55,2314212,2562097,10232020992,28162838528
2025-05-14 06:22:10,49.695,5.297,0,1310720,618.90,30556.45,32056.02,55,2314474,2562391,10232020992,28163874816
2025-05-14 06:22:10,50.266,5.062,0,1015808,658.90,30556.45,32056.02,55,2314779,2562733,10232020992,28165005312
2025-05-14 06:22:10,49.511,5.259,0,1040384,359.20,30556.45,32056.02,55,2315038,2563013,10232020992,28165730304
2025-05-14 06:22:10,49.459,4.801,0,503808,389.30,30556.45,32056.02,55,2315316,2563315,10232020992,28166320128
2025-05-14 06:22:10,49.649,4.779,0,675840,648.80,30556.46,32056.02,55,2316427,2564512,10232020992,28188844032
2025-05-14 06:22:11,49.787,5.337,0,31330304,648.80,30556.46,32056.02,55,2317023,2565171,10232020992,28198510592
2025-05-14 06:22:11,49.750,5.185,0,1064960,678.90,30556.46,32056.02,55,2317356,2565552,10232020992,28199677952
2025-05-14 06:22:11,49.757,5.523,0,1089536,598.90,30556.46,32056.02,55,2317636,2565865,10232020992,28200660992
2025-05-14 06:22:11,49.692,5.035,0,1044480,658.80,30556.46,32056.02,55,2317929,2566188,10232020992,28201701376
2025-05-14 06:22:11,49.340,5.369,0,1024000,658.90,30556.46,32056.02,55,2318284,2566596,10232020992,28202864640
2025-05-14 06:22:12,49.513,5.163,0,1236992,618.90,30556.46,32056.02,55,2318586,2566930,10232020992,28203941888
2025-05-14 06:22:12,49.253,5.780,0,1019904,708.70,30556.46,32056.02,55,2318932,2567351,10232020992,28205182976
2025-05-14 06:22:12,51.023,5.560,0,1163264,618.90,30556.46,32056.02,55,2319303,2567782,10232020992,28206108672
2025-05-14 06:22:12,49.526,5.025,0,1179648,539.10,30556.46,32056.02,55,2319744,2568303,10232020992,28207370240
2025-05-14 06:22:12,47.879,4.836,0,1048576,429.20,30556.46,32056.02,55,2320185,2568832,10232020992,28208529408
2025-05-14 06:22:13,47.134,4.674,0,1384448,409.10,30556.46,32056.02,55,2320598,2569316,10232020992,28209545216
2025-05-14 06:22:13,46.422,4.684,0,610304,379.40,30556.46,32056.02,55,2320910,2569665,10232020992,28210184192
2025-05-14 06:22:13,45.562,4.533,0,589824,389.30,30556.46,32056.02,55,2321193,2569975,10232020992,28210749440
2025-05-14 06:22:13,45.973,4.453,0,557056,339.40,30556.46,32056.02,55,2321478,2570288,10232020992,28211306496
2025-05-14 06:22:13,45.886,4.466,0,581632,319.40,30556.46,32056.02,55,2321775,2570619,10232020992,28211884032
2025-05-14 06:22:14,45.523,4.520,0,651264,419.30,30556.46,32056.02,55,2322081,2570954,10232020992,28212572160
2025-05-14 06:22:14,46.193,4.577,0,610304,379.40,30556.46,32056.02,55,2322366,2571265,10232020992,28213252096
2025-05-14 06:22:14,45.903,4.632,0,675840,419.30,30556.46,32056.02,55,2322652,2571578,10232020992,28213817344
2025-05-14 06:22:14,46.755,4.513,0,716800,399.30,30556.46,32056.02,55,2322941,2571899,10232020992,28214644736
2025-05-14 06:22:14,46.113,4.429,0,614400,389.20,30556.46,32056.02,55,2323223,2572208,10232020992,28215181312
2025-05-14 06:22:15,46.980,4.779,0,24240128,389.30,30556.46,32056.02,55,2323974,2573495,10232020992,28239347712
2025-05-14 06:22:15,46.646,4.421,0,512000,429.20,30556.46,32056.02,55,2324261,2573812,10232020992,28239945728
2025-05-14 06:22:15,46.774,4.450,0,548864,399.20,30556.46,32056.02,55,2324538,2574116,10232020992,28240441344
2025-05-14 06:22:15,46.809,4.459,0,651264,399.30,30556.46,32056.02,55,2324817,2574421,10232020992,28241096704
2025-05-14 06:22:16,47.085,4.467,0,602112,429.30,30556.46,32056.02,55,2325112,2574747,10232020992,28241772544
2025-05-14 06:22:16,46.813,4.468,0,667648,409.30,30556.46,32056.02,55,2325409,2575076,10232020992,28242407424
2025-05-14 06:22:16,47.254,4.593,0,708608,389.30,30556.46,32056.02,55,2325787,2575517,10232020992,28243185664
2025-05-14 06:22:16,46.794,4.762,0,720896,299.40,30556.46,32056.02,55,2326226,2576035,10232020992,28244021248
2025-05-14 06:22:16,43.622,4.367,0,622592,159.70,30556.46,32056.02,55,2326448,2576264,10232020992,28244197376
2025-05-14 06:22:17,42.337,4.289,0,151552,169.70,30556.46,32056.02,55,2326694,2576525,10232020992,28244361216
2025-05-14 06:22:17,42.656,4.265,0,135168,229.60,30556.46,32056.02,55,2326948,2576798,10232020992,28244557824
2025-05-14 06:22:17,43.004,4.256,0,196608,179.70,30556.46,32056.02,55,2327192,2577056,10232020992,28244709376
2025-05-14 06:22:17,42.320,4.259,0,151552,179.70,30556.46,32056.02,55,2327432,2577309,10232020992,28244901888
2025-05-14 06:22:17,44.245,4.649,0,1069056,249.50,30556.46,32056.02,55,2328083,2578121,10232020992,28247101440
2025-05-14 06:22:18,47.370,4.663,0,1318912,169.70,30556.46,32056.02,55,2328325,2578375,10232020992,28247236608
2025-05-14 06:22:18,43.633,4.355,0,147456,239.60,30556.46,32056.02,55,2328569,2578638,10232020992,28247457792
2025-05-14 06:22:18,43.898,4.376,0,278528,179.70,30556.46,32056.02,55,2328827,2578915,10232020992,28247715840
2025-05-14 06:22:18,44.242,4.324,0,225280,159.70,30556.46,32056.02,55,2329056,2579158,10232020992,28248064000
2025-05-14 06:22:18,46.811,4.347,0,360448,179.70,30556.46,32056.02,55,2329301,2579419,10232020992,28248293376
2025-05-14 06:22:19,45.035,4.543,0,229376,229.60,30556.46,32056.02,55,2329539,2579670,10232020992,28248535040
2025-05-14 06:22:19,45.242,4.650,0,180224,299.50,30556.46,32056.02,55,2330221,2580710,10232020992,28263890944
2025-05-14 06:22:19,44.285,4.452,0,15396864,179.70,30556.46,32056.02,55,2330470,2580975,10232020992,28264046592
2025-05-14 06:22:19,42.087,4.338,0,131072,169.70,30556.46,32056.02,55,2330722,2581244,10232020992,28264198144
2025-05-14 06:22:19,43.452,4.347,0,196608,179.70,30556.46,32056.02,55,2330966,2581502,10232020992,28264394752
2025-05-14 06:22:20,43.635,4.347,0,147456,169.90,30556.46,32056.02,55,2331212,2581763,10232020992,28264583168
2025-05-14 06:22:20,43.172,4.324,0,237568,179.70,30556.46,32056.02,55,2331461,2582028,10232020992,28264763392
2025-05-14 06:22:20,43.135,4.243,0,114688,169.70,30556.46,32056.02,55,2331711,2582293,10232020992,28264869888
2025-05-14 06:22:20,44.000,4.348,0,118784,169.70,30556.46,32056.02,55,2331951,2582546,10232020992,28264988672
2025-05-14 06:22:20,42.073,4.282,0,118784,159.70,30556.46,32056.02,55,2332200,2582811,10232020992,28265136128
2025-05-14 06:22:21,42.356,4.278,0,147456,169.70,30556.46,32056.02,55,2332440,2583064,10232020992,28265242624
2025-05-14 06:22:21,43.391,4.285,0,172032,169.70,30556.46,32056.02,55,2332683,2583321,10232020992,28265422848
2025-05-14 06:22:21,41.827,4.223,0,106496,179.70,30556.46,32056.02,55,2332929,2583582,10232020992,28265553920
2025-05-14 06:22:21,43.437,4.424,0,204800,169.70,30556.46,32056.02,55,2333171,2583839,10232020992,28265725952
2025-05-14 06:22:21,42.368,4.236,0,110592,169.70,30556.46,32056.02,55,2333414,2584096,10232020992,28265897984
2025-05-14 06:22:22,40.657,4.258,0,196608,169.70,30556.46,32056.02,55,2333661,2584358,10232020992,28266115072
2025-05-14 06:22:22,42.252,4.275,0,192512,169.80,30556.46,32056.02,55,2333904,2584615,10232020992,28266258432
2025-05-14 06:22:22,40.977,4.182,0,147456,169.70,30556.46,32056.02,55,2334150,2584876,10232020992,28266401792
2025-05-14 06:22:22,41.761,4.252,0,135168,179.60,30556.46,32056.02,55,2334392,2585132,10232020992,28266590208
2025-05-14 06:22:22,40.566,4.169,0,249856,169.70,30556.46,32056.02,55,2334636,2585392,10232020992,28266782720
2025-05-14 06:22:23,42.091,4.253,0,143360,169.60,30556.46,32056.02,55,2334877,2585646,10232020992,28266946560
2025-05-14 06:22:23,41.535,4.196,0,159744,239.60,30556.46,32056.02,55,2335359,2586462,10232020992,28278648832
2025-05-14 06:22:23,43.789,4.541,0,19996672,259.50,30556.46,32056.02,55,2335736,2587154,10232020992,28287074304
2025-05-14 06:22:23,45.317,4.560,0,155648,259.70,30556.46,32056.02,55,2335986,2587419,10232020992,28287213568
2025-05-14 06:22:23,44.049,4.237,0,122880,279.50,30556.46,32056.02,55,2336230,2587677,10232020992,28287406080
2025-05-14 06:22:24,45.357,4.271,0,172032,259.60,30556.46,32056.02,55,2336470,2587930,10232020992,28287590400
2025-05-14 06:22:24,44.927,4.380,0,245760,319.50,30556.46,32056.02,55,2336747,2588228,10232020992,28287799296
2025-05-14 06:22:24,45.081,4.469,0,520192,259.60,30556.46,32056.02,55,2337180,2588750,10232020992,28288458752
2025-05-14 06:22:24,43.746,4.440,0,294912,189.70,30556.46,32056.02,55,2337431,2589018,10232020992,28288589824
2025-05-14 06:22:24,41.769,4.181,0,176128,179.70,30556.46,32056.02,55,2337671,2589271,10232020992,28288823296
2025-05-14 06:22:25,42.166,4.223,0,176128,169.70,30556.46,32056.02,55,2337923,2589540,10232020992,28288978944
2025-05-14 06:22:25,42.574,4.270,0,266240,159.80,30556.46,32056.02,55,2338219,2589869,10232020992,28289314816
2025-05-14 06:22:25,41.868,4.177,0,245760,179.60,30556.46,32056.02,55,2338501,2590178,10232020992,28289527808
2025-05-14 06:22:25,45.039,4.548,0,233472,219.50,30556.46,32056.02,55,2338797,2590502,10232020992,28289769472
2025-05-14 06:22:25,46.536,4.748,0,397312,179.70,30556.46,32056.02,55,2339117,2590868,10232020992,28290215936
2025-05-14 06:22:26,44.958,4.638,0,278528,269.50,30556.46,32056.02,55,2339397,2591174,10232020992,28290449408
2025-05-14 06:22:26,45.677,4.888,0,344064,279.50,30556.46,32056.02,55,2339729,2591551,10232020992,28290863104
2025-05-14 06:22:26,45.606,5.098,0,319488,199.60,30556.46,32056.02,55,2340037,2591898,10232020992,28291153920
2025-05-14 06:22:26,44.087,4.404,0,372736,179.70,30556.46,32056.02,55,2340354,2592256,10232020992,28291497984
2025-05-14 06:22:26,46.561,4.330,0,307200,169.70,30556.46,32056.02,55,2340604,2592526,10232020992,28291678208
2025-05-14 06:22:27,47.404,4.368,0,114688,209.60,30556.46,32056.02,55,2340826,2592754,10232020992,28291821568
2025-05-14 06:22:27,47.999,4.520,0,163840,219.60,30556.46,32056.02,55,2341106,2593064,10232020992,28292100096
2025-05-14 06:22:27,44.454,4.516,0,8761344,239.70,30556.45,32056.02,55,2341871,2594257,10232025088,28311035904
2025-05-14 06:22:27,44.991,4.381,4096,10489856,189.70,30556.45,32056.02,55,2342211,2594647,10232025088,28311523328
2025-05-14 06:22:27,42.606,4.292,0,471040,179.70,30556.45,32056.02,55,2342501,2594967,10232025088,28311863296
2025-05-14 06:22:28,42.665,4.239,0,299008,59.90,30556.45,32056.02,55,2342736,2595213,10232025088,28311949312
2025-05-14 06:22:28,40.672,3.839,0,139264,109.90,30556.45,32056.02,55,2343026,2595537,10232025088,28312182784
2025-05-14 06:22:28,40.272,3.837,0,110592,69.90,30556.45,32056.02,55,2343230,2595742,10232025088,28312190976
2025-05-14 06:22:28,40.600,3.764,0,0,49.90,30556.45,32056.02,55,2343427,2595939,10232025088,28312190976
2025-05-14 06:22:28,38.954,3.742,0,0,59.90,30556.45,32056.02,55,2343629,2596141,10232025088,28312190976
2025-05-14 06:22:29,37.894,3.753,0,0,229.60,30556.45,32056.02,55,2343856,2596377,10232029184,28312375296
2025-05-14 06:22:29,39.933,3.976,4096,192512,69.90,30556.45,32056.02,55,2344060,2596582,10232029184,28312383488
2025-05-14 06:22:29,39.123,3.758,0,0,59.90,30556.45,32056.02,55,2344262,2596784,10232029184,28312383488
2025-05-14 06:22:29,38.055,3.745,0,0,79.90,30556.45,32056.02,55,2344463,2596985,10232029184,28312383488
2025-05-14 06:22:29,37.221,3.743,0,0,69.90,30556.45,32056.02,55,2344664,2597186,10232029184,28312383488
2025-05-14 06:22:30,39.076,3.776,0,0,59.90,30556.45,32056.02,55,2344865,2597387,10232029184,28312383488
2025-05-14 06:22:30,37.684,3.762,0,0,119.80,30556.45,32056.02,55,2345069,2597592,10232029184,28312399872
2025-05-14 06:22:30,42.559,4.270,0,131072,489.20,30556.45,32056.02,55,2345293,2597824,10232029184,28312522752
2025-05-14 06:22:30,46.381,4.861,0,53248,449.20,30556.45,32056.02,55,2345526,2598054,10232057856,28312621056
2025-05-14 06:22:30,46.307,4.919,126976,81920,449.10,30556.45,32056.02,55,2345778,2598318,10232164352,28312715264
2025-05-14 06:22:31,46.713,4.694,8192,65536,449.20,30556.45,32056.02,55,2345979,2598519,10232164352,28312715264
2025-05-14 06:22:31,46.173,4.499,0,0,429.30,30556.45,32056.02,55,2346181,2598721,10232164352,28312715264
2025-05-14 06:22:31,45.947,4.538,0,0,469.20,30556.45,32056.02,55,2346382,2598922,10232164352,28312715264
2025-05-14 06:22:31,45.196,4.664,0,0,449.30,30556.45,32056.02,55,2346578,2599118,10232164352,28312715264
2025-05-14 06:22:31,46.751,4.579,0,0,449.20,30556.45,32056.02,55,2346852,2599418,10232164352,28312825856
2025-05-14 06:22:32,46.063,4.729,0,294912,409.30,30556.45,32056.02,55,2347312,2599967,10232164352,28313202688
2025-05-14 06:22:32,46.168,4.528,0,364544,469.20,30556.45,32056.02,55,2347742,2600475,10232164352,28313534464
2025-05-14 06:22:32,46.530,4.746,0,339968,449.10,30556.45,32056.02,55,2348187,2601006,10232164352,28313960448
2025-05-14 06:22:32,46.742,4.512,0,294912,409.40,30556.45,32056.02,55,2348418,2601249,10232164352,28314009600
2025-05-14 06:22:32,45.814,4.456,0,0,419.30,30556.45,32056.02,55,2348695,2601556,10232164352,28314132480
2025-05-14 06:22:33,46.466,4.586,0,315392,498.80,30556.45,32056.02,55,2349168,2602125,10232164352,28314529792
2025-05-14 06:22:33,46.642,4.637,0,380928,399.30,30556.45,32056.02,55,2349631,2602678,10232164352,28314914816
2025-05-14 06:22:33,46.285,4.561,0,483328,419.30,30556.45,32056.02,55,2350442,2603620,10232164352,28325806080
2025-05-14 06:22:33,46.054,4.981,0,23302144,399.70,30556.45,32056.02,55,2351160,2604688,10232164352,28338671616
2025-05-14 06:22:33,45.968,4.536,4096,466944,369.20,30556.45,32056.02,55,2351510,2605139,10232168448,28339081216
2025-05-14 06:22:34,47.811,5.137,0,262144,399.30,30556.45,32056.02,55,2351901,2605593,10232168448,28339343360
2025-05-14 06:22:34,48.125,4.924,0,339968,419.20,30556.45,32056.02,55,2352336,2606106,10232168448,28339732480
2025-05-14 06:22:34,46.677,4.598,0,258048,439.20,30556.45,32056.02,55,2352584,2606376,10232168448,28339818496
2025-05-14 06:22:34,48.038,4.489,0,0,319.40,30556.45,32056.02,55,2352788,2606580,10232168448,28339818496
2025-05-14 06:22:34,47.835,4.626,0,0,439.30,30556.45,32056.02,55,2352988,2606780,10232168448,28339818496
2025-05-14 06:22:35,47.005,4.675,0,192512,439.10,30556.45,32056.02,55,2353429,2607301,10232168448,28340166656
2025-05-14 06:22:35,46.721,4.836,0,348160,439.20,30556.45,32056.02,55,2353881,2607840,10232168448,28340535296
2025-05-14 06:22:35,47.058,4.838,0,425984,449.20,30556.45,32056.02,55,2354344,2608395,10232168448,28340973568
2025-05-14 06:22:35,47.705,4.663,0,311296,369.30,30556.45,32056.02,55,2354702,2608808,10232168448,28341202944
2025-05-14 06:22:35,47.440,4.669,0,241664,429.20,30556.45,32056.02,55,2354974,2609104,10232168448,28341338112
2025-05-14 06:22:36,46.817,4.767,40960,1617920,419.30,30556.45,32056.02,55,2355414,2609635,10232209408,28343111680
2025-05-14 06:22:36,47.004,4.930,0,286720,419.30,30556.45,32056.02,55,2355808,2610096,10232209408,28343398400
2025-05-14 06:22:36,47.146,4.735,0,303104,429.20,30556.45,32056.02,55,2356236,2610599,10232209408,28343717888
2025-05-14 06:22:36,47.349,4.721,0,294912,429.10,30556.45,32056.02,55,2356633,2611068,10232209408,28344066048
2025-05-14 06:22:36,46.384,4.723,0,303104,479.10,30556.45,32056.02,55,2356890,2611345,10232209408,28344147968
2025-05-14 06:22:37,46.452,4.938,0,208896,439.30,30556.45,32056.02,55,2357362,2611911,10232209408,28344545280
2025-05-14 06:22:37,46.856,4.731,0,315392,419.20,30556.45,32056.02,55,2357768,2612387,10232209408,28344844288
2025-05-14 06:22:37,46.335,5.011,0,344064,429.20,30556.45,32056.02,55,2358197,2612893,10232209408,28345229312
2025-05-14 06:22:37,46.728,4.891,0,372736,549.00,30556.45,32056.02,55,2359542,2614484,10232209408,28368744448
2025-05-14 06:22:37,47.715,4.822,0,23367680,429.20,30556.45,32056.02,55,2359744,2614687,10232209408,28368752640
2025-05-14 06:22:38,46.265,4.514,0,176128,419.20,30556.45,32056.02,55,2360180,2615204,10232209408,28369100800
2025-05-14 06:22:38,46.220,4.457,0,380928,479.10,30556.45,32056.02,55,2360645,2615758,10232209408,28369481728
2025-05-14 06:22:38,45.540,4.502,0,172032,459.20,30556.45,32056.02,55,2360847,2615960,10232209408,28369481728
2025-05-14 06:22:38,45.881,4.328,0,0,439.30,30556.45,32056.02,55,2361047,2616160,10232209408,28369481728
2025-05-14 06:22:38,46.329,4.217,0,0,389.20,30556.45,32056.02,55,2361248,2616361,10232209408,28369481728
2025-05-14 06:22:39,45.093,4.506,0,122880,399.30,30556.45,32056.02,55,2361668,2616858,10232209408,28369866752
2025-05-14 06:22:39,46.073,4.301,0,462848,489.10,30556.45,32056.02,55,2362140,2617423,10232209408,28370276352
2025-05-14 06:22:39,46.290,4.300,0,417792,449.20,30556.45,32056.02,55,2362629,2618011,10232209408,28370710528
2025-05-14 06:22:39,46.370,4.307,0,225280,439.30,30556.45,32056.02,55,2362830,2618212,10232209408,28370710528
2025-05-14 06:22:39,46.068,4.275,0,0,409.20,30556.45,32056.02,55,2363032,2618414,10232209408,28370710528
2025-05-14 06:22:40,46.289,4.285,0,69632,489.00,30556.45,32056.02,55,2363434,2618885,10232209408,28371005440
2025-05-14 06:22:40,46.550,4.398,0,278528,369.40,30556.45,32056.02,55,2363671,2619134,10232209408,28371058688
2025-05-14 06:22:40,45.510,4.345,0,0,379.30,30556.45,32056.02,55,2363872,2619335,10232209408,28371058688
2025-05-14 06:22:40,46.084,4.342,0,0,439.20,30556.45,32056.02,55,2364073,2619536,10232209408,28371058688
2025-05-14 06:22:40,46.346,4.679,0,4096,429.10,30556.45,32056.02,55,2364288,2619753,10232209408,28371066880
2025-05-14 06:22:41,45.974,4.813,0,20480,499.20,30556.45,32056.02,55,2364500,2619966,10232209408,28371083264
2025-05-14 06:22:41,46.538,4.845,0,12288,439.20,30556.45,32056.02,55,2364721,2620192,10232209408,28371107840
2025-05-14 06:22:41,46.092,4.921,0,32768,459.00,30556.45,32056.02,55,2364937,2620413,10232209408,28371177472
2025-05-14 06:22:41,45.162,4.984,0,49152,479.00,30556.45,32056.02,55,2365152,2620629,10232209408,28371181568
2025-05-14 06:22:41,45.010,5.398,0,12288,399.00,30556.45,32056.02,55,2365834,2621385,10232209408,28386144256
2025-05-14 06:22:42,46.469,5.047,0,23060480,389.30,30556.45,32056.02,55,2366405,2622077,10232209408,28394295296
2025-05-14 06:22:42,44.219,4.970,0,86016,459.30,30556.45,32056.02,55,2366618,2622294,10232209408,28394348544
2025-05-14 06:22:42,45.728,4.907,0,53248,459.10,30556.45,32056.02,55,2366836,2622518,10232209408,28394405888
2025-05-14 06:22:42,46.054,5.055,0,24576,449.10,30556.45,32056.02,55,2367043,2622730,10232209408,28394426368
2025-05-14 06:22:42,46.258,5.066,0,45056,409.30,30556.45,32056.02,55,2367253,2622947,10232209408,28394496000
2025-05-14 06:22:43,45.227,4.791,0,90112,479.20,30556.45,32056.02,55,2367466,2623166,10232209408,28394565632
2025-05-14 06:22:43,45.940,4.638,0,40960,519.00,30556.45,32056.02,55,2367679,2623384,10232209408,28394602496
2025-05-14 06:22:43,45.898,5.121,0,61440,448.90,30556.45,32056.02,55,2367883,2623595,10232209408,28394717184
2025-05-14 06:22:43,46.909,4.964,0,90112,409.40,30556.45,32056.02,55,2368102,2623819,10232209408,28394811392
2025-05-14 06:22:43,42.615,4.765,0,69632,479.10,30556.45,32056.02,55,2368318,2624040,10232209408,28394860544
2025-05-14 06:22:44,45.959,5.011,0,81920,399.40,30556.45,32056.02,55,2368498,2624222,10232209408,28394893312
2025-05-14 06:22:44,46.700,5.059,0,36864,479.20,30556.45,32056.02,55,2368699,2624431,10232209408,28394999808
2025-05-14 06:22:44,46.522,5.165,0,98304,379.30,30556.45,32056.02,55,2368890,2624628,10232209408,28395143168
2025-05-14 06:22:44,48.008,5.115,0,229376,389.30,30556.45,32056.02,55,2369093,2624835,10232209408,28395266048
2025-05-14 06:22:44,46.929,5.235,0,61440,309.40,30556.45,32056.02,55,2369298,2625043,10232209408,28395384832
2025-05-14 06:22:45,46.645,5.020,0,73728,359.40,30556.45,32056.02,55,2369509,2625263,10232209408,28395421696
2025-05-14 06:22:45,47.273,5.104,0,49152,399.10,30556.45,32056.02,55,2369714,2625474,10232209408,28395454464
2025-05-14 06:22:45,45.455,5.034,0,20480,459.20,30556.45,32056.02,55,2369933,2625700,10232209408,28395520000
2025-05-14 06:22:45,45.748,4.959,0,126976,319.40,30556.45,32056.02,55,2370149,2625920,10232209408,28395724800
2025-05-14 06:22:45,45.861,5.101,0,266240,419.30,30556.45,32056.02,55,2370390,2626170,10232209408,28395933696
2025-05-14 06:22:46,46.811,5.312,0,23523328,439.20,30556.45,32056.02,55,2371068,2627341,10232209408,28419387392
2025-05-14 06:22:46,45.865,5.173,0,28672,449.20,30556.45,32056.02,55,2371279,2627559,10232209408,28419436544
2025-05-14 06:22:46,46.006,4.958,0,49152,498.90,30556.45,32056.02,55,2371491,2627778,10232209408,28419489792
2025-05-14 06:22:46,45.805,5.138,0,106496,509.10,30556.45,32056.02,55,2371704,2627995,10232209408,28419579904
2025-05-14 06:22:47,46.851,5.200,0,65536,489.50,30556.45,32056.02,55,2371930,2628228,10232209408,28419706880
2025-05-14 06:22:47,45.173,5.090,0,131072,399.30,30556.45,32056.02,55,2372149,2628453,10232209408,28419829760
2025-05-14 06:22:47,44.107,5.155,0,131072,409.30,30556.45,32056.02,55,2372370,2628678,10232209408,28419969024
2025-05-14 06:22:47,45.815,4.947,0,159744,409.20,30556.45,32056.02,55,2372625,2628933,10232238080,28420091904
2025-05-14 06:22:47,47.352,5.306,208896,90112,768.60,30556.45,32056.02,55,2373083,2629309,10232762368,28420141056
2025-05-14 06:22:48,49.780,5.637,417792,0,449.30,30556.45,32056.02,55,2373373,2629570,10233028608,28420141056
2025-05-14 06:22:48,45.919,4.916,270336,0,339.40,30556.45,32056.02,55,2373744,2629888,10233192448,28420141056
2025-05-14 06:22:48,44.977,4.509,286720,0,249.50,30556.45,32056.02,55,2374090,2630184,10233499648,28420141056
2025-05-14 06:22:48,44.082,4.123,200704,0,269.60,30556.45,32056.02,55,2374457,2630497,10233782272,28420141056
2025-05-14 06:22:48,43.647,4.191,200704,0,279.50,30556.45,32056.02,55,2374697,2630725,10233810944,28420141056
2025-05-14 06:22:49,42.935,4.212,24576,0,149.80,30556.45,32056.02,55,2374910,2630934,10233819136,28420141056
2025-05-14 06:22:49,41.409,3.792,0,0,219.60,30556.45,32056.02,55,2375120,2631141,10233819136,28420141056
2025-05-14 06:22:49,41.728,3.937,0,0,259.50,30556.45,32056.02,55,2375336,2631352,10233839616,28420141056
2025-05-14 06:22:49,45.430,4.608,86016,0,339.50,30556.45,32056.02,55,2375564,2631569,10233913344,28420141056
2025-05-14 06:22:49,45.592,4.672,139264,0,319.50,30556.45,32056.02,55,2375768,2631772,10234044416,28420141056
2025-05-14 06:22:50,45.386,4.685,0,0,329.30,30556.45,32056.02,55,2375972,2631975,10234044416,28420141056
2025-05-14 06:22:50,44.097,4.650,0,0,349.40,30556.45,32056.02,55,2376178,2632179,10234044416,28420141056
2025-05-14 06:22:50,45.996,4.690,0,53248,369.30,30556.45,32056.02,55,2376397,2632411,10234044416,28420194304
2025-05-14 06:22:50,45.583,4.669,0,0,319.40,30556.45,32056.02,55,2376596,2632610,10234044416,28420194304
2025-05-14 06:22:50,46.015,4.785,0,23318528,329.40,30556.45,32056.02,55,2377480,2633720,10234044416,28443529216
2025-05-14 06:22:51,45.430,4.657,0,28672,329.40,30556.45,32056.02,55,2377690,2633933,10234044416,28443541504
2025-05-14 06:22:51,45.275,4.656,0,0,319.60,30556.45,32056.02,55,2377889,2634132,10234044416,28443541504
2025-05-14 06:22:51,47.111,4.857,0,0,359.40,30556.45,32056.02,55,2378092,2634334,10234085376,28443541504
2025-05-14 06:22:51,48.852,5.231,73728,0,249.50,30556.45,32056.02,55,2378281,2634521,10234118144,28443541504
2025-05-14 06:22:51,49.194,4.868,61440,0,319.40,30556.45,32056.02,55,2378485,2634721,10234179584,28443541504
2025-05-14 06:22:52,46.985,5.029,0,0,319.40,30556.45,32056.02,55,2378694,2634927,10234179584,28443541504
2025-05-14 06:22:52,45.662,4.813,0,8192,309.50,30556.45,32056.02,55,2378901,2635136,10234179584,28443549696
2025-05-14 06:22:52,46.825,4.889,0,0,309.50,30556.45,32056.02,55,2379103,2635338,10234179584,28443549696
2025-05-14 06:22:52,47.811,5.031,0,0,289.40,30556.45,32056.02,55,2379291,2635526,10234179584,28443549696
2025-05-14 06:22:52,48.293,4.968,0,0,309.40,30556.45,32056.02,55,2379502,2635737,10234179584,28443549696
2025-05-14 06:22:53,48.066,5.093,0,0,319.40,30556.45,32056.02,55,2379701,2635936,10234179584,28443549696
2025-05-14 06:22:53,45.837,4.783,0,0,329.40,30556.45,32056.02,55,2379903,2636138,10234179584,28443549696
2025-05-14 06:22:53,44.857,4.711,0,0,289.50,30556.45,32056.02,55,2380105,2636340,10234179584,28443549696
2025-05-14 06:22:53,44.937,4.551,0,0,319.40,30556.45,32056.02,55,2380306,2636541,10234179584,28443549696
2025-05-14 06:22:53,45.507,4.552,0,0,279.50,30556.45,32056.02,55,2380507,2636742,10234179584,28443549696
2025-05-14 06:22:54,45.846,4.671,0,0,279.50,30556.45,32056.02,55,2380708,2636943,10234179584,28443549696
2025-05-14 06:22:54,44.962,4.726,0,0,279.50,30556.45,32056.02,55,2380910,2637145,10234179584,28443549696
2025-05-14 06:22:54,45.446,4.772,0,0,299.50,30556.45,32056.02,55,2381109,2637344,10234179584,28443549696
2025-05-14 06:22:54,46.163,4.861,0,0,309.50,30556.45,32056.02,55,2381310,2637545,10234179584,28443549696
2025-05-14 06:22:54,44.913,4.790,0,0,349.30,30556.45,32056.02,55,2381526,2637755,10234179584,28443549696
2025-05-14 06:22:55,47.755,5.138,0,20586496,339.40,30556.45,32056.02,55,2382173,2638827,10234179584,28464164864
2025-05-14 06:22:55,45.824,4.893,0,36864,299.50,30556.45,32056.02,55,2382378,2639033,10234179584,28464173056
2025-05-14 06:22:55,46.118,4.797,0,61440,349.40,30556.45,32056.02,55,2382621,2639263,10234179584,28464234496
2025-05-14 06:22:55,46.014,4.884,0,0,329.40,30556.45,32056.02,55,2382823,2639465,10234179584,28464234496
2025-05-14 06:22:55,45.661,4.760,0,0,299.50,30556.45,32056.02,55,2383024,2639666,10234179584,28464234496
2025-05-14 06:22:56,44.685,5.086,0,4096,369.30,30556.45,32056.02,55,2383241,2639880,10234179584,28464300032
2025-05-14 06:22:56,46.368,5.078,0,61440,299.50,30556.45,32056.02,55,2383442,2640081,10234179584,28464300032
2025-05-14 06:22:56,44.951,4.738,0,0,309.50,30556.45,32056.02,55,2383642,2640281,10234179584,28464300032
2025-05-14 06:22:56,46.296,4.819,0,0,339.40,30556.45,32056.02,55,2383853,2640487,10234179584,28464300032
2025-05-14 06:22:56,45.665,4.624,0,0,289.50,30556.45,32056.02,55,2384054,2640688,10234179584,28464300032
2025-05-14 06:22:57,45.695,4.634,0,0,309.50,30556.45,32056.02,55,2384255,2640889,10234179584,28464300032
2025-05-14 06:22:57,45.498,4.621,0,0,299.60,30556.45,32056.02,55,2384462,2641100,10234179584,28464353280
2025-05-14 06:22:57,44.629,4.544,0,53248,299.40,30556.45,32056.02,55,2384663,2641301,10234179584,28464353280
2025-05-14 06:22:57,45.198,4.603,0,0,319.40,30556.45,32056.02,55,2384865,2641503,10234179584,28464353280
2025-05-14 06:22:57,45.206,4.546,0,12288,319.40,30556.45,32056.02,55,2385070,2641711,10234179584,28464365568
2025-05-14 06:22:58,44.829,4.558,0,0,339.40,30556.45,32056.02,55,2385271,2641912,10234179584,28464365568
2025-05-14 06:22:58,44.273,4.624,0,0,329.40,30556.45,32056.02,55,2385473,2642114,10234179584,28464365568
2025-05-14 06:22:58,45.490,4.658,0,0,329.40,30556.45,32056.02,55,2385674,2642315,10234179584,28464365568
2025-05-14 06:22:58,45.379,4.760,0,0,289.50,30556.45,32056.02,55,2385872,2642513,10234179584,28464365568
2025-05-14 06:22:58,44.943,4.629,0,0,319.50,30556.45,32056.02,55,2386073,2642714,10234179584,28464365568
2025-05-14 06:22:59,46.167,4.766,0,0,309.40,30556.45,32056.02,55,2386275,2642916,10234179584,28464365568
2025-05-14 06:22:59,44.880,4.643,0,0,319.40,30556.45,32056.02,55,2386476,2643117,10234179584,28464365568
2025-05-14 06:22:59,45.065,4.786,0,0,499.10,30556.45,32056.02,55,2387145,2644103,10234179584,28481040384
2025-05-14 06:22:59,46.320,5.226,0,16683008,339.40,30556.45,32056.02,55,2387361,2644325,10234179584,28481126400
2025-05-14 06:22:59,45.344,4.779,0,86016,329.40,30556.45,32056.02,55,2387568,2644534,10234179584,28481142784
2025-05-14 06:23:00,45.343,4.812,0,20480,319.40,30556.45,32056.02,55,2387785,2644758,10234179584,28481179648
2025-05-14 06:23:00,46.850,4.993,0,57344,289.50,30556.45,32056.02,55,2388004,2644984,10234179584,28481241088
2025-05-14 06:23:00,45.037,4.655,0,28672,319.40,30556.45,32056.02,55,2388215,2645199,10234179584,28481310720
2025-05-14 06:23:00,46.261,4.640,0,86016,309.50,30556.45,32056.02,55,2388415,2645400,10234179584,28481327104
2025-05-14 06:23:00,48.352,4.738,0,0,329.40,30556.45,32056.02,55,2388618,2645605,10234179584,28481351680
2025-05-14 06:23:01,48.905,4.767,0,98304,309.50,30556.45,32056.02,55,2388823,2645812,10234179584,28481425408
2025-05-14 06:23:01,46.185,4.881,0,0,299.50,30556.45,32056.02,55,2389025,2646014,10234179584,28481425408
2025-05-14 06:23:01,43.915,4.890,0,0,359.40,30556.45,32056.02,55,2389215,2646204,10234179584,28481425408
2025-05-14 06:23:01,46.561,4.829,16384,0,349.20,30556.45,32056.02,55,2389429,2646412,10234281984,28481425408
2025-05-14 06:23:01,45.815,5.105,86016,0,349.30,30556.45,32056.02,55,2389616,2646599,10234281984,28481425408
2025-05-14 06:23:02,50.448,5.602,8192,0,269.50,30556.45,32056.02,55,2389827,2646806,10234298368,28481425408
2025-05-14 06:23:02,46.406,4.802,8192,0,349.40,30556.45,32056.02,55,2390035,2647012,10234306560,28481425408
2025-05-14 06:23:02,46.324,4.841,8192,0,269.50,30556.45,32056.02,55,2390235,2647212,10234306560,28481425408
2025-05-14 06:23:02,46.144,4.891,4096,0,289.50,30556.45,32056.02,55,2390443,2647418,10234310656,28481425408
2025-05-14 06:23:02,48.104,5.094,28672,0,299.50,30556.45,32056.02,55,2390645,2647620,10234339328,28481429504
2025-05-14 06:23:03,46.134,5.239,36864,4096,329.40,30556.45,32056.02,55,2390848,2647819,10234376192,28481429504
2025-05-14 06:23:03,48.889,5.230,8192,0,289.50,30556.45,32056.02,55,2391057,2648027,10234384384,28481429504
2025-05-14 06:23:03,44.284,5.122,20480,0,299.60,30556.45,32056.02,55,2391267,2648234,10234404864,28481429504
2025-05-14 06:23:03,46.831,4.698,0,0,329.40,30556.45,32056.02,55,2391451,2648418,10234404864,28481429504
2025-05-14 06:23:03,47.029,4.734,0,0,289.50,30556.45,32056.02,55,2391644,2648611,10234404864,28481429504
2025-05-14 06:23:04,45.308,4.785,0,0,349.40,30556.45,32056.02,55,2391843,2648810,10234404864,28481429504
2025-05-14 06:23:04,46.230,4.745,0,0,339.40,30556.45,32056.02,55,2392045,2649012,10234404864,28481429504
2025-05-14 06:23:04,46.770,4.761,0,0,299.50,30556.45,32056.02,55,2392242,2649209,10234404864,28481429504
2025-05-14 06:23:04,47.445,4.731,0,0,299.40,30556.45,32056.02,55,2392445,2649410,10234413056,28481429504
2025-05-14 06:23:04,45.817,4.737,8192,0,319.40,30556.45,32056.02,55,2392649,2649613,10234433536,28481429504
2025-05-14 06:23:05,45.565,4.815,24576,0,359.40,30556.45,32056.02,55,2392872,2649828,10234437632,28481429504
2025-05-14 06:23:05,47.092,5.125,61440,18448384,389.30,30556.45,32056.02,55,2393718,2650896,10234732544,28499877888
2025-05-14 06:23:05,46.771,5.057,266240,45056,329.30,30556.45,32056.02,55,2393950,2651126,10234773504,28499959808
2025-05-14 06:23:05,46.260,4.837,36864,77824,369.40,30556.45,32056.02,55,2394217,2651380,10235101184,28500025344
2025-05-14 06:23:05,46.416,4.910,368640,131072,349.40,30556.45,32056.02,55,2394487,2651650,10235187200,28500168704
2025-05-14 06:23:06,45.666,4.846,36864,36864,379.30,30556.45,32056.02,55,2394741,2651887,10235219968,28500168704
2025-05-14 06:23:06,45.241,4.832,69632,0,339.40,30556.45,32056.02,55,2394973,2652108,10235326464,28500168704
2025-05-14 06:23:06,44.618,4.976,102400,0,309.40,30556.45,32056.02,55,2395249,2652357,10235379712,28500201472
2025-05-14 06:23:06,46.486,4.873,57344,90112,369.40,30556.45,32056.02,55,2395509,2652614,10235437056,28500316160
2025-05-14 06:23:06,46.134,4.966,77824,122880,279.50,30556.45,32056.02,55,2395733,2652833,10235514880,28500381696
2025-05-14 06:23:07,43.329,4.876,0,0,399.30,30556.45,32056.02,55,2395984,2653073,10235514880,28500414464
2025-05-14 06:23:07,44.810,5.069,4096,233472,349.40,30556.45,32056.02,55,2396267,2653372,10235518976,28500873216
2025-05-14 06:23:07,45.485,4.644,0,290816,369.30,30556.45,32056.02,55,2396501,2653609,10235518976,28501123072
2025-05-14 06:23:07,45.964,4.760,0,479232,339.30,30556.45,32056.02,55,2396785,2653905,10235518976,28501659648
2025-05-14 06:23:07,45.346,4.708,4096,335872,529.10,30556.45,32056.02,55,2397132,2654274,10235604992,28502011904
2025-05-14 06:23:08,47.819,5.363,106496,724992,628.90,30556.45,32056.02,55,2397553,2654731,10236022784,28502917120
2025-05-14 06:23:08,49.033,5.482,413696,892928,708.60,30556.45,32056.02,55,2398123,2655308,10236162048,28503822336
2025-05-14 06:23:08,50.536,5.709,135168,1142784,708.80,30556.45,32056.02,55,2398766,2655944,10236211200,28505071616
2025-05-14 06:23:08,50.713,5.471,32768,1150976,698.70,30556.45,32056.02,55,2399463,2656603,10236215296,28506370048
2025-05-14 06:23:08,49.855,5.427,4096,1572864,758.60,30556.45,32056.02,55,2400232,2657330,10236219392,28507901952
2025-05-14 06:23:09,51.447,5.695,4096,1347584,688.70,30556.45,32056.02,55,2400819,2657904,10236219392,28509208576
2025-05-14 06:23:09,50.586,5.273,0,12173312,638.80,30556.45,32056.02,55,2401550,2658861,10236219392,28526247936
2025-05-14 06:23:09,51.249,5.537,0,6189056,678.70,30556.45,32056.02,55,2402655,2659813,10236219392,28527534080
2025-05-14 06:23:09,50.505,5.458,0,1212416,579.00,30556.45,32056.02,55,2403102,2660322,10236219392,28528660480
2025-05-14 06:23:09,49.609,5.095,0,1134592,549.10,30556.45,32056.02,55,2403525,2660754,10236219392,28529627136
2025-05-14 06:23:10,48.027,4.984,0,593920,378.80,30556.45,32056.02,55,2403780,2661025,10236219392,28529909760
2025-05-14 06:23:10,45.959,4.747,32768,73728,449.10,30556.45,32056.02,55,2404059,2661299,10236252160,28530065408
2025-05-14 06:23:10,48.701,5.075,0,581632,469.10,30556.45,32056.02,55,2404347,2661608,10236252160,28530708480
2025-05-14 06:23:10,49.584,5.401,0,299008,489.00,30556.45,32056.02,55,2404630,2661886,10236252160,28530941952
2025-05-14 06:23:10,49.740,5.166,0,282624,479.20,30556.45,32056.02,55,2404942,2662200,10236252160,28531343360
2025-05-14 06:23:11,48.255,5.040,0,520192,469.10,30556.45,32056.02,55,2405262,2662521,10236252160,28531855360
2025-05-14 06:23:11,47.831,5.062,0,966656,588.80,30556.45,32056.02,55,2405626,2662911,10236252160,28533325824
2025-05-14 06:23:11,50.365,5.145,0,1949696,569.00,30556.45,32056.02,55,2405966,2663282,10236252160,28535042048
2025-05-14 06:23:11,50.965,5.146,0,864256,568.90,30556.45,32056.02,55,2406299,2663658,10236252160,28536426496
2025-05-14 06:23:11,49.728,5.051,0,2138112,449.10,30556.45,32056.02,55,2406586,2663985,10236252160,28538253312
2025-05-14 06:23:12,49.480,5.422,0,1683456,588.90,30556.45,32056.02,55,2406904,2664342,10236252160,28539813888
2025-05-14 06:23:12,50.383,5.301,0,1560576,668.90,30556.45,32056.02,55,2407238,2664726,10236252160,28541325312
2025-05-14 06:23:12,49.791,5.251,0,1404928,638.90,30556.45,32056.02,55,2407582,2665117,10236252160,28542828544
2025-05-14 06:23:12,49.761,4.895,0,925696,469.10,30556.45,32056.02,55,2407897,2665452,10236252160,28543246336
2025-05-14 06:23:12,49.046,5.090,0,925696,549.00,30556.45,32056.02,55,2408205,2665779,10236252160,28544782336
2025-05-14 06:23:13,48.790,5.314,0,1150976,539.10,30556.45,32056.02,55,2408567,2666133,10236252160,28545556480
2025-05-14 06:23:13,49.419,5.320,0,1040384,648.90,30556.45,32056.02,55,2409462,2667313,10236252160,28563521536
2025-05-14 06:23:13,50.229,5.774,0,17879040,658.80,30556.45,32056.02,55,2409769,2667662,10236252160,28564676608
2025-05-14 06:23:13,50.425,5.280,0,1155072,638.90,30556.45,32056.02,55,2410117,2668054,10236252160,28565815296
2025-05-14 06:23:13,48.878,5.190,0,1134592,668.70,30556.45,32056.02,55,2410454,2668429,10236252160,28566945792
2025-05-14 06:23:14,50.098,5.084,0,1310720,688.60,30556.45,32056.02,55,2410785,2668805,10236252160,28568444928
2025-05-14 06:23:14,50.890,5.073,0,1343488,668.80,30556.45,32056.02,55,2411106,2669175,10236252160,28569829376
2025-05-14 06:23:14,49.556,4.839,0,1077248,578.90,30556.45,32056.02,55,2411400,2669505,10236252160,28570783744
2025-05-14 06:23:14,47.503,4.843,0,839680,489.20,30556.45,32056.02,55,2411697,2669804,10236252160,28571729920
2025-05-14 06:23:14,47.460,4.730,0,1105920,549.00,30556.45,32056.02,55,2412023,2670147,10236252160,28572995584
2025-05-14 06:23:15,48.665,4.857,0,1675264,648.70,30556.45,32056.02,55,2412378,2670547,10236252160,28574797824
2025-05-14 06:23:15,50.302,4.904,0,1638400,638.90,30556.45,32056.02,55,2412703,2670916,10236252160,28576198656
2025-05-14 06:23:15,49.333,5.020,0,1658880,668.80,30556.45,32056.02,55,2413046,2671301,10236252160,28577673216
2025-05-14 06:23:15,50.183,5.143,0,1314816,658.80,30556.45,32056.02,55,2413368,2671663,10236252160,28579078144
2025-05-14 06:23:15,50.028,5.137,0,1347584,638.80,30556.45,32056.02,55,2413697,2672034,10236252160,28580409344
2025-05-14 06:23:16,50.230,4.927,0,1105920,638.90,30556.45,32056.02,55,2414019,2672402,10236252160,28581105664
2025-05-14 06:23:16,49.176,4.740,0,884736,539.10,30556.45,32056.02,55,2414329,2672723,10236252160,28582068224
2025-05-14 06:23:16,47.877,4.839,0,647168,549.00,30556.45,32056.02,55,2414681,2673079,10236252160,28583247872
2025-05-14 06:23:16,48.118,5.224,16384,1441792,588.90,30556.45,32056.02,55,2415048,2673473,10236268544,28584460288
2025-05-14 06:23:17,49.497,5.024,0,1540096,668.90,30556.45,32056.02,55,2415384,2673856,10236268544,28586065920
2025-05-14 06:23:17,49.837,5.166,0,1470464,638.90,30556.45,32056.02,55,2415695,2674206,10236268544,28587368448
2025-05-14 06:23:17,49.692,4.909,0,1269760,638.80,30556.45,32056.02,55,2416018,2674576,10236268544,28588695552
2025-05-14 06:23:17,49.981,5.155,0,22523904,638.80,30556.45,32056.02,55,2416814,2675910,10236268544,28611055616
2025-05-14 06:23:17,50.062,5.141,0,1724416,668.90,30556.45,32056.02,55,2417221,2676384,10236268544,28612964352
2025-05-14 06:23:18,49.572,5.284,0,1122304,569.00,30556.45,32056.02,55,2417570,2676772,10236268544,28613636096
2025-05-14 06:23:18,47.936,4.967,0,299008,469.10,30556.45,32056.02,55,2417825,2677044,10236268544,28613967872
2025-05-14 06:23:18,46.994,4.970,0,512000,559.00,30556.45,32056.02,55,2418093,2677336,10236268544,28614852608
2025-05-14 06:23:18,47.515,4.943,0,1130496,599.00,30556.45,32056.02,55,2418471,2677731,10236268544,28616237056
2025-05-14 06:23:18,50.203,5.010,0,1748992,658.60,30556.45,32056.02,55,2418820,2678125,10236268544,28617768960
2025-05-14 06:23:19,50.961,5.468,0,1269760,658.70,30556.45,32056.02,55,2419127,2678467,10236268544,28618915840
2025-05-14 06:23:19,50.544,5.223,0,1122304,638.70,30556.45,32056.02,55,2419412,2678785,10236268544,28620038144
2025-05-14 06:23:19,49.602,5.175,0,1048576,658.80,30556.45,32056.02,55,2419722,2679149,10236268544,28621508608
2025-05-14 06:23:19,50.236,5.461,0,1368064,638.80,30556.45,32056.02,55,2420238,2679614,10236268544,28622712832
2025-05-14 06:23:19,51.191,4.899,0,1327104,668.80,30556.45,32056.02,55,2420534,2679945,10236268544,28623749120
2025-05-14 06:23:20,50.386,5.297,0,1007616,648.70,30556.45,32056.02,55,2420896,2680324,10236268544,28624715776
2025-05-14 06:23:20,49.583,5.406,0,913408,329.40,30556.45,32056.02,55,2421483,2680846,10236268544,28626001920
2025-05-14 06:23:20,49.814,4.787,0,892928,479.10,30556.45,32056.02,55,2421736,2681117,10236268544,28626427904
2025-05-14 06:23:20,50.019,5.017,0,933888,519.10,30556.45,32056.02,55,2422033,2681449,10236268544,28627271680
2025-05-14 06:23:20,50.468,4.971,16384,806912,429.30,30556.45,32056.02,55,2422361,2681785,10236329984,28627918848
2025-05-14 06:23:21,48.579,4.719,49152,679936,559.10,30556.45,32056.02,55,2422675,2682112,10236342272,28629057536
2025-05-14 06:23:21,50.156,5.045,16384,1249280,509.00,30556.45,32056.02,55,2423014,2682488,10236358656,28630102016
2025-05-14 06:23:21,50.845,5.388,8192,1060864,738.70,30556.45,32056.02,55,2424965,2683919,10236358656,28631195648
2025-05-14 06:23:21,51.943,5.562,0,4890624,658.80,30556.45,32056.02,55,2427605,2686291,10236358656,28651896832
2025-05-14 06:23:21,51.165,5.110,0,16744448,688.80,30556.45,32056.02,55,2427913,2686637,10236358656,28652875776
2025-05-14 06:23:22,49.744,5.137,0,811008,399.30,30556.45,32056.02,55,2428236,2686999,10236358656,28653522944
2025-05-14 06:23:22,47.488,4.423,0,495616,429.30,30556.45,32056.02,55,2428821,2687528,10236358656,28654288896
2025-05-14 06:23:22,49.160,4.573,0,884736,688.60,30556.45,32056.02,55,2429143,2687888,10236362752,28654927872
2025-05-14 06:23:22,51.094,5.151,24576,495616,449.10,30556.45,32056.02,55,2429453,2688225,10236383232,28655280128
2025-05-14 06:23:22,47.829,4.461,0,356352,379.30,30556.45,32056.02,55,2432004,2690056,10236383232,28655570944
2025-05-14 06:23:23,47.919,4.506,0,303104,389.30,30556.45,32056.02,55,2432342,2690416,10236383232,28656177152
2025-05-14 06:23:23,47.843,4.348,0,937984,379.40,30556.45,32056.02,55,2432689,2690816,10236383232,28657106944
2025-05-14 06:23:23,47.497,4.303,0,602112,389.40,30556.45,32056.02,55,2433046,2691188,10236383232,28657651712
2025-05-14 06:23:23,47.840,4.461,0,704512,419.20,30556.45,32056.02,55,2433578,2691689,10236383232,28658704384
2025-05-14 06:23:23,47.710,4.322,0,1024000,379.40,30556.45,32056.02,55,2434228,2692251,10236383232,28659212288
2025-05-14 06:23:24,47.280,4.237,0,765952,439.30,30556.45,32056.02,55,2435151,2693181,10236383232,28667162624
2025-05-14 06:23:24,48.297,4.492,4096,11145216,369.40,30556.45,32056.02,55,2436041,2693969,10236387328,28671119360
2025-05-14 06:23:24,47.329,4.273,0,942080,199.70,30556.45,32056.02,55,2436355,2694318,10236387328,28672188416
2025-05-14 06:23:24,43.517,3.999,0,413696,189.70,30556.45,32056.02,55,2436603,2694582,10236387328,28672430080
2025-05-14 06:23:24,42.746,3.916,0,237568,169.70,30556.45,32056.02,55,2436857,2694856,10236387328,28672999424
2025-05-14 06:23:25,41.942,3.882,0,802816,169.70,30556.45,32056.02,55,2437101,2695117,10236387328,28673421312
2025-05-14 06:23:25,42.176,3.954,0,147456,179.70,30556.45,32056.02,55,2437352,2695386,10236387328,28673753088
2025-05-14 06:23:25,42.137,3.907,0,368640,169.70,30556.45,32056.02,55,2437609,2695662,10236387328,28674129920
2025-05-14 06:23:25,42.480,3.897,4096,516096,259.60,30556.45,32056.02,55,2438402,2696695,10236391424,28687917056
2025-05-14 06:23:25,43.038,4.099,0,15269888,169.70,30556.45,32056.02,55,2438707,2697176,10236391424,28689747968
2025-05-14 06:23:26,42.195,3.882,0,147456,179.70,30556.45,32056.02,55,2438958,2697444,10236391424,28689874944
2025-05-14 06:23:26,42.613,3.894,0,118784,179.70,30556.45,32056.02,55,2439210,2697713,10236391424,28689997824
2025-05-14 06:23:26,42.117,3.860,0,118784,89.90,30556.45,32056.02,55,2439459,2697979,10236391424,28690149376
2025-05-14 06:23:26,39.501,3.846,0,135168,69.90,30556.45,32056.02,55,2439672,2698196,10236391424,28690202624
2025-05-14 06:23:26,38.146,3.764,0,16384,69.90,30556.45,32056.02,55,2439873,2698397,10236391424,28690202624
2025-05-14 06:23:27,37.228,3.764,0,0,79.90,30556.45,32056.02,55,2440108,2698648,10236391424,28690399232
2025-05-14 06:23:27,38.066,3.796,0,196608,119.80,30556.45,32056.02,55,2440309,2698849,10236391424,28690399232
2025-05-14 06:23:27,41.822,4.090,0,0,89.80,30556.45,32056.02,55,2440510,2699050,10236391424,28690399232
2025-05-14 06:23:27,46.947,4.451,0,28672,109.80,30556.45,32056.02,55,2440725,2699274,10236391424,28690518016
2025-05-14 06:23:27,45.093,4.111,0,1261568,79.90,30556.45,32056.02,55,2441050,2699643,10236391424,28691714048
2025-05-14 06:23:28,39.531,3.884,0,24576,69.90,30556.45,32056.02,55,2441251,2699844,10236391424,28691714048
2025-05-14 06:23:28,38.051,3.803,0,8192,69.90,30556.45,32056.02,55,2441458,2700053,10236391424,28691722240
2025-05-14 06:23:28,43.307,3.934,0,0,79.90,30556.45,32056.02,55,2441660,2700255,10236391424,28691722240
2025-05-14 06:23:28,42.248,3.920,0,126976,89.80,30556.45,32056.02,55,2441875,2700478,10236391424,28691849216
2025-05-14 06:23:28,48.311,4.349,0,106496,99.80,30556.45,32056.02,55,2442090,2700704,10236391424,28691972096
2025-05-14 06:23:29,44.872,4.010,0,16384,69.80,30556.45,32056.02,55,2442291,2700905,10236391424,28691972096
2025-05-14 06:23:29,40.735,3.810,0,0,49.90,30556.45,32056.02,55,2442493,2701107,10236391424,28691972096
2025-05-14 06:23:29,39.391,3.721,0,0,69.90,30556.45,32056.02,55,2442694,2701308,10236391424,28691972096
2025-05-14 06:23:29,42.554,3.800,0,0,59.90,30556.45,32056.02,55,2442896,2701510,10236391424,28691972096
2025-05-14 06:23:29,43.229,3.906,0,0,159.70,30556.45,32056.02,55,2443117,2701741,10236391424,28692029440
2025-05-14 06:23:30,46.181,4.319,8192,18018304,169.70,30556.45,32056.02,55,2443787,2702749,10236424192,28709998592
2025-05-14 06:23:30,42.522,4.101,40960,86016,189.70,30556.45,32056.02,55,2444028,2702992,10236444672,28710076416
2025-05-14 06:23:30,42.817,4.082,20480,0,169.70,30556.45,32056.02,55,2444248,2703207,10236481536,28710076416
2025-05-14 06:23:30,43.698,4.076,28672,0,209.60,30556.45,32056.02,55,2444457,2703413,10236489728,28710076416
2025-05-14 06:23:30,43.528,3.795,0,0,209.60,30556.45,32056.02,55,2444658,2703614,10236489728,28710076416
2025-05-14 06:23:31,43.193,3.799,0,0,209.60,30556.45,32056.02,55,2444860,2703816,10236489728,28710076416
2025-05-14 06:23:31,43.465,3.782,0,0,169.70,30556.45,32056.02,55,2445083,2704043,10236522496,28710129664
2025-05-14 06:23:31,42.116,4.245,90112,53248,229.60,30556.45,32056.02,55,2445299,2704254,10236579840,28710129664
2025-05-14 06:23:31,42.728,4.066,8192,0,189.70,30556.45,32056.02,55,2445510,2704462,10236588032,28710129664
2025-05-14 06:23:31,42.847,3.754,0,0,199.70,30556.45,32056.02,55,2445711,2704663,10236588032,28710129664
2025-05-14 06:23:32,43.583,3.874,0,122880,199.60,30556.45,32056.02,55,2445937,2704899,10236588032,28710252544
2025-05-14 06:23:32,43.064,3.748,0,0,199.60,30556.45,32056.02,55,2446139,2705101,10236588032,28710252544
2025-05-14 06:23:32,42.966,3.834,4096,0,159.70,30556.45,32056.02,55,2446358,2705314,10236596224,28710252544
2025-05-14 06:23:32,41.470,4.036,45056,49152,179.70,30556.45,32056.02,55,2446588,2705543,10236637184,28710301696
2025-05-14 06:23:32,41.930,3.941,12288,0,169.70,30556.45,32056.02,55,2446798,2705750,10236649472,28710301696
2025-05-14 06:23:33,42.396,3.800,0,0,189.70,30556.45,32056.02,55,2447000,2705952,10236649472,28710301696
2025-05-14 06:23:33,43.024,3.727,0,0,209.70,30556.45,32056.02,55,2447201,2706153,10236649472,28710301696
2025-05-14 06:23:33,42.821,3.796,0,0,199.70,30556.45,32056.02,55,2447401,2706353,10236649472,28710301696
2025-05-14 06:23:33,43.189,3.837,0,0,209.50,30556.45,32056.02,55,2447602,2706554,10236649472,28710301696
2025-05-14 06:23:33,42.914,3.754,0,0,199.70,30556.45,32056.02,55,2447795,2706752,10236649472,28710301696
2025-05-14 06:23:34,43.384,3.808,0,0,179.70,30556.45,32056.02,55,2448009,2706962,10236661760,28710301696
2025-05-14 06:23:34,41.989,4.015,24576,40960,169.70,30556.45,32056.02,55,2448248,2707198,10236686336,28710342656
2025-05-14 06:23:34,42.491,3.957,20480,0,189.70,30556.45,32056.02,55,2448452,2707401,10236694528,28710342656
2025-05-14 06:23:34,42.858,3.913,0,0,259.60,30556.45,32056.02,55,2448671,2707627,10236694528,28710412288
2025-05-14 06:23:34,44.857,4.149,0,69632,209.60,30556.45,32056.02,55,2448872,2707828,10236694528,28710412288
2025-05-14 06:23:35,43.481,4.573,0,0,209.70,30556.45,32056.02,55,2449073,2708029,10236694528,28710412288
2025-05-14 06:23:35,43.300,4.590,0,0,219.60,30556.45,32056.02,55,2449275,2708231,10236694528,28710412288
2025-05-14 06:23:35,44.611,4.440,0,0,229.50,30556.45,32056.02,55,2449476,2708432,10236694528,28710412288
2025-05-14 06:23:35,48.426,4.863,0,0,199.60,30556.45,32056.02,55,2449678,2708634,10236694528,28710412288
2025-05-14 06:23:35,47.404,4.426,0,0,219.60,30556.45,32056.02,55,2449902,2708867,10236694528,28710531072
2025-05-14 06:23:36,44.201,4.431,0,118784,419.30,30556.45,32056.02,55,2450431,2709411,10236862464,28717355008
2025-05-14 06:23:36,46.629,5.257,335872,12881920,729.30,30556.46,32056.02,55,2450962,2710289,10237149184,28723818496
2025-05-14 06:23:36,51.025,6.060,143360,1273856,518.90,30556.46,32056.02,55,2451291,2710641,10237202432,28724899840
2025-05-14 06:23:36,48.631,5.295,65536,450560,618.80,30556.46,32056.02,55,2451609,2710971,10237251584,28725452800
2025-05-14 06:23:36,50.416,5.564,24576,618496,638.60,30556.46,32056.02,55,2451970,2711369,10237280256,28726198272
2025-05-14 06:23:37,51.494,5.784,36864,868352,638.90,30556.46,32056.02,55,2452365,2711804,10237407232,28727140352
2025-05-14 06:23:37,49.465,5.542,131072,1208320,658.80,30556.46,32056.02,55,2452799,2712302,10237460480,28728283136
2025-05-14 06:23:37,49.787,5.425,57344,946176,588.80,30556.46,32056.02,55,2453153,2712675,10237562880,28729188352
2025-05-14 06:23:37,49.219,5.120,73728,856064,728.70,30556.46,32056.02,55,2453556,2713128,10237706240,28731088896
2025-05-14 06:23:37,50.614,5.478,155648,2031616,628.70,30556.46,32056.02,55,2454226,2713751,10237771776,28732137472
2025-05-14 06:23:38,50.062,5.406,69632,1060864,638.90,30556.46,32056.02,55,2454616,2714180,10237812736,28733276160
2025-05-14 06:23:38,49.192,5.574,61440,933888,648.90,30556.46,32056.02,55,2455325,2714829,10237874176,28734214144
2025-05-14 06:23:38,49.704,5.344,40960,892928,498.00,30556.46,32056.02,55,2455674,2715201,10237894656,28734951424
2025-05-14 06:23:38,48.700,5.057,4096,905216,569.00,30556.46,32056.02,55,2456010,2715567,10237894656,28736090112
2025-05-14 06:23:38,48.826,5.361,0,1187840,529.00,30556.46,32056.02,55,2456328,2715916,10237894656,28737060864
2025-05-14 06:23:39,47.955,4.993,0,901120,608.80,30556.46,32056.02,55,2456624,2716236,10237894656,28738031616
2025-05-14 06:23:39,49.049,5.268,0,1028096,539.00,30556.46,32056.02,55,2456918,2716561,10237894656,28739010560
2025-05-14 06:23:39,48.375,5.165,0,958464,648.70,30556.46,32056.02,55,2457269,2716929,10238021632,28740050944
2025-05-14 06:23:39,49.929,5.762,159744,909312,588.80,30556.46,32056.02,55,2457614,2717290,10238078976,28740927488
2025-05-14 06:23:39,48.575,5.462,57344,794624,589.00,30556.46,32056.02,55,2457905,2717591,10238128128,28741599232
2025-05-14 06:23:40,48.270,5.418,16384,1073152,658.80,30556.46,32056.02,55,2458219,2717945,10238128128,28742864896
2025-05-14 06:23:40,49.950,5.410,0,19349504,648.70,30556.45,32056.02,55,2459309,2719337,10238128128,28763590656
2025-05-14 06:23:40,50.149,5.244,0,2547712,688.60,30556.45,32056.02,55,2459597,2719659,10238128128,28764762112
2025-05-14 06:23:40,51.039,5.655,0,638976,788.40,30556.45,32056.02,55,2459821,2719893,10238128128,28764909568
2025-05-14 06:23:40,53.749,5.566,0,143360,788.40,30556.45,32056.02,55,2460082,2720172,10238128128,28765380608
2025-05-14 06:23:41,53.295,6.351,0,978944,808.50,30556.45,32056.02,55,2460358,2720475,10238128128,28766605312
2025-05-14 06:23:41,53.376,6.044,0,1155072,778.60,30556.45,32056.02,55,2460653,2720817,10238128128,28768382976
2025-05-14 06:23:41,52.556,5.834,0,2752512,728.60,30556.45,32056.02,55,2460993,2721211,10238140416,28771405824
2025-05-14 06:23:41,52.305,5.432,135168,3239936,668.80,30556.45,32056.02,55,2461395,2721675,10238263296,28774432768
2025-05-14 06:23:41,49.471,5.288,12288,1822720,628.90,30556.45,32056.02,55,2461723,2722026,10238287872,28775477248
2025-05-14 06:23:42,49.924,5.121,12288,1077248,569.00,30556.45,32056.02,55,2462022,2722358,10238287872,28776509440
2025-05-14 06:23:42,48.525,5.082,0,1187840,638.80,30556.45,32056.02,55,2462346,2722714,10238287872,28777754624
2025-05-14 06:23:42,48.821,4.997,0,1155072,608.80,30556.45,32056.02,55,2462642,2723044,10238287872,28778840064
2025-05-14 06:23:42,49.182,5.125,0,1036288,618.70,30556.45,32056.02,55,2462927,2723362,10238287872,28779933696
2025-05-14 06:23:42,49.389,4.954,0,1114112,588.80,30556.45,32056.02,55,2463226,2723694,10238287872,28781019136
2025-05-14 06:23:43,48.858,5.054,0,1015808,628.90,30556.45,32056.02,55,2463511,2724015,10238287872,28782202880
2025-05-14 06:23:43,48.221,5.192,0,1249280,589.00,30556.45,32056.02,55,2463805,2724342,10238287872,28783370240
2025-05-14 06:23:43,49.019,4.886,0,1175552,618.90,30556.45,32056.02,55,2464086,2724654,10238287872,28784545792
2025-05-14 06:23:43,49.012,5.112,0,1110016,538.90,30556.45,32056.02,55,2464354,2724951,10238287872,28785500160
2025-05-14 06:23:43,49.963,5.477,0,1036288,578.80,30556.45,32056.02,55,2464628,2725258,10238287872,28786593792
2025-05-14 06:23:44,49.896,5.258,0,1081344,569.00,30556.45,32056.02,55,2464919,2725581,10238291968,28787621888
2025-05-14 06:23:44,48.388,5.291,4096,1032192,618.80,30556.45,32056.02,55,2465938,2726985,10238291968,28805410816
2025-05-14 06:23:44,48.708,5.282,0,17784832,618.80,30556.45,32056.02,55,2466210,2727285,10238291968,28806545408
2025-05-14 06:23:44,49.241,4.946,0,839680,568.90,30556.45,32056.02,55,2466482,2727578,10238291968,28807467008
2025-05-14 06:23:44,48.951,5.285,0,1130496,598.80,30556.45,32056.02,55,2466756,2727881,10238291968,28808486912
2025-05-14 06:23:45,49.756,5.369,0,827392,548.90,30556.45,32056.02,55,2467018,2728167,10238291968,28809289728
2025-05-14 06:23:45,47.843,5.301,0,958464,528.90,30556.45,32056.02,55,2467300,2728478,10238291968,28810227712
2025-05-14 06:23:45,48.746,5.092,0,1036288,548.90,30556.45,32056.02,55,2467573,2728785,10238291968,28811264000
2025-05-14 06:23:45,49.185,5.109,0,966656,618.70,30556.45,32056.02,55,2467873,2729117,10238291968,28812234752
2025-05-14 06:23:45,49.067,5.260,0,999424,608.90,30556.45,32056.02,55,2468167,2729443,10238291968,28813221888
2025-05-14 06:23:46,47.839,5.155,0,876544,648.80,30556.45,32056.02,55,2468451,2729758,10238291968,28814254080
2025-05-14 06:23:46,48.508,5.435,0,1159168,548.90,30556.45,32056.02,55,2468750,2730089,10238291968,28815237120
2025-05-14 06:23:46,48.741,4.919,0,598016,329.50,30556.45,32056.02,55,2469006,2730364,10238291968,28815572992
2025-05-14 06:23:46,48.627,5.352,0,356352,798.50,30556.45,32056.02,55,2469236,2730604,10238291968,28815863808
2025-05-14 06:23:47,52.129,5.091,0,118784,798.50,30556.45,32056.02,55,2469443,2730814,10238291968,28815994880
2025-05-14 06:23:47,52.347,4.850,0,131072,798.50,30556.45,32056.02,55,2469644,2731015,10238291968,28815994880
2025-05-14 06:23:47,52.810,4.327,0,380928,809.30,30556.45,32056.02,55,2469907,2731293,10238300160,28816977920
2025-05-14 06:23:47,52.363,5.351,626688,946176,798.50,30556.45,32056.02,55,2470226,2731620,10238918656,28817911808
2025-05-14 06:23:47,52.249,5.748,0,1531904,758.60,30556.45,32056.02,55,2470522,2731949,10238918656,28819759104
2025-05-14 06:23:48,52.394,5.234,0,1302528,718.70,30556.45,32056.02,55,2470780,2732227,10238918656,28820344832
2025-05-14 06:23:48,51.705,5.859,0,335872,748.60,30556.45,32056.02,55,2471031,2732492,10238918656,28820807680
2025-05-14 06:23:48,51.777,6.016,0,901120,738.70,30556.45,32056.02,55,2471282,2732761,10238918656,28821794816
2025-05-14 06:23:48,52.318,5.074,0,18599936,768.60,30556.45,32056.02,55,2472025,2734175,10238918656,28840628224
2025-05-14 06:23:48,52.733,4.725,0,1155072,768.70,30556.45,32056.02,55,2472439,2734647,10238918656,28842401792
2025-05-14 06:23:49,51.690,5.188,0,2871296,778.40,30556.45,32056.02,55,2472828,2735083,10238918656,28845039616
2025-05-14 06:23:49,52.528,5.730,0,1699840,758.60,30556.45,32056.02,55,2473154,2735440,10238918656,28846055424
2025-05-14 06:23:49,51.848,5.482,0,933888,788.50,30556.45,32056.02,55,2473466,2735780,10238918656,28847321088
2025-05-14 06:23:49,52.771,5.348,0,1335296,698.70,30556.45,32056.02,55,2473868,2736226,10238918656,28848852992
2025-05-14 06:23:49,52.359,4.873,0,1503232,738.50,30556.45,32056.02,55,2474328,2736743,10238918656,28850765824
2025-05-14 06:23:50,53.151,5.067,0,2715648,778.50,30556.45,32056.02,55,2474858,2737313,10238918656,28853997568
2025-05-14 06:23:50,52.667,5.077,0,3080192,728.50,30556.45,32056.02,55,2475269,2737775,10238918656,28856635392
2025-05-14 06:23:50,52.521,4.994,0,4026368,728.60,30556.45,32056.02,55,2475718,2738287,10238918656,28860538880
2025-05-14 06:23:50,51.214,4.876,0,2129920,748.50,30556.45,32056.02,55,2476183,2738814,10238918656,28864507904
2025-05-14 06:23:50,52.613,4.763,0,5156864,759.10,30556.50,32056.02,55,2476596,2739282,10238918656,28867846144
2025-05-14 06:23:51,51.517,5.065,0,2932736,708.60,30556.50,32056.02,55,2477009,2739747,10238918656,28871188480
2025-05-14 06:23:51,50.876,5.068,0,2379776,628.70,30556.50,32056.02,55,2477316,2740086,10238918656,28872527872
2025-05-14 06:23:51,50.494,4.851,0,1662976,668.90,30556.50,32056.02,55,2477795,2740678,10238922752,28874993664
2025-05-14 06:23:51,50.332,4.923,4096,1884160,618.90,30556.50,32056.02,55,2478107,2741028,10238922752,28876439552
2025-05-14 06:23:51,50.742,5.110,0,4022272,688.60,30556.50,32056.02,55,2478544,2741523,10238922752,28879925248
2025-05-14 06:23:52,51.365,5.418,0,1048576,608.80,30556.50,32056.02,55,2478852,2741853,10238922752,28880928768
2025-05-14 06:23:52,51.234,5.507,0,3358720,509.00,30556.50,32056.02,55,2479320,2742354,10238922752,28884488192
2025-05-14 06:23:52,50.509,5.309,0,1167360,638.90,30556.50,32056.02,55,2479623,2742690,10238922752,28885684224
2025-05-14 06:23:52,50.157,5.469,0,1032192,559.00,30556.50,32056.02,55,2480534,2743932,10238922752,28902998016
2025-05-14 06:23:52,50.257,5.041,0,17604608,489.00,30556.50,32056.02,55,2480895,2744325,10238922752,28905889792
2025-05-14 06:23:53,50.083,5.400,0,2572288,678.60,30556.50,32056.02,55,2481222,2744662,10238922752,28906618880
2025-05-14 06:23:53,50.873,5.660,0,851968,599.20,30556.50,32056.02,55,2481526,2745000,10238922752,28907548672
2025-05-14 06:23:53,48.804,5.341,0,1015808,538.90,30556.50,32056.02,55,2481821,2745330,10238922752,28908457984
2025-05-14 06:23:53,49.980,5.222,0,782336,469.10,30556.50,32056.02,55,2482088,2745623,10238922752,28909137920
2025-05-14 06:23:53,50.667,4.845,0,667648,689.00,30556.50,32056.02,55,2482370,2745932,10238922752,28909989888
2025-05-14 06:23:54,50.544,5.169,0,1073152,638.80,30556.50,32056.02,55,2482664,2746260,10238922752,28911120384
2025-05-14 06:23:54,50.097,5.222,0,1138688,579.00,30556.50,32056.02,55,2482945,2746568,10238922752,28912275456
2025-05-14 06:23:54,48.894,5.101,0,1044480,628.80,30556.50,32056.02,55,2483253,2746919,10238922752,28913778688
2025-05-14 06:23:54,49.941,5.226,0,1372160,688.70,30556.50,32056.02,55,2483566,2747272,10238922752,28914864128
2025-05-14 06:23:54,50.083,5.423,0,1310720,668.80,30556.50,32056.02,55,2483879,2747618,10238922752,28916191232
2025-05-14 06:23:55,50.210,5.128,0,1388544,618.80,30556.50,32056.02,55,2484175,2747952,10238922752,28917899264
2025-05-14 06:23:55,49.455,4.947,0,1773568,569.00,30556.50,32056.02,55,2484476,2748284,10238922752,28919332864
2025-05-14 06:23:55,48.705,4.923,0,1118208,608.80,30556.50,32056.02,55,2484752,2748591,10238922752,28920586240
2025-05-14 06:23:55,49.833,5.102,0,1376256,618.90,30556.50,32056.02,55,2485059,2748931,10238922752,28921782272
2025-05-14 06:23:55,50.308,5.087,0,1622016,678.70,30556.50,32056.02,55,2485383,2749300,10238922752,28923400192
2025-05-14 06:23:56,50.343,5.223,0,1306624,678.90,30556.50,32056.02,55,2485768,2749748,10238922752,28924760064
2025-05-14 06:23:56,50.127,5.314,0,1343488,698.80,30556.50,32056.02,55,2486158,2750206,10238922752,28926185472
2025-05-14 06:23:56,50.682,5.326,0,1482752,668.80,30556.54,32056.02,55,2486600,2750728,10238922752,28927696896
2025-05-14 06:23:56,50.804,5.371,0,1556480,698.60,30556.54,32056.02,55,2487467,2751729,10238922752,28935831552
2025-05-14 06:23:56,51.067,5.361,0,18669568,678.90,30556.54,32056.02,55,2488105,2753032,10238922752,28947947520
2025-05-14 06:23:57,50.833,5.111,0,1355776,718.70,30556.54,32056.02,55,2488490,2753484,10238922752,28949389312
2025-05-14 06:23:57,50.290,5.284,0,1490944,678.70,30556.54,32056.02,55,2488836,2753891,10238922752,28950716416
2025-05-14 06:23:57,49.649,5.322,0,1384448,688.80,30556.54,32056.02,55,2489203,2754315,10238922752,28952084480
2025-05-14 06:23:57,50.237,5.087,0,1269760,648.90,30556.54,32056.02,55,2489519,2754672,10238922752,28953276416
2025-05-14 06:23:57,50.774,5.147,0,2035712,648.80,30556.54,32056.02,55,2489920,2755152,10238922752,28955897856
2025-05-14 06:23:58,50.507,5.225,0,1773568,598.90,30556.54,32056.02,55,2490231,2755501,10238922752,28957048832
2025-05-14 06:23:58,48.958,5.139,0,1134592,618.80,30556.54,32056.02,55,2490527,2755833,10238922752,28958175232
2025-05-14 06:23:58,49.142,5.383,0,1355776,638.70,30556.54,32056.02,55,2490838,2756183,10238922752,28959584256
2025-05-14 06:23:58,49.095,5.096,0,1175552,679.50,30556.54,32056.02,55,2491128,2756509,10238922752,28960768000
2025-05-14 06:23:58,50.316,5.148,0,1142784,668.70,30556.54,32056.02,55,2491457,2756885,10238922752,28962123776
2025-05-14 06:23:59,50.093,5.156,0,1474560,618.90,30556.54,32056.02,55,2491770,2757238,10238922752,28963377152
2025-05-14 06:23:59,49.448,5.083,0,1277952,668.90,30556.54,32056.02,55,2492075,2757579,10238922752,28964663296
2025-05-14 06:23:59,50.183,5.212,0,1179648,619.00,30556.54,32056.02,55,2492506,2757992,10238922752,28965838848
2025-05-14 06:23:59,50.138,5.134,0,1380352,668.90,30556.54,32056.02,55,2492794,2758315,10238922752,28967161856
2025-05-14 06:23:59,49.969,5.079,0,1130496,628.80,30556.54,32056.02,55,2493083,2758634,10238922752,28968292352
2025-05-14 06:24:00,49.002,5.232,0,1363968,698.80,30556.54,32056.02,55,2493417,2759014,10238922752,28969758720
2025-05-14 06:24:00,49.319,5.475,0,1179648,628.80,30556.54,32056.02,55,2493733,2759372,10238922752,28970913792
2025-05-14 06:24:00,49.900,5.362,0,1339392,618.70,30556.54,32056.02,55,2494087,2759778,10238922752,28972183552
2025-05-14 06:24:00,51.029,5.749,0,1081344,529.00,30556.54,32056.02,55,2494301,2760020,10238922752,28973084672
2025-05-14 06:24:00,51.890,5.471,0,12353536,558.90,30556.54,32056.02,55,2495413,2761627,10238922752,28994912256
2025-05-14 06:24:01,51.923,5.276,0,10346496,589.00,30556.54,32056.02,55,2495702,2761958,10238922752,28995940352
2025-05-14 06:24:01,51.079,5.553,0,983040,718.50,30556.54,32056.02,55,2496026,2762327,10238922752,28996927488
2025-05-14 06:24:01,50.196,5.461,0,1249280,668.70,30556.54,32056.02,55,2496457,2762841,10238922752,28998356992
2025-05-14 06:24:01,50.960,5.399,0,1171456,549.00,30556.54,32056.02,55,2496748,2763159,10238922752,28999135232
2025-05-14 06:24:01,51.257,5.453,0,716800,608.90,30556.54,32056.02,55,2497004,2763444,10238922752,28999905280
2025-05-14 06:24:02,50.826,5.455,0,675840,648.90,30556.54,32056.02,55,2497283,2763750,10238922752,29000781824
2025-05-14 06:24:02,50.061,5.609,0,1003520,658.60,30556.54,32056.02,55,2497567,2764066,10238922752,29001707520
2025-05-14 06:24:02,49.566,5.743,0,1253376,598.90,30556.54,32056.02,55,2497875,2764413,10238922752,29003112448
2025-05-14 06:24:02,49.837,5.321,0,1232896,599.00,30556.54,32056.02,55,2498152,2764722,10238922752,29004390400
2025-05-14 06:24:02,50.377,5.249,0,1376256,638.90,30556.54,32056.02,55,2498444,2765047,10238922752,29005553664
2025-05-14 06:24:03,50.712,5.438,0,1032192,588.90,30556.54,32056.02,55,2498747,2765389,10238922752,29006860288
2025-05-14 06:24:03,49.873,5.187,0,1519616,678.80,30556.54,32056.02,55,2499207,2765935,10238922752,29008490496
2025-05-14 06:24:03,50.294,5.240,0,1765376,638.90,30556.54,32056.02,55,2499556,2766338,10238922752,29009862656
2025-05-14 06:24:03,49.988,5.279,0,1343488,638.90,30556.54,32056.02,55,2499932,2766778,10238922752,29011550208
2025-05-14 06:24:03,49.919,5.356,0,1593344,688.90,30556.54,32056.02,55,2500340,2767263,10238922752,29012971520
2025-05-14 06:24:04,50.237,5.297,0,1470464,588.80,30556.54,32056.02,55,2500688,2767662,10238922752,29014335488
2025-05-14 06:24:04,48.646,4.972,4096,1216512,609.00,30556.54,32056.02,55,2500973,2767982,10238926848,29015584768
2025-05-14 06:24:04,48.712,5.295,0,1130496,618.90,30556.54,32056.02,55,2501268,2768313,10238926848,29016895488
2025-05-14 06:24:04,50.264,4.964,0,1404928,638.90,30556.54,32056.02,55,2501559,2768645,10238926848,29018226688
2025-05-14 06:24:04,49.822,5.043,0,1155072,669.40,30556.54,32056.02,55,2502805,2770287,10238926848,29037780992
2025-05-14 06:24:05,49.160,5.168,0,19623936,648.80,30556.54,32056.02,55,2503131,2770655,10238926848,29039001600
2025-05-14 06:24:05,48.276,5.021,0,1232896,588.90,30556.54,32056.02,55,2503411,2770967,10238926848,29040074752
2025-05-14 06:24:05,49.067,5.288,0,1196032,619.00,30556.54,32056.02,55,2503724,2771322,10238926848,29041135616
2025-05-14 06:24:05,49.764,5.205,0,1052672,659.00,30556.54,32056.02,55,2504036,2771674,10238926848,29042212864
2025-05-14 06:24:05,50.051,5.072,0,958464,668.90,30556.54,32056.02,55,2504357,2772037,10238926848,29043290112
2025-05-14 06:24:06,49.010,5.110,0,1024000,569.00,30556.54,32056.02,55,2504649,2772359,10238926848,29044305920
2025-05-14 06:24:06,48.112,4.995,0,1028096,598.90,30556.54,32056.02,55,2504955,2772704,10238926848,29045338112
2025-05-14 06:24:06,49.755,5.226,0,1085440,609.00,30556.54,32056.02,55,2505250,2773036,10238926848,29046476800
2025-05-14 06:24:06,49.597,5.115,0,1118208,659.30,30556.54,32056.02,55,2505547,2773367,10238926848,29047484416
2025-05-14 06:24:06,49.659,5.028,0,970752,629.00,30556.54,32056.02,55,2505838,2773693,10238926848,29048590336
2025-05-14 06:24:07,49.155,5.008,0,1196032,619.50,30556.54,32056.02,55,2506118,2774002,10238926848,29049638912
2025-05-14 06:24:07,49.235,5.391,0,1208320,658.50,30556.54,32056.02,55,2506399,2774314,10238926848,29050843136
2025-05-14 06:24:07,50.577,5.842,0,1159168,619.00,30556.54,32056.02,55,2506697,2774647,10238926848,29052137472
2025-05-14 06:24:07,48.927,5.327,0,1048576,698.80,30556.54,32056.02,55,2506974,2774950,10238926848,29053333504
2025-05-14 06:24:07,50.775,5.583,0,1859584,668.70,30556.54,32056.02,55,2507306,2775334,10238926848,29055672320
2025-05-14 06:24:08,49.194,5.328,0,1822720,609.00,30556.54,32056.02,55,2507615,2775687,10238930944,29056995328
2025-05-14 06:24:08,48.813,5.019,4096,1372160,609.00,30556.54,32056.02,55,2507910,2776018,10238930944,29058203648
2025-05-14 06:24:08,48.902,5.259,0,1159168,609.00,30556.54,32056.02,55,2508183,2776322,10238930944,29059346432
2025-05-14 06:24:08,49.415,4.892,0,1105920,618.90,30556.54,32056.02,55,2508476,2776646,10238930944,29060485120
2025-05-14 06:24:08,49.860,5.336,0,1163264,608.70,30556.54,32056.02,55,2508753,2776961,10238930944,29061525504
2025-05-14 06:24:09,50.717,5.765,0,17223680,579.00,30556.54,32056.02,55,2510154,2778715,10238930944,29078777856
2025-05-14 06:24:09,49.987,5.216,0,921600,609.00,30556.54,32056.02,55,2510412,2779000,10238930944,29079740416
2025-05-14 06:24:09,49.654,5.060,0,999424,548.90,30556.54,32056.02,55,2510679,2779291,10238930944,29080690688
2025-05-14 06:24:09,50.325,5.041,0,917504,628.80,30556.54,32056.02,55,2510972,2779618,10238930944,29081665536
2025-05-14 06:24:09,50.516,5.252,0,1085440,529.00,30556.54,32056.02,55,2511269,2779946,10238930944,29082587136
2025-05-14 06:24:10,48.099,5.238,0,778240,529.00,30556.54,32056.02,55,2511555,2780264,10238930944,29083402240
2025-05-14 06:24:10,49.378,5.259,0,770048,489.10,30556.54,32056.02,55,2511815,2780544,10238930944,29084098560
2025-05-14 06:24:10,48.716,5.136,0,757760,539.10,30556.54,32056.02,55,2512091,2780843,10238930944,29084999680
2025-05-14 06:24:10,49.521,4.956,0,937984,599.00,30556.54,32056.02,55,2512361,2781137,10238930944,29085859840
2025-05-14 06:24:10,49.430,5.253,0,901120,539.00,30556.54,32056.02,55,2512643,2781451,10238930944,29086765056
2025-05-14 06:24:11,48.516,5.239,0,811008,608.80,30556.54,32056.02,55,2512928,2781767,10238930944,29087535104
2025-05-14 06:24:11,48.646,5.288,0,892928,618.80,30556.54,32056.02,55,2513217,2782085,10238930944,29088501760
2025-05-14 06:24:11,49.403,5.091,0,884736,519.10,30556.54,32056.02,55,2513482,2782377,10238930944,29089509376
2025-05-14 06:24:11,49.008,5.102,0,901120,668.60,30556.54,32056.02,55,2513748,2782668,10238930944,29090381824
2025-05-14 06:24:11,50.246,5.491,0,1036288,628.80,30556.54,32056.02,55,2514039,2782995,10238930944,29091454976
2025-05-14 06:24:12,49.492,5.266,0,1150976,618.70,30556.54,32056.02,55,2514346,2783339,10238930944,29092536320
2025-05-14 06:24:12,49.079,5.337,0,1056768,599.00,30556.54,32056.02,55,2514648,2783680,10238930944,29093588992
2025-05-14 06:24:12,48.770,5.362,0,1056768,658.90,30556.54,32056.02,55,2514977,2784054,10238930944,29094731776
2025-05-14 06:24:12,50.036,5.214,0,1060864,668.90,30556.54,32056.02,55,2515294,2784415,10238930944,29095710720
2025-05-14 06:24:12,49.915,5.097,0,929792,668.70,30556.54,32056.02,55,2515597,2784757,10238930944,29096673280
2025-05-14 06:24:13,49.959,5.304,0,7725056,668.90,30556.55,32056.02,55,2516498,2786641,10238930944,29112438784
2025-05-14 06:24:13,49.378,5.260,0,9056256,628.90,30556.55,32056.02,55,2516817,2787002,10238930944,29113503744
2025-05-14 06:24:13,49.093,5.275,0,1191936,678.80,30556.55,32056.02,55,2517137,2787369,10238930944,29114667008
2025-05-14 06:24:13,50.553,5.207,0,1105920,708.60,30556.55,32056.02,55,2517457,2787737,10238930944,29115817984
2025-05-14 06:24:13,50.536,5.043,0,1052672,628.90,30556.55,32056.02,55,2517776,2788098,10238930944,29116784640
2025-05-14 06:24:14,48.970,5.111,0,1097728,638.90,30556.55,32056.02,55,2518094,2788458,10238930944,29117833216
2025-05-14 06:24:14,49.090,5.391,0,1015808,628.90,30556.55,32056.02,55,2518418,2788823,10238930944,29118988288
2025-05-14 06:24:14,48.689,5.299,0,1097728,628.70,30556.55,32056.02,55,2518697,2789131,10238930944,29120000000
2025-05-14 06:24:14,49.565,5.368,0,856064,658.90,30556.55,32056.02,55,2518989,2789454,10238930944,29120815104
2025-05-14 06:24:14,49.984,5.044,0,884736,638.90,30556.55,32056.02,55,2519290,2789787,10238930944,29121794048
2025-05-14 06:24:15,48.811,5.133,0,1040384,609.00,30556.55,32056.02,55,2519574,2790103,10238930944,29122727936
2025-05-14 06:24:15,48.770,5.003,0,970752,579.00,30556.55,32056.02,55,2519859,2790419,10238930944,29123612672
2025-05-14 06:24:15,48.128,5.095,0,921600,579.00,30556.55,32056.02,55,2520150,2790739,10238930944,29124583424
2025-05-14 06:24:15,49.179,5.093,0,929792,648.70,30556.55,32056.02,55,2520418,2791037,10238930944,29125517312
2025-05-14 06:24:15,48.946,5.299,0,917504,579.00,30556.55,32056.02,55,2520720,2791377,10238930944,29126492160
2025-05-14 06:24:16,48.704,4.978,0,1044480,618.90,30556.55,32056.02,55,2521026,2791721,10238930944,29127581696
2025-05-14 06:24:16,48.774,5.245,0,1081344,619.00,30556.55,32056.02,55,2521319,2792043,10238930944,29128699904
2025-05-14 06:24:16,48.654,5.000,0,1130496,608.90,30556.55,32056.02,55,2521606,2792360,10238930944,29129768960
2025-05-14 06:24:16,50.294,5.034,0,1019904,609.00,30556.55,32056.02,55,2521894,2792680,10238930944,29130653696
2025-05-14 06:24:16,47.743,5.209,0,843776,609.00,30556.55,32056.02,55,2522177,2792990,10238930944,29131735040
2025-05-14 06:24:17,48.399,5.172,0,1138688,648.70,30556.55,32057.02,55,2523127,2794372,10238930944,29144158208
2025-05-14 06:24:17,49.512,5.414,0,15609856,499.10,30556.55,32056.02,55,2523789,2795102,10238930944,29148254208
2025-05-14 06:24:17,50.357,5.277,0,876544,499.00,30556.55,32056.02,55,2523992,2795323,10238930944,29149196288
2025-05-14 06:24:17,51.314,5.205,0,888832,648.80,30556.55,32056.02,55,2524419,2795824,10238930944,29151088640
2025-05-14 06:24:18,50.164,5.572,0,2977792,559.10,30556.55,32056.02,55,2524755,2796209,10238930944,29153071104
2025-05-14 06:24:18,48.398,5.457,0,1040384,598.70,30556.55,32056.02,55,2525041,2796524,10238930944,29154140160
2025-05-14 06:24:18,48.645,5.309,0,942080,589.00,30556.55,32056.02,55,2525290,2796798,10238930944,29154996224
2025-05-14 06:24:18,48.860,5.430,0,880640,529.00,30556.55,32056.02,55,2525538,2797070,10238930944,29155840000
2025-05-14 06:24:18,50.150,4.955,0,618496,469.10,30556.55,32056.02,55,2525746,2797300,10238930944,29156376576
2025-05-14 06:24:19,50.208,5.208,0,659456,539.10,30556.55,32056.02,55,2526021,2797603,10238930944,29157244928
2025-05-14 06:24:19,48.391,5.432,0,1003520,559.00,30556.55,32056.02,55,2526333,2797949,10238930944,29158150144
2025-05-14 06:24:19,48.598,5.147,0,868352,578.90,30556.55,32056.02,55,2526646,2798296,10238930944,29159071744
2025-05-14 06:24:19,48.778,5.148,0,913408,499.10,30556.55,32056.02,55,2526905,2798582,10238930944,29159895040
2025-05-14 06:24:19,50.101,5.120,0,831488,569.00,30556.55,32056.02,55,2527175,2798882,10238930944,29160787968
2025-05-14 06:24:20,50.196,5.187,0,905216,578.90,30556.55,32056.02,55,2527473,2799210,10238930944,29161734144
2025-05-14 06:24:20,48.693,5.233,0,851968,578.80,30556.55,32056.02,55,2527759,2799529,10238930944,29162586112
2025-05-14 06:24:20,48.673,5.345,0,946176,668.70,30556.55,32056.02,55,2528037,2799833,10238930944,29163528192
2025-05-14 06:24:20,48.513,5.139,0,966656,549.00,30556.55,32056.02,55,2528288,2800112,10238930944,29164478464
2025-05-14 06:24:20,49.591,5.034,0,839680,579.00,30556.55,32056.02,55,2528573,2800425,10238930944,29165330432
2025-05-14 06:24:21,49.119,5.318,0,974848,579.00,30556.55,32056.02,55,2528875,2800761,10238930944,29166264320
2025-05-14 06:24:21,49.166,5.343,0,966656,599.00,30556.55,32056.02,55,2529175,2801098,10238930944,29167296512
2025-05-14 06:24:21,49.625,5.657,0,21651456,618.80,30556.55,32056.02,55,2530494,2803117,10238930944,29193601024
2025-05-14 06:24:21,49.402,5.416,0,5734400,638.90,30556.55,32056.02,55,2530793,2803453,10238930944,29194616832
2025-05-14 06:24:21,49.663,5.301,0,942080,608.80,30556.55,32056.02,55,2531082,2803776,10238930944,29195653120
2025-05-14 06:24:22,48.905,5.138,0,1069056,638.90,30556.55,32056.02,55,2531369,2804092,10238930944,29196701696
2025-05-14 06:24:22,48.686,5.108,0,950272,628.90,30556.55,32056.02,55,2531677,2804437,10238930944,29197725696
2025-05-14 06:24:22,47.959,5.098,0,1073152,579.00,30556.55,32056.02,55,2531964,2804751,10238930944,29198741504
2025-05-14 06:24:22,48.549,4.895,0,958464,678.80,30556.55,32056.02,55,2532240,2805059,10238930944,29199613952
2025-05-14 06:24:22,49.391,5.124,0,868352,589.00,30556.55,32056.02,55,2532530,2805384,10238930944,29200568320
2025-05-14 06:24:23,48.855,4.976,0,987136,619.00,30556.55,32056.02,55,2532825,2805713,10238930944,29201666048
2025-05-14 06:24:23,47.736,5.073,0,1028096,609.00,30556.55,32056.02,55,2533112,2806031,10238930944,29202657280
2025-05-14 06:24:23,48.474,5.158,0,1163264,629.00,30556.55,32056.02,55,2533412,2806364,10238930944,29203755008
2025-05-14 06:24:23,48.851,5.156,0,946176,638.90,30556.55,32056.02,55,2533680,2806670,10238930944,29204742144
2025-05-14 06:24:23,49.685,5.055,0,1007616,609.00,30556.55,32056.02,55,2533969,2806993,10238930944,29205708800
2025-05-14 06:24:24,48.807,5.017,0,1081344,609.00,30556.55,32056.02,55,2534249,2807301,10238930944,29206716416
2025-05-14 06:24:24,48.391,5.049,0,823296,618.90,30556.55,32056.02,55,2534541,2807622,10238930944,29207564288
2025-05-14 06:24:24,48.588,4.920,0,913408,638.90,30556.55,32056.02,55,2534817,2807923,10238930944,29208559616
2025-05-14 06:24:24,48.891,5.093,0,999424,638.80,30556.55,32056.02,55,2535087,2808221,10238930944,29209493504
2025-05-14 06:24:24,49.754,5.255,0,917504,639.00,30556.55,32056.02,55,2535579,2808968,10238930944,29216657408
2025-05-14 06:24:25,48.989,5.045,0,7184384,648.90,30556.55,32056.02,55,2535895,2809329,10238930944,29217746944
2025-05-14 06:24:25,49.941,5.297,0,1138688,568.90,30556.55,32056.02,55,2536186,2809662,10238930944,29218672640
2025-05-14 06:24:25,46.775,5.407,0,3592192,728.70,30556.55,32056.02,55,2537551,2811621,10238930944,29253742592
2025-05-14 06:24:25,49.697,5.441,0,32423936,628.90,30556.55,32056.02,55,2537830,2811936,10238930944,29254721536
2025-05-14 06:24:25,49.838,5.431,0,933888,598.80,30556.55,32056.02,55,2538105,2812257,10238930944,29255688192
2025-05-14 06:24:26,50.390,5.694,0,1003520,608.80,30556.55,32056.02,55,2538410,2812610,10238930944,29256744960
2025-05-14 06:24:26,49.090,5.158,0,1007616,658.80,30556.55,32056.02,55,2538714,2812954,10238930944,29257703424
2025-05-14 06:24:26,49.314,5.358,0,925696,638.90,30556.55,32056.02,55,2538990,2813254,10238930944,29258678272
2025-05-14 06:24:26,49.545,4.960,0,978944,519.00,30556.55,32056.02,55,2539246,2813533,10238930944,29259476992
2025-05-14 06:24:26,50.476,4.956,0,643072,688.80,30556.55,32056.02,55,2539529,2813845,10238930944,29260357632
2025-05-14 06:24:27,50.760,5.448,0,1019904,668.80,30556.55,32056.02,55,2539843,2814198,10238930944,29261250560
2025-05-14 06:24:27,50.006,5.187,0,770048,599.00,30556.55,32056.02,55,2540133,2814519,10238930944,29261885440
2025-05-14 06:24:27,49.616,5.220,0,692224,678.70,30556.55,32056.02,55,2540417,2814833,10238930944,29263126528
2025-05-14 06:24:27,50.262,5.285,0,1269760,638.80,30556.55,32056.02,55,2540680,2815122,10238930944,29263884288
2025-05-14 06:24:27,50.114,5.188,0,1769472,678.90,30556.55,32056.02,55,2541287,2815873,10238930944,29266903040
2025-05-14 06:24:28,50.294,5.019,0,2134016,618.90,30556.55,32056.02,55,2541599,2816221,10238930944,29267877888
2025-05-14 06:24:28,49.354,5.305,0,958464,668.70,30556.55,32056.02,55,2541855,2816506,10238930944,29268934656
2025-05-14 06:24:28,49.148,5.293,0,978944,658.80,30556.55,32056.02,55,2542133,2816812,10238930944,29269823488
2025-05-14 06:24:28,49.906,5.234,0,888832,688.90,30556.55,32056.02,55,2542400,2817104,10238930944,29270667264
2025-05-14 06:24:28,49.940,5.120,0,884736,648.90,30556.55,32056.02,55,2542674,2817405,10238930944,29271527424
2025-05-14 06:24:29,50.445,5.166,0,884736,639.30,30556.55,32056.02,55,2542950,2817706,10238930944,29272403968
2025-05-14 06:24:29,50.064,5.001,0,7553024,658.80,30556.55,32056.02,55,2543545,2818372,10238930944,29280006144
2025-05-14 06:24:29,49.873,4.887,0,913408,708.60,30556.55,32056.02,55,2544480,2819440,10238930944,29294809088
2025-05-14 06:24:29,50.258,5.296,0,30707712,698.80,30556.55,32056.02,55,2545425,2820630,10238930944,29311643648
2025-05-14 06:24:29,50.124,5.238,0,864256,649.00,30556.55,32056.02,55,2545710,2820943,10238930944,29312495616
2025-05-14 06:24:30,49.835,4.833,0,872448,708.70,30556.55,32056.02,55,2545992,2821253,10238930944,29313372160
2025-05-14 06:24:30,49.977,4.902,0,872448,688.60,30556.55,32056.02,55,2546287,2821577,10238930944,29314314240
2025-05-14 06:24:30,49.807,5.053,0,946176,688.80,30556.55,32056.02,55,2546608,2821933,10238930944,29315198976
2025-05-14 06:24:30,49.394,5.316,0,827392,668.90,30556.55,32056.02,55,2546886,2822238,10238930944,29316005888
2025-05-14 06:24:30,49.927,4.911,0,864256,678.90,30556.55,32056.02,55,2547180,2822563,10238930944,29316960256
2025-05-14 06:24:31,50.100,5.019,0,942080,678.70,30556.55,32056.02,55,2547452,2822862,10238930944,29317931008
2025-05-14 06:24:31,49.073,5.165,0,946176,698.70,30556.55,32056.02,55,2547724,2823158,10238930944,29318746112
2025-05-14 06:24:31,49.284,5.290,0,901120,648.90,30556.55,32056.02,55,2548025,2823495,10238930944,29319606272
2025-05-14 06:24:31,49.438,5.078,0,835584,698.90,30556.55,32056.02,55,2548315,2823813,10238930944,29320597504
2025-05-14 06:24:31,50.053,4.938,0,966656,708.90,30556.55,32056.02,55,2548599,2824126,10238930944,29321551872
2025-05-14 06:24:32,50.099,5.085,0,987136,708.70,30556.55,32056.02,55,2548878,2824439,10238930944,29322498048
2025-05-14 06:24:32,49.888,5.217,0,954368,708.80,30556.55,32056.02,55,2549197,2824781,10238930944,29323505664
2025-05-14 06:24:32,50.642,4.965,0,1056768,589.00,30556.55,32056.02,55,2549486,2825105,10238930944,29324439552
2025-05-14 06:24:32,49.983,5.079,0,827392,668.90,30556.55,32056.02,55,2549785,2825444,10238930944,29325271040
2025-05-14 06:24:32,49.245,5.067,0,856064,668.80,30556.55,32056.02,55,2550135,2825838,10238930944,29327040512
2025-05-14 06:24:33,50.262,5.029,0,3915776,658.70,30556.55,32056.02,55,2550480,2826294,10238930944,29330038784
2025-05-14 06:24:33,49.718,5.115,0,823296,698.90,30556.55,32056.02,55,2550914,2826810,10238930944,29334966272
2025-05-14 06:24:33,49.915,5.033,0,4997120,708.70,30556.55,32056.02,55,2551227,2827162,10238930944,29335838720
2025-05-14 06:24:33,50.413,5.356,0,20819968,708.60,30556.55,32056.02,55,2552147,2829173,10238930944,29365063680
2025-05-14 06:24:33,50.216,5.006,0,9138176,668.80,30556.55,32056.02,55,2552415,2829464,10238930944,29365796864
2025-05-14 06:24:34,50.234,5.166,0,790528,688.50,30556.55,32056.02,55,2552688,2829769,10238930944,29366640640
2025-05-14 06:24:34,49.759,4.988,0,774144,618.90,30556.55,32056.02,55,2552891,2829994,10238930944,29367324672
2025-05-14 06:24:34,50.579,5.363,0,847872,698.70,30556.55,32056.02,55,2553206,2830352,10238930944,29368233984
2025-05-14 06:24:34,50.909,5.114,0,806912,648.90,30556.55,32056.02,55,2553538,2830730,10238930944,29369139200
2025-05-14 06:24:34,50.556,5.246,0,946176,539.10,30556.55,32056.02,55,2553816,2831034,10238930944,29369868288
2025-05-14 06:24:35,48.956,4.839,0,704512,538.90,30556.55,32056.02,55,2554105,2831354,10238930944,29370580992
2025-05-14 06:24:35,49.039,4.724,0,679936,509.10,30556.55,32056.02,55,2554411,2831698,10238930944,29371260928
2025-05-14 06:24:35,48.888,4.801,0,684032,469.20,30556.55,32056.02,55,2554701,2832016,10238930944,29371879424
2025-05-14 06:24:35,49.188,4.751,0,483328,409.20,30556.55,32056.02,55,2555002,2832355,10238930944,29372350464
2025-05-14 06:24:35,50.162,4.875,0,483328,499.10,30556.55,32056.02,55,2555314,2832697,10238930944,29372940288
2025-05-14 06:24:36,48.923,4.793,0,598016,409.30,30556.55,32056.02,55,2555585,2832994,10238930944,29373435904
2025-05-14 06:24:36,47.855,4.492,0,442368,419.20,30556.55,32056.02,55,2555846,2833275,10238930944,29373882368
2025-05-14 06:24:36,47.292,4.394,0,417792,409.30,30556.55,32056.02,55,2556094,2833538,10238930944,29374361600
2025-05-14 06:24:36,47.939,4.590,0,577536,399.20,30556.55,32056.02,55,2556353,2833817,10238930944,29374898176
2025-05-14 06:24:36,47.621,4.419,0,499712,429.20,30556.55,32056.02,55,2556599,2834078,10238930944,29375320064
2025-05-14 06:24:37,47.366,4.473,0,393216,409.30,30556.55,32056.02,55,2556867,2834368,10238930944,29375733760
2025-05-14 06:24:37,47.006,4.350,0,380928,399.30,30556.55,32056.02,55,2557131,2834653,10238930944,29376139264
2025-05-14 06:24:37,47.147,4.427,0,462848,429.10,30556.55,32056.02,55,2557402,2834949,10238930944,29376577536
2025-05-14 06:24:37,47.280,4.406,0,434176,569.10,30556.55,32056.02,55,2558355,2836946,10238930944,29405593600
2025-05-14 06:24:37,48.682,4.742,0,30347264,459.20,30556.55,32056.02,55,2558812,2837494,10238930944,29407330304
2025-05-14 06:24:38,47.537,4.457,0,425984,409.30,30556.55,32056.02,55,2559058,2837755,10238930944,29407821824
2025-05-14 06:24:38,47.071,4.337,0,438272,419.30,30556.55,32056.02,55,2559311,2838025,10238930944,29408288768
2025-05-14 06:24:38,45.594,4.406,0,491520,409.20,30556.55,32056.02,55,2559561,2838291,10238930944,29408718848
2025-05-14 06:24:38,46.065,4.484,0,483328,419.30,30556.55,32056.02,55,2559809,2838555,10238930944,29409214464
2025-05-14 06:24:38,47.088,4.450,0,471040,409.20,30556.55,32056.02,55,2560058,2838820,10238930944,29409697792
2025-05-14 06:24:39,46.304,4.539,0,471040,399.30,30556.55,32056.02,55,2560304,2839081,10238930944,29410123776
2025-05-14 06:24:39,46.012,4.498,0,520192,419.30,30556.55,32056.02,55,2560590,2839395,10238930944,29410672640
2025-05-14 06:24:39,47.192,4.516,0,462848,409.20,30556.55,32056.02,55,2560875,2839708,10238930944,29411147776
2025-05-14 06:24:39,47.167,4.451,0,479232,399.30,30556.55,32056.02,55,2561157,2840017,10238930944,29411577856
2025-05-14 06:24:39,46.259,4.450,0,401408,349.40,30556.55,32056.02,55,2561436,2840323,10238930944,29411975168
2025-05-14 06:24:40,45.026,4.376,0,389120,299.50,30556.55,32056.02,55,2561703,2840612,10238930944,29412380672
2025-05-14 06:24:40,42.991,4.147,0,241664,159.70,30556.55,32056.02,55,2561910,2840821,10238930944,29412442112
2025-05-14 06:24:40,43.427,4.139,0,0,149.70,30556.55,32056.02,55,2562121,2841034,10238930944,29412569088
2025-05-14 06:24:40,42.870,4.170,0,217088,139.80,30556.55,32056.02,55,2562339,2841258,10238930944,29412659200
2025-05-14 06:24:40,41.839,4.099,0,0,149.70,30556.55,32056.02,55,2562541,2841460,10238930944,29412659200
2025-05-14 06:24:41,41.860,4.049,0,0,149.70,30556.55,32056.02,55,2562742,2841661,10238930944,29412659200
2025-05-14 06:24:41,42.032,4.164,0,0,159.70,30556.55,32056.02,55,2562943,2841862,10238930944,29412659200
2025-05-14 06:24:41,42.299,4.137,0,0,159.80,30556.55,32056.02,55,2563145,2842064,10238930944,29412659200
2025-05-14 06:24:41,42.311,4.082,0,122880,159.70,30556.55,32056.02,55,2563352,2842273,10238930944,29412782080
2025-05-14 06:24:41,41.006,4.192,0,10821632,289.30,30556.55,32056.02,55,2564736,2844240,10238930944,29440942080
2025-05-14 06:24:42,43.637,4.343,0,17383424,169.70,30556.55,32056.02,55,2566404,2845427,10238930944,29441146880
2025-05-14 06:24:42,41.830,4.084,0,266240,189.70,30556.55,32056.02,55,2566708,2845751,10238930944,29441388544
2025-05-14 06:24:42,44.911,4.749,0,233472,179.60,30556.55,32056.02,55,2566993,2846048,10238930944,29441650688
2025-05-14 06:24:42,47.202,4.509,0,200704,179.70,30556.55,32056.02,55,2567249,2846323,10238930944,29441835008
2025-05-14 06:24:42,44.340,4.420,0,270336,159.70,30556.55,32056.02,55,2567520,2846613,10238930944,29441998848
2025-05-14 06:24:43,45.616,4.389,0,53248,169.60,30556.55,32056.02,55,2567730,2846826,10238930944,29442068480
2025-05-14 06:24:43,42.267,4.185,0,180224,159.70,30556.55,32056.02,55,2567979,2847084,10238930944,29442240512
2025-05-14 06:24:43,43.490,4.258,0,90112,149.70,30556.55,32056.02,55,2568177,2847286,10238930944,29442330624
2025-05-14 06:24:43,46.450,4.359,0,172032,249.50,30556.55,32056.02,55,2568434,2847570,10238930944,29442572288
2025-05-14 06:24:43,49.445,4.619,0,245760,149.70,30556.55,32056.02,55,2568683,2847837,10238930944,29442752512
2025-05-14 06:24:44,44.149,4.360,0,114688,169.70,30556.55,32056.02,55,2568920,2848086,10238935040,29442871296
2025-05-14 06:24:44,43.382,4.193,4096,110592,179.70,30556.55,32056.02,55,2569151,2848325,10238935040,29442977792
2025-05-14 06:24:44,43.378,4.191,0,155648,189.70,30556.55,32056.02,55,2569424,2848622,10238935040,29443215360
2025-05-14 06:24:44,44.222,4.349,0,352256,179.80,30556.55,32056.02,55,2569745,2848990,10238935040,29443600384
2025-05-14 06:24:44,43.516,4.284,0,286720,169.60,30556.55,32056.02,55,2570007,2849277,10238935040,29443809280
2025-05-14 06:24:45,43.595,4.334,0,212992,189.70,30556.55,32056.02,55,2570230,2849507,10238935040,29444030464
2025-05-14 06:24:45,42.234,4.194,0,200704,179.70,30556.55,32056.02,55,2570470,2849760,10238935040,29444214784
2025-05-14 06:24:45,43.054,4.184,0,172032,199.60,30556.55,32056.02,55,2570698,2849999,10238935040,29444366336
2025-05-14 06:24:45,43.425,4.253,0,184320,179.70,30556.55,32056.02,55,2570953,2850273,10238935040,29444550656
2025-05-14 06:24:45,41.978,4.140,0,163840,219.60,30556.55,32056.02,55,2571604,2851135,10238935040,29455634432
2025-05-14 06:24:46,44.280,4.538,0,29847552,169.70,30556.55,32056.02,55,2572073,2852462,10238935040,29474553856
2025-05-14 06:24:46,42.023,4.082,0,94208,179.70,30556.55,32056.02,55,2572296,2852692,10238935040,29474639872
2025-05-14 06:24:46,42.417,4.157,0,102400,209.60,30556.55,32056.02,55,2572531,2852940,10238935040,29474770944
2025-05-14 06:24:46,43.077,4.227,0,94208,169.70,30556.55,32056.02,55,2572750,2853165,10238935040,29474836480
2025-05-14 06:24:46,41.978,4.108,0,90112,169.70,30556.55,32056.02,55,2572982,2853407,10238935040,29474951168
2025-05-14 06:24:47,42.670,4.179,0,143360,169.70,30556.55,32056.02,55,2573210,2853644,10238935040,29475098624
2025-05-14 06:24:47,42.373,4.072,0,151552,169.70,30556.55,32056.02,55,2573438,2853881,10238935040,29475303424
2025-05-14 06:24:47,42.315,4.152,0,167936,179.70,30556.55,32056.02,55,2573660,2854110,10238935040,29475422208
2025-05-14 06:24:47,42.500,4.182,0,409600,179.70,30556.55,32056.02,55,2573923,2854395,10238935040,29475811328
2025-05-14 06:24:48,42.086,4.103,0,106496,169.70,30556.55,32056.02,55,2574148,2854628,10238935040,29475946496
2025-05-14 06:24:48,42.149,4.090,0,114688,169.70,30556.55,32056.02,55,2574370,2854857,10238935040,29476077568
2025-05-14 06:24:48,41.879,4.045,0,159744,179.70,30556.55,32056.02,55,2574604,2855102,10238935040,29476184064
2025-05-14 06:24:48,42.182,4.172,0,131072,199.60,30556.55,32056.02,55,2574828,2855334,10238935040,29476319232
2025-05-14 06:24:48,43.079,4.238,0,139264,159.80,30556.55,32056.02,55,2575059,2855575,10238935040,29476466688
2025-05-14 06:24:49,42.249,4.103,0,90112,179.70,30556.55,32056.02,55,2575290,2855816,10238935040,29476642816
2025-05-14 06:24:49,41.989,4.227,0,176128,169.70,30556.55,32056.02,55,2575509,2856041,10238935040,29476732928
2025-05-14 06:24:49,42.198,4.127,0,102400,169.70,30556.55,32056.02,55,2575735,2856275,10238935040,29476823040
2025-05-14 06:24:49,42.213,4.115,0,102400,169.70,30556.55,32056.02,55,2575957,2856504,10238935040,29476937728
2025-05-14 06:24:49,42.322,4.143,0,102400,169.70,30556.55,32056.02,55,2576185,2856741,10238935040,29477060608
2025-05-14 06:24:50,42.121,4.169,0,131072,169.70,30556.55,32056.02,55,2576410,2856974,10238935040,29477167104
2025-05-14 06:24:50,44.384,4.383,0,17862656,259.60,30556.55,32056.02,55,2577557,2858959,10238935040,29508653056
2025-05-14 06:24:50,42.697,4.223,0,13729792,189.70,30556.55,32056.02,55,2577786,2859197,10238935040,29508763648
2025-05-14 06:24:50,42.944,4.348,0,122880,149.70,30556.55,32056.02,55,2578001,2859418,10238935040,29508853760
2025-05-14 06:24:50,43.894,4.758,0,28672,149.80,30556.55,32056.02,55,2578206,2859623,10238935040,29508853760
2025-05-14 06:24:51,42.620,5.149,0,0,139.80,30556.55,32056.02,55,2578407,2859824,10238935040,29508853760
2025-05-14 06:24:51,42.101,4.753,0,0,169.70,30556.55,32056.02,55,2578609,2860026,10238935040,29508853760
2025-05-14 06:24:51,43.192,5.759,0,0,219.60,30556.55,32056.02,55,2578815,2860234,10238935040,29508874240
2025-05-14 06:24:51,46.592,4.894,0,65536,149.70,30556.55,32056.02,55,2579022,2860448,10238935040,29508952064
2025-05-14 06:24:51,47.297,4.449,0,110592,169.70,30556.55,32056.02,55,2579255,2860689,10238935040,29509087232
2025-05-14 06:24:52,43.457,4.310,0,102400,179.70,30556.55,32056.02,55,2579478,2860918,10238935040,29509185536
2025-05-14 06:24:52,41.831,4.295,0,106496,269.50,30556.55,32056.02,55,2579705,2861156,10238935040,29509296128
2025-05-14 06:24:52,44.168,4.693,0,118784,169.70,30556.55,32056.02,55,2579928,2861386,10238935040,29509451776
2025-05-14 06:24:52,43.845,4.432,0,139264,199.60,30556.55,32056.02,55,2580137,2861603,10238935040,29509517312
2025-05-14 06:24:52,48.757,4.530,0,65536,159.70,30556.55,32056.02,55,2580368,2861846,10238935040,29509640192
2025-05-14 06:24:53,46.320,4.273,0,151552,169.70,30556.55,32056.02,55,2580592,2862078,10238935040,29509746688
2025-05-14 06:24:53,43.198,4.388,0,94208,369.30,30556.55,32056.02,55,2580817,2862311,10238935040,29509885952
2025-05-14 06:24:53,42.995,4.741,0,110592,159.70,30556.55,32056.02,55,2581046,2862549,10238935040,29509976064
2025-05-14 06:24:53,43.837,4.403,0,122880,169.70,30556.55,32056.02,55,2581267,2862778,10238935040,29510070272
2025-05-14 06:24:53,43.433,4.270,0,98304,189.70,30556.55,32056.02,55,2581495,2863015,10238935040,29510168576
2025-05-14 06:24:54,42.266,4.246,0,57344,189.60,30556.55,32056.02,55,2581721,2863249,10238935040,29510250496
2025-05-14 06:24:54,42.720,4.412,0,90112,349.30,30556.55,32056.02,55,2583121,2865168,10238935040,29534683136
2025-05-14 06:24:54,43.679,4.531,0,24469504,159.70,30556.55,32056.02,55,2583356,2865414,10238935040,29534785536
2025-05-14 06:24:54,42.506,4.192,0,77824,169.70,30556.55,32056.02,55,2583583,2865650,10238935040,29534879744
2025-05-14 06:24:54,41.672,4.108,0,77824,159.70,30556.55,32056.02,55,2583808,2865883,10238935040,29535019008
2025-05-14 06:24:55,42.205,4.193,0,126976,169.70,30556.55,32056.02,55,2584031,2866113,10238935040,29535084544
2025-05-14 06:24:55,42.253,4.127,0,81920,169.80,30556.55,32056.02,55,2584259,2866350,10238935040,29535166464
2025-05-14 06:24:55,42.372,4.127,0,77824,169.70,30556.55,32056.02,55,2584481,2866579,10238935040,29535240192
2025-05-14 06:24:55,42.272,4.145,0,73728,179.70,30556.55,32056.02,55,2584704,2866809,10238935040,29535354880
2025-05-14 06:24:55,42.058,4.119,0,118784,169.70,30556.55,32056.02,55,2584926,2867038,10238935040,29535424512
2025-05-14 06:24:56,42.394,4.182,0,69632,179.70,30556.55,32056.02,55,2585203,2867341,10238935040,29535617024
2025-05-14 06:24:56,42.142,4.148,0,208896,169.70,30556.55,32056.02,55,2585429,2867575,10238935040,29535748096
2025-05-14 06:24:56,42.268,4.161,0,131072,159.70,30556.55,32056.02,55,2585657,2867812,10238935040,29535825920
2025-05-14 06:24:56,41.990,4.177,0,69632,169.70,30556.55,32056.02,55,2585881,2868042,10238935040,29535907840
2025-05-14 06:24:56,41.699,4.099,0,61440,169.70,30556.55,32056.02,55,2586100,2868267,10238935040,29535969280
2025-05-14 06:24:57,41.990,4.175,0,106496,169.70,30556.55,32056.02,55,2586323,2868497,10238935040,29536063488
2025-05-14 06:24:57,42.042,4.094,0,53248,159.70,30556.55,32056.02,55,2586545,2868726,10238935040,29536133120
2025-05-14 06:24:57,42.167,4.148,0,57344,159.70,30556.55,32056.02,55,2586762,2868948,10238935040,29536243712
2025-05-14 06:24:57,42.212,4.150,0,126976,159.70,30556.55,32056.02,55,2586989,2869184,10238935040,29536313344
2025-05-14 06:24:57,42.104,4.101,0,167936,159.70,30556.55,32056.02,55,2587225,2869432,10238935040,29536464896
2025-05-14 06:24:58,41.848,4.168,0,36864,159.70,30556.55,32056.02,55,2587442,2869654,10238935040,29536509952
2025-05-14 06:24:58,42.207,4.121,0,69632,159.80,30556.55,32056.02,55,2587661,2869879,10238935040,29536583680
2025-05-14 06:24:58,43.550,4.396,0,18411520,159.70,30556.55,32056.02,55,2588630,2871393,10238935040,29555003392
2025-05-14 06:24:58,42.088,4.162,0,73728,189.70,30556.55,32056.02,55,2588848,2871617,10238935040,29555064832
2025-05-14 06:24:58,42.304,4.194,0,53248,169.70,30556.55,32056.02,55,2589064,2871838,10238935040,29555109888
2025-05-14 06:24:59,42.306,4.172,0,69632,179.70,30556.55,32056.02,55,2589331,2872127,10238935040,29555339264
2025-05-14 06:24:59,42.078,4.310,0,299008,199.60,30556.55,32056.02,55,2589624,2872452,10238935040,29555568640
2025-05-14 06:24:59,45.538,4.880,0,233472,189.70,30556.55,32056.02,55,2589916,2872775,10238935040,29555814400
2025-05-14 06:24:59,47.709,4.630,0,258048,159.70,30556.55,32056.02,55,2590163,2873044,10238935040,29556011008
2025-05-14 06:24:59,47.076,4.364,0,200704,179.70,30556.55,32056.02,55,2590472,2873389,10238935040,29556293632
2025-05-14 06:25:00,44.287,4.361,0,274432,189.70,30556.55,32056.02,55,2590784,2873736,10238935040,29556617216
2025-05-14 06:25:00,43.886,4.882,0,327680,169.70,30556.55,32056.02,55,2591028,2874001,10238935040,29556797440
2025-05-14 06:25:00,45.340,4.433,0,114688,159.70,30556.55,32056.02,55,2591265,2874250,10238935040,29556899840
2025-05-14 06:25:00,44.478,4.375,0,49152,199.60,30556.55,32056.02,55,2591459,2874449,10238935040,29556936704
2025-05-14 06:25:00,49.567,4.510,0,32768,149.70,30556.55,32056.02,55,2591677,2874671,10238935040,29556977664
2025-05-14 06:25:01,48.414,4.431,0,94208,169.70,30556.55,32056.02,55,2591892,2874891,10238935040,29557096448
2025-05-14 06:25:01,44.494,4.487,0,114688,169.70,30556.55,32056.02,55,2592117,2875124,10238935040,29557202944
2025-05-14 06:25:01,43.688,4.545,0,69632,179.70,30556.55,32056.02,55,2592329,2875340,10238935040,29557334016
2025-05-14 06:25:01,43.499,4.330,0,159744,169.70,30556.55,32056.02,55,2592543,2875560,10238935040,29557444608
2025-05-14 06:25:01,45.088,4.418,0,90112,169.70,30556.55,32056.02,55,2592765,2875789,10238935040,29557526528
2025-05-14 06:25:02,45.510,4.406,0,106496,169.70,30556.55,32056.02,55,2592990,2876024,10238935040,29557620736
2025-05-14 06:25:02,45.564,4.285,0,77824,179.70,30556.55,32056.02,55,2593212,2876253,10238935040,29557698560
2025-05-14 06:25:02,45.507,4.322,0,61440,229.60,30556.55,32056.02,55,2594036,2877166,10238935040,29568909312
2025-05-14 06:25:02,47.575,4.632,0,26849280,169.70,30556.55,32056.02,55,2594630,2878289,10238935040,29584646144
2025-05-14 06:25:02,45.274,4.396,0,114688,159.70,30556.55,32056.02,55,2594852,2878518,10238935040,29584740352
2025-05-14 06:25:03,47.383,4.336,0,77824,169.70,30556.55,32056.02,55,2595068,2878739,10238935040,29584805888
2025-05-14 06:25:03,45.999,4.380,0,106496,179.70,30556.55,32056.02,55,2595287,2878964,10238935040,29584920576
2025-05-14 06:25:03,45.448,4.342,0,114688,169.60,30556.55,32056.02,55,2595506,2879189,10238935040,29585018880
2025-05-14 06:25:03,44.278,4.387,0,94208,159.70,30556.55,32056.02,55,2595731,2879422,10238935040,29585113088
2025-05-14 06:25:03,42.058,4.175,0,69632,159.80,30556.55,32056.02,55,2595951,2879648,10238935040,29585190912
2025-05-14 06:25:04,42.376,4.150,0,81920,169.70,30556.55,32056.02,55,2596173,2879877,10238935040,29585289216
2025-05-14 06:25:04,41.064,4.137,0,90112,169.70,30556.55,32056.02,55,2596395,2880106,10238935040,29585379328
2025-05-14 06:25:04,41.967,4.180,0,155648,169.70,30556.55,32056.02,55,2596614,2880331,10238935040,29585510400
2025-05-14 06:25:04,42.182,4.178,0,73728,229.60,30556.55,32056.02,55,2596832,2880555,10238935040,29585604608
2025-05-14 06:25:04,43.497,4.225,0,110592,159.70,30556.55,32056.02,55,2597052,2880781,10238935040,29585682432
2025-05-14 06:25:05,41.918,4.184,0,57344,169.70,30556.55,32056.02,55,2597274,2881010,10238935040,29585747968
2025-05-14 06:25:05,42.012,4.091,0,86016,169.70,30556.55,32056.02,55,2597496,2881239,10238935040,29585858560
2025-05-14 06:25:05,41.869,4.197,0,106496,159.70,30556.55,32056.02,55,2597715,2881464,10238935040,29585965056
2025-05-14 06:25:05,41.867,4.228,0,90112,139.80,30556.55,32056.02,55,2597924,2881679,10238935040,29586075648
2025-05-14 06:25:05,41.678,4.132,0,126976,159.70,30556.55,32056.02,55,2598144,2881905,10238935040,29586173952
2025-05-14 06:25:06,43.021,4.210,0,106496,159.70,30556.55,32056.02,55,2598363,2882130,10238935040,29586276352
2025-05-14 06:25:06,41.882,4.115,0,110592,169.70,30556.55,32056.02,55,2598585,2882359,10238935040,29586391040
2025-05-14 06:25:06,42.029,4.190,0,110592,169.70,30556.55,32056.02,55,2598805,2882585,10238935040,29586485248
2025-05-14 06:25:06,42.498,4.215,0,4288512,319.40,30556.55,32056.02,55,2599987,2884453,10238935040,29612158976
2025-05-14 06:25:06,43.337,4.421,0,21454848,169.70,30556.55,32056.02,55,2600209,2884682,10238935040,29612232704
2025-05-14 06:25:07,42.285,4.168,0,86016,159.70,30556.55,32056.02,55,2600438,2884920,10238935040,29612351488
2025-05-14 06:25:07,41.769,4.103,0,118784,179.70,30556.55,32056.02,55,2600657,2885145,10238935040,29612453888
2025-05-14 06:25:07,42.064,4.081,0,102400,169.70,30556.55,32056.02,55,2600876,2885370,10238935040,29612556288
2025-05-14 06:25:07,41.624,4.217,0,122880,219.60,30556.55,32056.02,55,2601098,2885599,10238935040,29612724224
2025-05-14 06:25:07,46.098,4.781,0,188416,179.70,30556.55,32056.02,55,2601316,2885823,10238935040,29612843008
2025-05-14 06:25:08,46.962,4.587,0,61440,159.70,30556.55,32056.02,55,2601535,2886048,10238935040,29612920832
2025-05-14 06:25:08,43.740,4.420,0,118784,179.70,30556.55,32056.02,55,2601755,2886274,10238935040,29613047808
2025-05-14 06:25:08,42.392,4.304,0,106496,169.80,30556.55,32056.02,55,2601976,2886502,10238935040,29613178880
2025-05-14 06:25:08,45.820,4.623,0,106496,179.70,30556.55,32056.02,55,2602193,2886725,10238935040,29613289472
2025-05-14 06:25:08,46.563,4.409,0,172032,169.70,30556.55,32056.02,55,2602413,2886951,10238935040,29613416448
2025-05-14 06:25:09,45.698,4.669,0,77824,169.70,30556.55,32056.02,55,2602631,2887175,10238935040,29613494272
2025-05-14 06:25:09,44.305,4.406,0,110592,179.70,30556.55,32056.02,55,2602853,2887404,10238935040,29613629440
2025-05-14 06:25:09,40.998,4.142,0,98304,169.70,30556.55,32056.02,55,2603073,2887630,10238935040,29613711360
2025-05-14 06:25:09,43.457,4.222,0,114688,159.70,30556.55,32056.02,55,2603292,2887855,10238935040,29613834240
2025-05-14 06:25:09,43.374,4.272,0,98304,169.70,30556.55,32056.02,55,2603510,2888079,10238935040,29613920256
2025-05-14 06:25:10,42.681,4.271,0,73728,159.70,30556.55,32056.02,55,2603733,2888309,10238935040,29613998080
2025-05-14 06:25:10,43.779,4.219,0,98304,179.70,30556.55,32056.02,55,2603956,2888538,10238935040,29614104576
2025-05-14 06:25:10,43.353,4.295,0,77824,179.70,30556.55,32056.02,55,2604177,2888766,10238935040,29614186496
2025-05-14 06:25:10,44.782,4.301,0,102400,169.70,30556.55,32056.02,55,2604394,2888990,10238935040,29614284800
2025-05-14 06:25:10,43.720,4.580,0,26238976,159.70,30556.55,32056.02,55,2605844,2890970,10238935040,29640519680
2025-05-14 06:25:11,41.925,4.143,0,90112,169.70,30556.55,32056.02,55,2606066,2891199,10238935040,29640601600
2025-05-14 06:25:11,42.132,4.082,0,86016,169.70,30556.55,32056.02,55,2606285,2891424,10238935040,29640720384
2025-05-14 06:25:11,42.901,4.256,0,98304,159.70,30556.55,32056.02,55,2606505,2891650,10238935040,29640785920
2025-05-14 06:25:11,41.836,4.223,0,94208,169.70,30556.55,32056.02,55,2606730,2891884,10238935040,29640871936
2025-05-14 06:25:11,42.976,4.118,0,61440,169.70,30556.55,32056.02,55,2606949,2892109,10238935040,29640941568
2025-05-14 06:25:12,42.590,4.146,0,118784,169.70,30556.55,32056.02,55,2607174,2892342,10238935040,29641064448
2025-05-14 06:25:12,41.912,4.133,0,81920,169.70,30556.55,32056.02,55,2607393,2892567,10238935040,29641179136
2025-05-14 06:25:12,41.871,4.194,0,114688,169.70,30556.55,32056.02,55,2607616,2892797,10238935040,29641256960
2025-05-14 06:25:12,42.297,4.139,0,90112,169.70,30556.55,32056.02,55,2607834,2893021,10238935040,29641359360
2025-05-14 06:25:12,43.508,4.163,0,122880,179.60,30556.55,32056.02,55,2608062,2893258,10238935040,29641478144
2025-05-14 06:25:13,42.246,4.145,0,73728,169.70,30556.55,32056.02,55,2608302,2893511,10238935040,29641572352
2025-05-14 06:25:13,42.285,4.107,0,114688,169.70,30556.55,32056.02,55,2608531,2893749,10238935040,29641678848
2025-05-14 06:25:13,42.005,4.155,0,102400,179.70,30556.55,32056.02,55,2608755,2893982,10238935040,29641801728
2025-05-14 06:25:13,42.438,4.143,0,135168,169.70,30556.55,32056.02,55,2608989,2894227,10238935040,29641912320
2025-05-14 06:25:13,42.046,4.252,0,155648,159.70,30556.55,32056.02,55,2609246,2894492,10238935040,29642067968
2025-05-14 06:25:14,41.928,4.184,0,151552,179.70,30556.55,32056.02,55,2609524,2894794,10238935040,29642264576
2025-05-14 06:25:14,41.775,4.238,0,122880,159.70,30556.55,32056.02,55,2609749,2895027,10238935040,29642313728
2025-05-14 06:25:14,42.186,4.187,0,53248,159.70,30556.55,32056.02,55,2609973,2895260,10238935040,29642424320
2025-05-14 06:25:14,42.049,4.206,0,102400,169.70,30556.55,32056.02,55,2610195,2895489,10238935040,29642498048
2025-05-14 06:25:14,42.112,4.248,0,667648,309.40,30556.55,32056.02,55,2611350,2897358,10238935040,29663993856
2025-05-14 06:25:15,43.088,4.387,0,20930560,179.70,30556.55,32056.02,55,2611584,2897603,10238935040,29664088064
2025-05-14 06:25:15,41.804,4.163,0,114688,209.60,30556.55,32056.02,55,2611827,2897860,10238935040,29664231424
2025-05-14 06:25:15,41.870,4.216,0,114688,169.80,30556.55,32056.02,55,2612053,2898094,10238935040,29664301056
2025-05-14 06:25:15,42.210,4.119,0,73728,189.70,30556.55,32056.02,55,2612325,2898391,10238935040,29664485376
2025-05-14 06:25:15,44.092,4.431,0,282624,229.50,30556.55,32056.02,55,2612594,2898684,10238935040,29664677888
2025-05-14 06:25:16,46.688,4.737,0,94208,189.70,30556.55,32056.02,55,2612814,2898912,10238935040,29664759808
2025-05-14 06:25:16,45.421,4.374,0,90112,189.70,30556.55,32056.02,55,2613046,2899154,10238935040,29664878592
2025-05-14 06:25:16,44.069,4.369,0,98304,169.70,30556.55,32056.02,55,2613272,2899388,10238935040,29664952320
2025-05-14 06:25:16,46.969,4.291,0,65536,139.80,30556.55,32056.02,55,2613484,2899607,10238935040,29665005568
2025-05-14 06:25:16,46.175,4.434,0,69632,169.70,30556.55,32056.02,55,2613707,2899838,10238935040,29665087488
2025-05-14 06:25:17,44.000,4.319,0,94208,129.80,30556.55,32056.02,55,2613918,2900052,10238935040,29665181696
2025-05-14 06:25:17,42.693,4.132,0,40960,99.80,30556.55,32056.02,55,2614134,2900273,10238935040,29665226752
2025-05-14 06:25:17,39.946,3.810,0,53248,69.90,30556.55,32056.02,55,2614338,2900478,10238935040,29665234944
2025-05-14 06:25:17,43.610,3.880,0,40960,59.90,30556.55,32056.02,55,2614562,2900711,10238935040,29665361920
2025-05-14 06:25:17,39.311,3.714,0,86016,69.90,30556.55,32056.02,55,2614763,2900912,10238935040,29665361920
2025-05-14 06:25:18,38.908,3.747,0,0,229.60,30556.55,32056.02,55,2614987,2901135,10238959616,29665447936
2025-05-14 06:25:18,44.695,4.270,122880,167936,119.80,30556.55,32056.02,55,2615266,2901422,10239057920,29665632256
2025-05-14 06:25:18,40.872,3.940,0,110592,69.90,30556.55,32056.02,55,2615469,2901626,10239057920,29665640448
2025-05-14 06:25:18,42.125,3.835,0,0,69.90,30556.55,32056.02,55,2615673,2901831,10239057920,29665644544
2025-05-14 06:25:19,38.526,3.752,0,4096,79.90,30556.55,32056.02,55,2615874,2902032,10239057920,29665644544
2025-05-14 06:25:19,37.966,3.709,0,0,89.90,30556.55,32056.02,55,2616075,2902233,10239057920,29665644544
2025-05-14 06:25:19,37.290,3.712,0,0,79.90,30556.55,32056.02,55,2616276,2902434,10239057920,29665644544
2025-05-14 06:25:19,37.276,3.755,0,0,269.50,30556.55,32056.02,55,2617179,2904268,10239057920,29687861248
2025-05-14 06:25:19,44.993,4.419,0,22282240,399.30,30556.55,32056.02,55,2617382,2904473,10239057920,29687943168
2025-05-14 06:25:20,44.804,4.684,0,77824,389.30,30556.55,32056.02,55,2617590,2904683,10239057920,29688029184
2025-05-14 06:25:20,46.045,4.856,0,36864,429.20,30556.55,32056.02,55,2617809,2904908,10239057920,29688082432
2025-05-14 06:25:20,44.647,4.692,0,40960,459.20,30556.55,32056.02,55,2618006,2905105,10239057920,29688082432
2025-05-14 06:25:20,46.628,4.424,0,0,429.20,30556.55,32056.02,55,2618209,2905308,10239057920,29688082432
2025-05-14 06:25:20,46.737,4.617,0,0,439.20,30556.55,32056.02,55,2618409,2905508,10239057920,29688082432
2025-05-14 06:25:21,46.823,4.333,0,0,439.30,30556.55,32056.02,55,2618610,2905709,10239057920,29688082432
2025-05-14 06:25:21,45.338,4.476,0,0,389.30,30556.55,32056.02,55,2618811,2905910,10239057920,29688082432
2025-05-14 06:25:21,45.957,4.341,0,0,409.30,30556.55,32056.02,55,2619012,2906111,10239057920,29688082432
2025-05-14 06:25:21,46.175,4.372,0,0,449.20,30556.55,32056.02,55,2619211,2906310,10239057920,29688082432
2025-05-14 06:25:21,46.954,4.422,0,0,389.40,30556.56,32056.02,55,2619420,2906522,10239057920,29688094720
2025-05-14 06:25:22,45.635,4.354,0,12288,449.10,30556.56,32056.02,55,2619622,2906724,10239057920,29688094720
2025-05-14 06:25:22,46.335,4.405,0,0,429.20,30556.56,32056.02,55,2619835,2906941,10239057920,29688115200
2025-05-14 06:25:22,46.116,4.454,0,208896,409.20,30556.56,32056.02,55,2620249,2907429,10239057920,29688422400
2025-05-14 06:25:22,46.278,4.390,0,118784,369.40,30556.56,32056.02,55,2620448,2907629,10239057920,29688422400
2025-05-14 06:25:22,45.854,4.380,0,0,459.20,30556.56,32056.02,55,2620650,2907830,10239057920,29688422400
2025-05-14 06:25:23,45.948,4.459,0,0,409.30,30556.56,32056.02,55,2620851,2908031,10239057920,29688422400
2025-05-14 06:25:23,46.352,4.478,0,0,399.30,30556.56,32056.02,55,2621051,2908231,10239057920,29688422400
2025-05-14 06:25:23,46.606,4.392,0,0,409.30,30556.56,32056.02,55,2621252,2908432,10239057920,29688422400
2025-05-14 06:25:23,45.649,4.342,0,0,379.30,30556.56,32056.02,55,2621450,2908630,10239057920,29688422400
2025-05-14 06:25:23,46.372,4.460,0,0,409.20,30556.56,32056.02,55,2621651,2908831,10239057920,29688422400
2025-05-14 06:25:24,45.663,4.447,0,0,409.30,30556.56,32056.02,55,2621852,2909032,10239057920,29688422400
2025-05-14 06:25:24,46.836,4.664,0,0,389.30,30556.56,32056.02,55,2622052,2909232,10239057920,29688422400
2025-05-14 06:25:24,45.999,4.325,0,0,389.20,30556.56,32056.02,55,2622253,2909433,10239057920,29688422400
2025-05-14 06:25:24,46.213,4.336,0,0,419.30,30556.56,32056.02,55,2622453,2909633,10239057920,29688422400
2025-05-14 06:25:24,46.597,4.917,0,0,429.20,30556.56,32056.02,55,2622656,2909836,10239057920,29688422400
2025-05-14 06:25:25,47.944,4.937,0,0,339.40,30556.56,32056.02,55,2622860,2910040,10239057920,29688422400
2025-05-14 06:25:25,48.395,4.860,0,0,469.10,30556.56,32056.02,55,2623063,2910243,10239057920,29688422400
2025-05-14 06:25:25,46.457,4.740,0,0,389.20,30556.56,32056.02,55,2623260,2910440,10239057920,29688422400
2025-05-14 06:25:25,45.671,4.822,0,0,299.50,30556.56,32056.02,55,2623460,2910640,10239057920,29688422400
2025-05-14 06:25:25,48.294,5.075,0,0,279.50,30556.56,32056.02,55,2623660,2910840,10239057920,29688422400
2025-05-14 06:25:26,48.702,4.625,0,0,219.50,30556.56,32056.02,55,2623848,2911028,10239057920,29688422400
2025-05-14 06:25:26,48.636,4.681,0,0,379.30,30556.56,32056.02,55,2624047,2911227,10239057920,29688422400
2025-05-14 06:25:26,47.294,4.605,0,0,499.10,30556.56,32056.02,55,2624248,2911428,10239057920,29688422400
2025-05-14 06:25:26,46.743,4.883,0,0,229.50,30556.56,32056.02,55,2624449,2911629,10239057920,29688422400
2025-05-14 06:25:26,47.600,4.272,0,0,449.20,30556.56,32056.02,55,2624638,2911818,10239057920,29688422400
2025-05-14 06:25:27,46.276,4.408,0,0,419.20,30556.56,32056.02,55,2624841,2912022,10239057920,29688426496
2025-05-14 06:25:27,45.614,4.522,0,4096,419.30,30556.56,32056.02,55,2625042,2912223,10239057920,29688426496
2025-05-14 06:25:27,45.596,4.492,0,0,379.30,30556.56,32056.02,55,2625244,2912425,10239057920,29688426496
2025-05-14 06:25:27,45.334,4.397,0,0,469.10,30556.56,32056.02,55,2625597,2912830,10239057920,29688721408
2025-05-14 06:25:27,47.080,4.632,0,892928,509.10,30556.56,32056.02,55,2626052,2913311,10239057920,29690499072
2025-05-14 06:25:28,47.963,4.879,0,9854976,548.90,30556.61,32056.02,55,2627362,2915335,10239057920,29714796544
2025-05-14 06:25:28,48.575,4.918,0,17412096,519.10,30556.61,32056.02,55,2627716,2915750,10239057920,29718249472
2025-05-14 06:25:28,48.620,4.388,0,3309568,499.00,30556.61,32056.02,55,2628071,2916156,10239057920,29721534464
2025-05-14 06:25:28,47.926,4.349,0,3088384,489.00,30556.61,32056.02,55,2628423,2916562,10239057920,29724672000
2025-05-14 06:25:28,48.472,4.416,0,3239936,479.00,30556.61,32056.02,55,2628772,2916963,10239057920,29727543296
2025-05-14 06:25:29,47.733,4.731,0,1331200,489.20,30556.61,32056.02,55,2629203,2917332,10239057920,29727682560
2025-05-14 06:25:29,47.702,4.691,0,479232,489.10,30556.61,32056.02,55,2629571,2917686,10239057920,29728555008
2025-05-14 06:25:29,47.349,4.765,0,622592,479.10,30556.61,32056.02,55,2629853,2917965,10239057920,29728813056
2025-05-14 06:25:29,47.291,4.821,0,278528,499.10,30556.61,32056.02,55,2630109,2918226,10239057920,29729050624
2025-05-14 06:25:29,48.224,4.812,0,421888,479.20,30556.61,32056.02,55,2630362,2918481,10239057920,29729542144
2025-05-14 06:25:30,47.318,4.810,0,368640,479.20,30556.61,32056.02,55,2630606,2918729,10239057920,29729816576
2025-05-14 06:25:30,47.148,4.910,0,245760,489.10,30556.61,32056.02,55,2630892,2919026,10239057920,29730324480
2025-05-14 06:25:30,47.694,4.777,0,450560,489.00,30556.61,32056.02,55,2631145,2919280,10239057920,29730648064
2025-05-14 06:25:30,47.591,5.101,0,352256,489.10,30556.61,32056.02,55,2631381,2919516,10239057920,29730869248
2025-05-14 06:25:30,46.759,5.142,0,319488,658.70,30556.61,32056.02,55,2631651,2919804,10239057920,29731291136
2025-05-14 06:25:31,48.302,5.535,0,602112,469.10,30556.61,32056.02,55,2631934,2920102,10239057920,29732016128
2025-05-14 06:25:31,48.134,5.528,0,339968,429.50,30556.61,32056.02,55,2632653,2920973,10239057920,29734133760
2025-05-14 06:25:31,46.722,5.083,0,6918144,538.90,30556.61,32056.02,55,2633868,2922368,10239057920,29740576768
2025-05-14 06:25:31,47.509,5.491,0,1703936,519.00,30556.61,32056.02,55,2635664,2923549,10239057920,29740707840
2025-05-14 06:25:31,48.275,5.782,0,65536,518.90,30556.61,32056.02,55,2637685,2925024,10239057920,29743501312
2025-05-14 06:25:32,47.708,5.685,0,3645440,598.90,30556.61,32056.02,55,2639785,2927392,10239057920,29760499712
2025-05-14 06:25:32,47.639,5.492,0,20512768,508.90,30556.61,32056.02,55,2641670,2929093,10239057920,29765066752
2025-05-14 06:25:32,47.590,5.239,0,1863680,499.00,30556.61,32056.02,55,2642917,2930547,10239057920,29772623872
2025-05-14 06:25:32,47.210,5.169,0,13443072,539.10,30556.61,32056.02,55,2643882,2931811,10239057920,29785202688
2025-05-14 06:25:32,47.350,5.503,0,11694080,399.30,30556.61,32056.02,55,2644994,2933270,10239057920,29799899136
2025-05-14 06:25:33,46.775,5.034,0,15400960,539.10,30556.61,32056.02,55,2646141,2934772,10239057920,29814767616
2025-05-14 06:25:33,47.908,5.199,0,14323712,509.00,30556.61,32056.02,55,2647219,2936176,10239057920,29828829184
2025-05-14 06:25:33,47.659,5.261,0,14163968,489.10,30556.61,32056.02,55,2648345,2937651,10239057920,29843623936
2025-05-14 06:25:33,48.199,5.215,0,14188544,519.10,30556.61,32056.02,55,2649431,2939067,10239057920,29857456128
2025-05-14 06:25:33,47.620,5.165,0,15446016,489.10,30556.61,32056.02,55,2650603,2940589,10239057920,29872992256
2025-05-14 06:25:34,47.315,5.212,0,17653760,519.00,30556.61,32056.02,55,2651973,2942400,10239057920,29895204864
2025-05-14 06:25:34,47.760,5.272,0,23900160,508.90,30556.61,32056.02,55,2653372,2944245,10239057920,29918613504
2025-05-14 06:25:34,47.728,5.162,0,24363008,559.00,30556.61,32056.02,55,2654807,2946143,10239057920,29942063104
2025-05-14 06:25:34,47.924,5.272,0,21180416,618.80,30556.61,32056.02,55,2655979,2947681,10239057920,29961654272
2025-05-14 06:25:34,48.826,5.553,0,20365312,499.20,30556.61,32056.02,55,2657075,2949098,10239057920,29979586560
2025-05-14 06:25:35,48.749,5.865,0,14245888,469.20,30556.61,32056.02,55,2658178,2950537,10239057920,29997678592
2025-05-14 06:25:35,48.303,5.463,0,20189184,558.90,30556.61,32056.02,55,2659290,2951966,10239057920,30015291392
2025-05-14 06:25:35,48.721,5.581,0,16322560,558.90,30556.61,32056.02,55,2660384,2953371,10239057920,30032531456
2025-05-14 06:25:35,48.435,5.376,0,16556032,559.10,30556.61,32056.02,55,2661414,2954695,10239057920,30048534528
2025-05-14 06:25:35,48.832,5.358,0,19120128,489.10,30556.61,32056.02,55,2662799,2956514,10239057920,30071148544
2025-05-14 06:25:36,48.242,5.293,0,24928256,569.10,30556.61,32056.02,55,2664183,2958318,10239057920,30094548992
2025-05-14 06:25:36,48.555,5.676,0,21254144,559.00,30556.61,32056.02,55,2666495,2961217,10239057920,30130290688
2025-05-14 06:25:36,48.338,5.671,0,35643392,519.00,30556.61,32056.02,55,2667851,2963001,10239057920,30152032256
2025-05-14 06:25:36,46.968,5.604,0,20770816,499.20,30556.61,32056.02,55,2668965,2964480,10239057920,30170165248
2025-05-14 06:25:36,49.428,5.569,0,17936384,499.40,30556.61,32056.02,55,2670180,2966079,10239057920,30189432832
2025-05-14 06:25:37,47.906,5.291,0,20221952,459.20,30556.61,32056.02,55,2671555,2967886,10239057920,30211547136
2025-05-14 06:25:37,47.671,5.540,0,20054016,509.00,30556.61,32056.02,55,2672781,2969517,10239057920,30231756800
2025-05-14 06:25:37,48.515,5.052,0,24182784,529.00,30556.61,32056.02,55,2674361,2971605,10239062016,30257508352
2025-05-14 06:25:37,49.069,4.932,4096,22650880,688.70,30556.61,32056.02,55,2675468,2973022,10239107072,30272651264
2025-05-14 06:25:37,50.903,5.345,45056,13553664,648.70,30556.61,32056.02,55,2676836,2974812,10239107072,30288080896
2025-05-14 06:25:38,49.999,5.166,4096,17809408,539.10,30556.61,32056.02,55,2678070,2976412,10239148032,30305042432
2025-05-14 06:25:38,49.367,5.181,69632,16310272,529.10,30556.61,32056.02,55,2679344,2978058,10239205376,30324510720
2025-05-14 06:25:38,48.088,4.764,24576,20262912,519.10,30556.61,32056.02,55,2680640,2979767,10239205376,30345428992
2025-05-14 06:25:38,48.045,4.723,0,18137088,509.00,30556.61,32056.02,55,2681759,2981212,10239205376,30363017216
2025-05-14 06:25:38,48.155,4.809,0,21004288,489.10,30556.61,32056.02,55,2683069,2982949,10239205376,30384443392
2025-05-14 06:25:39,47.838,4.701,0,20615168,509.10,30556.61,32056.02,55,2684374,2984656,10239205376,30404870144
2025-05-14 06:25:39,48.357,4.708,0,21372928,499.20,30556.61,32056.02,55,2685783,2986507,10239205376,30427537408
2025-05-14 06:25:39,47.944,4.700,0,22126592,439.20,30556.61,32056.02,55,2687269,2988097,10239205376,30441197568
2025-05-14 06:25:39,47.659,4.635,0,3096576,389.30,30556.61,32056.02,55,2687628,2988416,10239205376,30441234432
2025-05-14 06:25:39,45.811,4.427,0,0,379.30,30556.61,32056.02,55,2687829,2988617,10239205376,30441234432
2025-05-14 06:25:40,45.015,4.495,0,0,379.30,30556.61,32056.02,55,2688030,2988818,10239205376,30441234432
2025-05-14 06:25:40,46.746,4.477,0,0,419.30,30556.61,32056.02,55,2688240,2989028,10239205376,30441234432
2025-05-14 06:25:40,46.477,4.656,0,0,469.10,30556.61,32056.02,55,2688442,2989230,10239205376,30441234432
2025-05-14 06:25:40,47.567,4.865,0,0,369.20,30556.61,32056.02,55,2688639,2989427,10239205376,30441234432
2025-05-14 06:25:40,45.586,4.759,0,0,479.00,30556.61,32056.02,55,2688838,2989626,10239205376,30441234432
2025-05-14 06:25:41,46.164,4.802,0,0,379.30,30556.61,32056.02,55,2689035,2989823,10239205376,30441234432
2025-05-14 06:25:41,46.775,4.609,0,0,419.30,30556.61,32056.02,55,2689233,2990021,10239205376,30441234432
2025-05-14 06:25:41,47.055,4.780,0,0,399.30,30556.61,32056.02,55,2689437,2990225,10239205376,30441234432
2025-05-14 06:25:41,46.860,4.875,0,0,489.00,30556.61,32056.02,55,2689635,2990423,10239205376,30441234432
2025-05-14 06:25:41,47.482,5.310,0,0,459.20,30556.61,32056.02,55,2689845,2990630,10239221760,30441234432
2025-05-14 06:25:42,47.161,4.936,28672,0,439.10,30556.61,32056.02,55,2690061,2990841,10239242240,30441234432
2025-05-14 06:25:42,46.823,5.111,8192,0,419.20,30556.61,32056.02,55,2690262,2991043,10239242240,30441234432
2025-05-14 06:25:42,44.403,4.760,0,0,359.40,30556.61,32056.02,55,2690464,2991244,10239242240,30441234432
2025-05-14 06:25:42,47.604,4.348,0,0,429.30,30556.61,32056.02,55,2690669,2991449,10239242240,30441234432
2025-05-14 06:25:42,46.620,4.674,0,0,349.30,30556.61,32056.02,55,2690867,2991647,10239242240,30441234432
2025-05-14 06:25:43,45.991,4.481,0,0,369.60,30556.61,32056.02,55,2691066,2991846,10239242240,30441234432
2025-05-14 06:25:43,46.893,4.707,0,6926336,349.30,30556.61,32056.02,55,2691509,2992334,10239242240,30448160768
2025-05-14 06:25:43,46.622,4.735,0,0,349.40,30556.61,32056.02,55,2691707,2992532,10239242240,30448160768
2025-05-14 06:25:43,45.997,5.075,0,0,449.10,30556.61,32056.02,55,2691905,2992730,10239242240,30448160768
2025-05-14 06:25:43,47.543,5.160,0,0,359.40,30556.61,32056.02,55,2692107,2992932,10239242240,30448160768
2025-05-14 06:25:44,45.773,4.921,0,0,389.20,30556.61,32056.02,55,2692315,2993140,10239242240,30448160768
2025-05-14 06:25:44,47.439,5.292,0,0,558.90,30556.61,32056.02,55,2693124,2994209,10239242240,30458429440
2025-05-14 06:25:44,48.256,5.433,0,17309696,339.40,30556.61,32056.02,55,2693871,2994997,10239242240,30465470464
2025-05-14 06:25:44,46.191,4.974,0,0,389.20,30556.61,32056.02,55,2694045,2995171,10239242240,30465470464
2025-05-14 06:25:44,48.132,5.262,0,0,369.30,30556.61,32056.02,55,2694246,2995371,10239246336,30465470464
2025-05-14 06:25:45,45.920,5.070,4096,0,339.40,30556.61,32056.02,55,2694451,2995578,10239246336,30465540096
2025-05-14 06:25:45,45.521,4.874,0,69632,449.30,30556.61,32056.02,55,2694652,2995779,10239246336,30465540096
2025-05-14 06:25:45,45.802,5.053,0,0,499.20,30556.61,32056.02,55,2694855,2995981,10239283200,30465540096
2025-05-14 06:25:45,44.476,4.829,45056,0,559.00,30556.61,32056.02,55,2695078,2996198,10239590400,30465540096
2025-05-14 06:25:45,46.141,5.308,299008,0,499.10,30556.61,32056.02,55,2695285,2996404,10239590400,30465540096
2025-05-14 06:25:46,45.756,5.378,0,0,389.30,30556.61,32056.02,55,2695498,2996613,10239619072,30465540096
2025-05-14 06:25:46,45.098,4.996,28672,0,389.30,30556.61,32056.02,55,2695697,2996812,10239619072,30465540096
2025-05-14 06:25:46,44.964,4.665,0,0,309.40,30556.61,32056.02,55,2695901,2997018,10239619072,30465601536
2025-05-14 06:25:46,49.369,4.812,0,61440,279.50,30556.61,32056.02,55,2696081,2997198,10239619072,30465601536
2025-05-14 06:25:46,48.699,4.763,0,0,269.40,30556.61,32056.02,55,2696279,2997396,10239619072,30465601536
2025-05-14 06:25:47,46.641,4.629,0,0,289.50,30556.61,32056.02,55,2696481,2997598,10239619072,30465601536
2025-05-14 06:25:47,47.911,4.977,0,16384,279.50,30556.61,32056.02,55,2696704,2997815,10239619072,30465617920
2025-05-14 06:25:47,45.708,4.597,0,0,359.30,30556.61,32056.02,55,2696927,2998028,10239647744,30465679360
2025-05-14 06:25:47,49.666,5.193,28672,61440,239.60,30556.61,32056.02,55,2697110,2998210,10239647744,30465679360
2025-05-14 06:25:47,48.409,4.930,0,0,339.40,30556.61,32056.02,55,2697326,2998420,10239647744,30465679360
2025-05-14 06:25:48,45.947,4.890,0,0,349.40,30556.61,32056.02,55,2697543,2998640,10239651840,30465724416
2025-05-14 06:25:48,44.888,4.762,4096,61440,319.40,30556.61,32056.02,55,2697753,2998853,10239651840,30465748992
2025-05-14 06:25:48,46.624,4.997,0,8192,329.40,30556.61,32056.02,55,2697950,2999050,10239651840,30465748992
2025-05-14 06:25:48,46.478,4.940,0,0,329.40,30556.61,32056.02,55,2698160,2999260,10239651840,30465748992
2025-05-14 06:25:48,45.076,5.081,0,0,289.10,30556.61,32056.02,55,2698361,2999461,10239651840,30465748992
2025-05-14 06:25:49,45.065,5.002,0,0,399.50,30556.61,32056.02,55,2698562,2999662,10239651840,30465748992
2025-05-14 06:25:49,46.856,4.715,0,0,419.30,30556.61,32056.02,55,2698764,2999864,10239651840,30465748992
2025-05-14 06:25:49,47.140,4.583,0,0,449.30,30556.61,32056.02,55,2698965,3000065,10239651840,30465748992
2025-05-14 06:25:49,46.171,4.795,0,0,429.30,30556.61,32056.02,55,2699166,3000266,10239651840,30465748992
2025-05-14 06:25:49,46.746,4.545,0,0,549.00,30556.61,32056.02,55,2699367,3000467,10239651840,30465748992
2025-05-14 06:25:50,48.923,4.352,0,0,449.20,30556.61,32056.02,55,2699569,3000669,10239651840,30465748992
2025-05-14 06:25:50,48.494,4.287,0,0,568.90,30556.61,32056.02,55,2699770,3000870,10239651840,30465748992
2025-05-14 06:25:50,47.961,4.533,0,0,339.40,30556.61,32056.02,55,2699973,3001073,10239651840,30465748992
2025-05-14 06:25:50,46.401,4.829,0,0,449.20,30556.61,32056.02,55,2700174,3001274,10239651840,30465748992
2025-05-14 06:25:51,48.289,4.337,0,0,519.20,30556.61,32056.02,55,2700376,3001476,10239651840,30465748992
2025-05-14 06:25:51,48.416,4.238,0,0,489.20,30556.61,32056.02,55,2700575,3001675,10239651840,30465748992
2025-05-14 06:25:51,47.660,4.396,0,0,509.00,30556.61,32056.02,55,2700776,3001876,10239651840,30465748992
2025-05-14 06:25:51,48.401,4.292,0,0,469.30,30556.61,32056.02,55,2700977,3002077,10239651840,30465748992
2025-05-14 06:25:51,47.508,4.308,0,0,299.50,30556.61,32056.02,55,2701184,3002282,10239651840,30465748992
2025-05-14 06:25:52,45.424,4.697,0,0,379.40,30556.61,32056.02,55,2701384,3002482,10239651840,30465748992
2025-05-14 06:25:52,47.126,4.359,0,0,509.20,30556.61,32056.02,55,2701582,3002680,10239651840,30465748992
2025-05-14 06:25:52,48.141,4.659,0,0,409.20,30556.61,32056.02,55,2701979,3003104,10239651840,30469984256
2025-05-14 06:25:52,46.433,5.015,0,17997824,409.30,30556.61,32056.02,55,2703214,3004645,10239651840,30483746816
2025-05-14 06:25:52,47.633,5.050,0,0,369.20,30556.61,32056.02,55,2703419,3004850,10239651840,30483746816
2025-05-14 06:25:53,49.188,5.134,0,0,369.30,30556.61,32056.02,55,2703617,3005048,10239651840,30483746816
2025-05-14 06:25:53,47.260,5.148,0,4096,429.20,30556.61,32056.02,55,2703822,3005254,10239651840,30483750912
2025-05-14 06:25:53,46.757,4.933,0,0,309.40,30556.61,32056.02,55,2704028,3005460,10239651840,30483750912
2025-05-14 06:25:53,45.577,4.914,0,20480,369.40,30556.61,32056.02,55,2704225,3005659,10239651840,30483836928
2025-05-14 06:25:53,49.228,5.395,0,65536,439.10,30556.61,32056.02,55,2704439,3005876,10239651840,30483849216
2025-05-14 06:25:54,47.688,5.205,0,12288,419.20,30556.61,32056.02,55,2704642,3006079,10239651840,30483849216
2025-05-14 06:25:54,46.855,5.198,0,4096,409.30,30556.61,32056.02,55,2704854,3006293,10239651840,30483861504
2025-05-14 06:25:54,46.727,5.034,0,8192,389.40,30556.61,32056.02,55,2705058,3006497,10239651840,30483861504
2025-05-14 06:25:54,46.848,4.551,0,0,499.00,30556.61,32056.02,55,2705258,3006697,10239651840,30483861504
2025-05-14 06:25:54,47.349,4.533,0,4096,459.20,30556.61,32056.02,55,2705465,3006906,10239651840,30483873792
2025-05-14 06:25:55,48.061,4.470,0,8192,459.20,30556.61,32056.02,55,2705667,3007108,10239651840,30483873792
2025-05-14 06:25:55,47.820,4.411,0,0,489.30,30556.61,32056.02,55,2705868,3007309,10239651840,30483873792
2025-05-14 06:25:55,48.589,4.293,0,0,499.00,30556.61,32056.02,55,2706069,3007510,10239651840,30483873792
2025-05-14 06:25:55,48.434,4.344,0,0,459.30,30556.61,32056.02,55,2706270,3007711,10239651840,30483873792
2025-05-14 06:25:55,46.612,4.519,0,0,329.40,30556.61,32056.02,55,2706472,3007913,10239651840,30483873792
2025-05-14 06:25:56,46.327,4.668,0,0,309.50,30556.61,32056.02,55,2706675,3008116,10239651840,30483873792
2025-05-14 06:25:56,48.413,4.777,0,0,289.50,30556.61,32056.02,55,2706883,3008324,10239651840,30483873792
2025-05-14 06:25:56,49.693,4.811,0,0,399.20,30556.61,32056.02,55,2707087,3008528,10239651840,30483873792
2025-05-14 06:25:56,47.777,4.599,0,0,359.40,30556.61,32056.02,55,2707289,3008730,10239651840,30483873792
2025-05-14 06:25:56,48.292,4.484,0,0,329.40,30556.61,32056.02,55,2707491,3008932,10239651840,30483873792
2025-05-14 06:25:57,48.809,4.428,0,0,349.40,30556.61,32056.02,55,2707689,3009130,10239651840,30483873792
2025-05-14 06:25:57,48.637,4.573,0,0,459.20,30556.61,32056.02,55,2707893,3009334,10239651840,30483873792
2025-05-14 06:25:57,46.970,4.723,0,0,459.30,30556.61,32056.02,55,2708094,3009535,10239651840,30483873792
2025-05-14 06:25:57,47.319,4.767,0,0,439.30,30556.61,32056.02,55,2708296,3009737,10239651840,30483873792
2025-05-14 06:25:57,47.924,4.768,0,0,479.10,30556.61,32056.02,55,2708498,3009939,10239651840,30483873792
2025-05-14 06:25:58,47.029,4.938,0,0,439.20,30556.61,32056.02,55,2708699,3010140,10239651840,30483873792
2025-05-14 06:25:58,47.765,4.900,0,0,429.30,30556.61,32056.02,55,2708903,3010344,10239651840,30483873792
2025-05-14 06:25:58,47.344,4.826,0,0,449.20,30556.61,32056.02,55,2709105,3010546,10239651840,30483873792
2025-05-14 06:25:58,47.908,4.740,0,0,429.30,30556.61,32056.02,55,2709305,3010746,10239651840,30483873792
2025-05-14 06:25:58,46.923,4.609,0,0,578.90,30556.61,32056.02,55,2710556,3012323,10239651840,30498488320
2025-05-14 06:25:59,48.409,4.943,0,17195008,369.40,30556.61,32056.02,55,2710805,3012853,10239651840,30501105664
2025-05-14 06:25:59,45.879,4.599,0,45056,409.30,30556.61,32056.02,55,2711010,3013059,10239651840,30501113856
2025-05-14 06:25:59,46.381,4.553,0,0,389.30,30556.61,32056.02,55,2711211,3013260,10239651840,30501113856
2025-05-14 06:25:59,46.509,4.479,0,0,409.20,30556.61,32056.02,55,2711412,3013461,10239651840,30501113856
2025-05-14 06:25:59,46.025,4.591,0,0,389.40,30556.61,32056.02,55,2711613,3013662,10239651840,30501113856
2025-05-14 06:26:00,46.406,4.572,0,0,369.40,30556.61,32056.02,55,2711818,3013867,10239651840,30501113856
2025-05-14 06:26:00,45.517,4.783,4096,28672,389.30,30556.61,32056.02,55,2712036,3014091,10239655936,30501150720
2025-05-14 06:26:00,46.375,4.728,0,3833856,369.20,30556.61,32056.02,55,2712452,3014551,10239655936,30505041920
2025-05-14 06:26:00,45.746,4.779,0,126976,419.20,30556.61,32056.02,55,2712669,3014766,10239655936,30505103360
2025-05-14 06:26:00,49.653,5.219,0,36864,389.30,30556.61,32056.02,55,2712862,3014961,10239655936,30505140224
2025-05-14 06:26:01,48.970,4.689,0,0,339.40,30556.61,32056.02,55,2713079,3015184,10239655936,30505189376
2025-05-14 06:26:01,47.862,4.853,0,61440,249.60,30556.61,32056.02,55,2713286,3015393,10239655936,30505201664
2025-05-14 06:26:01,44.477,4.455,0,0,299.50,30556.61,32056.02,55,2713487,3015594,10239655936,30505201664
2025-05-14 06:26:01,45.405,4.636,0,0,349.40,30556.61,32056.02,55,2713689,3015796,10239655936,30505201664
2025-05-14 06:26:01,45.166,4.770,0,0,299.40,30556.61,32056.02,55,2713890,3015997,10239655936,30505201664
2025-05-14 06:26:02,45.807,4.898,0,0,309.50,30556.61,32056.02,55,2714095,3016201,10239655936,30505201664
2025-05-14 06:26:02,46.392,4.736,0,0,369.20,30556.61,32056.02,55,2714296,3016402,10239655936,30505201664
2025-05-14 06:26:02,47.296,4.874,0,0,349.40,30556.61,32056.02,55,2714497,3016603,10239655936,30505201664
2025-05-14 06:26:02,45.713,4.573,0,0,289.50,30556.61,32056.02,55,2714693,3016799,10239655936,30505201664
2025-05-14 06:26:02,45.838,4.557,0,0,239.60,30556.61,32056.02,55,2714897,3017003,10239655936,30505201664
2025-05-14 06:26:03,43.823,4.574,0,0,289.50,30556.61,32056.02,55,2715098,3017204,10239655936,30505201664
2025-05-14 06:26:03,45.679,4.550,114688,0,449.20,30556.61,32056.02,55,2716299,3018888,10239770624,30522253312
2025-05-14 06:26:03,45.606,5.337,208896,17063936,339.40,30556.61,32056.02,55,2716517,3019104,10240008192,30522314752
2025-05-14 06:26:03,44.979,4.640,28672,57344,279.50,30556.61,32056.02,55,2716724,3019313,10240008192,30522331136
2025-05-14 06:26:03,45.737,4.650,0,8192,309.40,30556.61,32056.02,55,2716925,3019514,10240008192,30522331136
2025-05-14 06:26:04,44.775,4.737,0,0,339.40,30556.61,32056.02,55,2717123,3019712,10240008192,30522331136
2025-05-14 06:26:04,45.650,4.646,4096,12288,339.40,30556.61,32056.02,55,2717327,3019919,10240012288,30522343424
2025-05-14 06:26:04,44.779,4.602,0,0,279.80,30556.61,32056.02,55,2717528,3020120,10240012288,30522343424
2025-05-14 06:26:04,45.426,4.536,8192,0,299.40,30556.61,32056.02,55,2717741,3020330,10240020480,30522347520
2025-05-14 06:26:04,45.633,4.689,0,20480,299.50,30556.61,32056.02,55,2717945,3020535,10240020480,30522363904
2025-05-14 06:26:05,44.810,4.669,0,0,329.40,30556.61,32056.02,55,2718156,3020743,10240163840,30522363904
2025-05-14 06:26:05,45.543,4.765,143360,0,319.40,30556.61,32056.02,55,2718357,3020944,10240163840,30522363904
2025-05-14 06:26:05,45.123,4.700,0,0,279.60,30556.61,32056.02,55,2718561,3021148,10240163840,30522363904
2025-05-14 06:26:05,44.803,4.450,0,0,279.50,30556.61,32056.02,55,2718768,3021359,10240163840,30522376192
2025-05-14 06:26:05,44.795,4.499,0,12288,319.40,30556.61,32056.02,55,2718969,3021560,10240163840,30522376192
2025-05-14 06:26:06,45.682,4.591,0,0,309.40,30556.61,32056.02,55,2719170,3021761,10240163840,30522376192
2025-05-14 06:26:06,45.728,4.696,0,0,329.70,30556.61,32056.02,55,2719371,3021962,10240163840,30522376192
2025-05-14 06:26:06,45.374,4.730,0,12288,279.50,30556.61,32056.02,55,2719578,3022171,10240163840,30522462208
2025-05-14 06:26:06,44.968,4.566,0,98304,299.50,30556.61,32056.02,55,2719779,3022375,10240163840,30522494976
2025-05-14 06:26:06,44.002,4.782,0,12288,349.40,30556.61,32056.02,55,2719995,3022592,10240172032,30522609664
2025-05-14 06:26:07,44.738,4.876,8192,167936,309.50,30556.61,32056.02,55,2720199,3022797,10240172032,30522667008
2025-05-14 06:26:07,45.021,4.684,0,0,259.60,30556.61,32056.02,55,2720401,3022999,10240172032,30522667008
2025-05-14 06:26:07,44.685,4.605,0,0,279.50,30556.61,32056.02,55,2720602,3023200,10240172032,30522667008
2025-05-14 06:26:07,43.162,4.454,0,0,309.40,30556.61,32056.02,55,2720806,3023404,10240172032,30522667008
2025-05-14 06:26:07,45.652,4.538,0,0,279.50,30556.61,32056.02,55,2721002,3023600,10240172032,30522667008
2025-05-14 06:26:08,46.767,4.824,0,0,449.10,30556.61,32056.02,55,2721798,3024518,10240172032,30532845568
2025-05-14 06:26:08,50.927,5.521,0,18591744,339.30,30556.61,32056.02,55,2722334,3025400,10240172032,30541484032
2025-05-14 06:26:08,49.265,5.126,0,233472,309.40,30556.61,32056.02,55,2722527,3025594,10240172032,30541492224
2025-05-14 06:26:08,46.294,4.766,4096,57344,319.40,30556.61,32056.02,55,2722740,3025807,10240176128,30541549568
2025-05-14 06:26:08,48.940,4.764,0,0,379.30,30556.61,32056.02,55,2722937,3026004,10240176128,30541549568
2025-05-14 06:26:09,47.011,4.709,0,413696,309.30,30556.61,32056.02,55,2723165,3026241,10240176128,30541971456
2025-05-14 06:26:09,45.720,4.561,0,8192,279.50,30556.61,32056.02,55,2723367,3026443,10240176128,30541971456
2025-05-14 06:26:09,46.578,4.638,0,0,359.40,30556.61,32056.02,55,2723572,3026648,10240176128,30541971456
2025-05-14 06:26:09,46.648,4.560,0,0,359.30,30556.61,32056.02,55,2723771,3026848,10240176128,30541975552
2025-05-14 06:26:09,47.658,4.482,0,8192,309.40,30556.61,32056.02,55,2723974,3027052,10240176128,30541979648
2025-05-14 06:26:10,44.956,4.503,0,0,329.40,30556.61,32056.02,55,2724179,3027257,10240176128,30541979648
2025-05-14 06:26:10,44.866,4.764,0,94208,379.30,30556.61,32056.02,55,2724390,3027473,10240176128,30542073856
2025-05-14 06:26:10,46.508,4.778,0,69632,439.20,30556.61,32056.02,55,2724613,3027703,10240176128,30542143488
2025-05-14 06:26:10,49.525,4.870,0,0,588.90,30556.61,32056.02,55,2724854,3027952,10240176128,30542524416
2025-05-14 06:26:10,51.891,5.062,0,1183744,439.20,30556.61,32056.02,55,2725152,3028270,10240176128,30543949824
2025-05-14 06:26:11,46.926,4.629,0,630784,329.40,30556.61,32056.02,55,2725366,3028488,10240176128,30544035840
2025-05-14 06:26:11,45.614,4.648,16384,118784,339.40,30556.61,32056.02,55,2725615,3028744,10240196608,30544158720
2025-05-14 06:26:11,45.370,4.733,4096,90112,299.30,30556.61,32056.02,55,2725828,3028961,10240196608,30544195584
2025-05-14 06:26:11,45.553,4.607,0,28672,369.40,30556.61,32056.02,55,2726034,3029171,10240196608,30544211968
2025-05-14 06:26:11,46.705,4.689,0,204800,359.30,30556.61,32056.02,55,2726250,3029391,10240196608,30544408576
2025-05-14 06:26:12,46.310,4.726,0,122880,329.40,30556.61,32056.02,55,2726476,3029625,10240196608,30544621568
2025-05-14 06:26:12,47.371,4.930,0,114688,369.30,30556.61,32056.02,55,2726686,3029838,10240196608,30544637952
2025-05-14 06:26:12,47.412,4.834,0,0,469.20,30556.61,32056.02,55,2727727,3031639,10240196608,30561284096
2025-05-14 06:26:12,49.191,5.079,0,16711680,299.40,30556.61,32056.02,55,2727912,3031826,10240196608,30561357824
2025-05-14 06:26:12,45.498,4.663,0,81920,339.40,30556.61,32056.02,55,2728136,3032058,10240196608,30561538048
2025-05-14 06:26:13,46.080,4.654,0,106496,329.30,30556.61,32056.02,55,2728350,3032276,10240196608,30561587200
2025-05-14 06:26:13,45.484,4.664,0,286720,379.50,30556.61,32056.02,55,2728610,3032542,10240196608,30561857536
2025-05-14 06:26:13,47.723,4.685,0,61440,419.30,30556.61,32056.02,55,2728861,3032812,10240196608,30562189312
2025-05-14 06:26:13,47.502,5.036,24576,688128,439.20,30556.61,32056.02,55,2729155,3033125,10240221184,30562705408
2025-05-14 06:26:13,47.824,5.314,143360,237568,539.10,30556.61,32056.02,55,2729409,3033387,10240368640,30562844672
2025-05-14 06:26:14,50.110,5.120,4096,86016,489.20,30556.61,32056.02,55,2729665,3033650,10240368640,30563233792
2025-05-14 06:26:14,48.292,4.776,0,614400,389.40,30556.61,32056.02,55,2729922,3033922,10240368640,30563598336
2025-05-14 06:26:14,46.975,4.933,0,102400,389.30,30556.61,32056.02,55,2730132,3034133,10240368640,30563614720
2025-05-14 06:26:14,47.254,4.713,0,0,369.30,30556.61,32056.02,55,2730348,3034352,10240368640,30563885056
2025-05-14 06:26:14,45.326,4.613,0,282624,289.50,30556.61,32056.02,55,2730560,3034569,10240368640,30563917824
2025-05-14 06:26:15,46.267,4.510,0,20480,349.40,30556.61,32056.02,55,2730766,3034777,10240368640,30563938304
2025-05-14 06:26:15,45.393,4.645,0,28672,309.50,30556.61,32056.02,55,2730980,3034995,10240368640,30563962880
2025-05-14 06:26:15,45.072,4.669,0,40960,399.30,30556.61,32056.02,55,2731187,3035204,10240368640,30563987456
2025-05-14 06:26:15,47.552,4.643,0,0,369.40,30556.61,32056.02,55,2731375,3035392,10240368640,30563987456
2025-05-14 06:26:15,46.750,4.693,0,253952,309.50,30556.61,32056.02,55,2731609,3035640,10240368640,30564311040
2025-05-14 06:26:16,44.976,4.566,0,81920,309.50,30556.61,32056.02,55,2731822,3035857,10240372736,30564352000
2025-05-14 06:26:16,44.977,4.624,4096,73728,349.40,30556.61,32056.02,55,2732057,3036101,10240401408,30564454400
2025-05-14 06:26:16,46.180,4.768,28672,122880,359.40,30556.61,32056.02,55,2732467,3036554,10240434176,30568771584
2025-05-14 06:26:16,46.587,4.909,32768,16531456,359.40,30556.60,32056.02,55,2732921,3037950,10240434176,30581080064
2025-05-14 06:26:16,46.012,4.856,135168,86016,239.60,30556.60,32056.02,55,2733156,3038190,10240569344,30581149696
2025-05-14 06:26:17,44.293,4.726,0,98304,329.50,30556.60,32056.02,55,2733390,3038435,10240569344,30581256192
2025-05-14 06:26:17,46.133,4.710,0,32768,339.40,30556.60,32056.02,55,2733601,3038651,10240569344,30581317632
2025-05-14 06:26:17,44.890,4.738,0,73728,369.40,30556.60,32056.02,55,2733805,3038857,10240569344,30581342208
2025-05-14 06:26:17,46.025,4.814,0,0,339.40,30556.60,32056.02,55,2734024,3039081,10240569344,30581403648
2025-05-14 06:26:17,43.959,4.733,0,122880,429.30,30556.60,32056.02,55,2734261,3039324,10240569344,30581518336
2025-05-14 06:26:18,46.224,4.860,0,90112,369.40,30556.60,32056.02,55,2734486,3039557,10240569344,30581575680
2025-05-14 06:26:18,46.285,4.992,0,81920,359.40,30556.60,32056.02,55,2734714,3039794,10240569344,30581665792
2025-05-14 06:26:18,46.418,4.841,0,73728,349.40,30556.60,32056.02,55,2734933,3040018,10240569344,30581723136
2025-05-14 06:26:18,46.743,4.824,0,61440,369.40,30556.60,32056.02,55,2735158,3040251,10240569344,30581805056
2025-05-14 06:26:18,46.677,4.968,32768,110592,399.20,30556.60,32056.02,55,2735433,3040543,10240602112,30581981184
2025-05-14 06:26:19,46.431,4.924,4096,139264,379.40,30556.60,32056.02,55,2735672,3040794,10240606208,30582087680
2025-05-14 06:26:19,45.830,4.738,0,106496,399.30,30556.60,32056.02,55,2735891,3041019,10240606208,30582132736
2025-05-14 06:26:19,47.923,4.915,0,40960,409.30,30556.60,32056.02,55,2736119,3041256,10240606208,30582218752
2025-05-14 06:26:19,48.075,4.849,0,270336,429.20,30556.60,32056.02,55,2736487,3041609,10240606208,30582824960
2025-05-14 06:26:19,48.631,5.711,8192,794624,539.10,30556.60,32056.02,55,2737784,3042620,10240675840,30583504896
2025-05-14 06:26:20,49.162,5.059,61440,360448,449.30,30556.60,32056.02,55,2738041,3042892,10240679936,30583664640
2025-05-14 06:26:20,47.767,4.996,4096,307200,469.20,30556.60,32056.02,55,2738309,3043175,10240679936,30584233984
2025-05-14 06:26:20,46.540,5.174,0,389120,319.40,30556.60,32056.02,55,2738628,3043470,10240679936,30584352768
2025-05-14 06:26:20,47.910,4.964,0,9740288,399.60,30556.60,32056.02,55,2739978,3045235,10240679936,30597832704
2025-05-14 06:26:20,45.465,5.045,0,3809280,349.50,30556.60,32056.02,55,2740217,3045466,10240679936,30597857280
2025-05-14 06:26:21,44.751,4.941,0,32768,409.10,30556.60,32056.02,55,2740427,3045680,10240679936,30597894144
2025-05-14 06:26:21,45.359,4.849,0,28672,419.30,30556.60,32056.02,55,2740631,3045885,10240679936,30597902336
2025-05-14 06:26:21,45.585,4.943,0,0,409.30,30556.60,32056.02,55,2740835,3046089,10240679936,30597902336
2025-05-14 06:26:21,46.335,4.880,0,0,419.10,30556.60,32056.02,55,2741036,3046290,10240679936,30597902336
2025-05-14 06:26:22,46.138,4.789,0,0,369.40,30556.60,32056.02,55,2741237,3046491,10240679936,30597902336
2025-05-14 06:26:22,45.404,4.693,0,0,389.40,30556.60,32056.02,55,2741444,3046698,10240679936,30597902336
2025-05-14 06:26:22,45.754,4.781,0,0,339.40,30556.60,32056.02,55,2741645,3046899,10240679936,30597902336
2025-05-14 06:26:22,45.056,4.676,0,0,329.30,30556.60,32056.02,55,2741838,3047092,10240679936,30597902336
2025-05-14 06:26:22,47.455,5.078,0,0,339.40,30556.60,32056.02,55,2742043,3047297,10240679936,30597906432
2025-05-14 06:26:23,45.413,4.723,0,4096,379.30,30556.60,32056.02,55,2742244,3047498,10240679936,30597906432
2025-05-14 06:26:23,45.889,4.706,0,0,419.20,30556.60,32056.02,55,2742444,3047696,10240679936,30597906432
2025-05-14 06:26:23,46.164,4.916,0,0,379.30,30556.60,32056.02,55,2742651,3047905,10240679936,30597926912
2025-05-14 06:26:23,45.482,4.742,0,20480,379.20,30556.60,32056.02,55,2742833,3048087,10240679936,30597926912
2025-05-14 06:26:23,46.318,4.876,0,0,399.20,30556.60,32056.02,55,2743034,3048288,10240679936,30597926912
2025-05-14 06:26:24,45.809,4.949,0,0,409.30,30556.60,32056.02,55,2743253,3048508,10240679936,30597939200
2025-05-14 06:26:24,46.260,5.183,0,53248,379.40,30556.60,32056.02,55,2743507,3048759,10240684032,30598000640
2025-05-14 06:26:24,45.712,5.084,4096,32768,359.40,30556.60,32056.02,55,2743722,3048979,10240684032,30598066176
2025-05-14 06:26:24,45.902,4.878,0,65536,319.60,30556.60,32056.02,55,2743910,3049170,10240684032,30598078464
2025-05-14 06:26:24,46.192,4.790,0,0,339.40,30556.60,32056.02,55,2744107,3049366,10240684032,30598078464
2025-05-14 06:26:25,45.683,4.853,0,0,509.00,30556.60,32056.02,55,2745204,3050780,10240684032,30607085568
2025-05-14 06:26:25,47.108,5.244,0,12120064,289.50,30556.60,32056.02,55,2745798,3051407,10240684032,30610198528
2025-05-14 06:26:25,44.252,4.807,0,57344,289.50,30556.60,32056.02,55,2746001,3051611,10240684032,30610255872
2025-05-14 06:26:25,43.563,4.674,0,0,349.30,30556.60,32056.02,55,2746287,3051899,10240684032,30610464768
2025-05-14 06:26:25,47.967,5.306,0,888832,499.10,30556.60,32056.02,55,2747128,3052750,10240684032,30612103168
2025-05-14 06:26:26,46.492,5.130,0,978944,329.40,30556.60,32056.02,55,2747377,3052993,10240684032,30612160512
2025-05-14 06:26:26,45.559,4.888,0,331776,449.20,30556.60,32056.02,55,2747762,3053452,10240684032,30612860928
2025-05-14 06:26:26,46.811,4.878,0,430080,329.40,30556.60,32056.02,55,2747975,3053669,10240684032,30612893696
2025-05-14 06:26:26,47.229,4.918,0,487424,329.40,30556.60,32056.02,55,2748383,3054140,10240684032,30613598208
2025-05-14 06:26:26,46.216,4.804,0,417792,329.40,30556.60,32056.02,55,2748653,3054428,10240684032,30613807104
2025-05-14 06:26:27,47.284,5.041,0,135168,369.40,30556.60,32056.02,55,2748932,3054730,10240684032,30614016000
2025-05-14 06:26:27,45.656,4.838,4096,155648,259.50,30556.60,32056.02,55,2749177,3054995,10240688128,30614126592
2025-05-14 06:26:27,44.302,4.742,0,106496,319.40,30556.60,32056.02,55,2749888,3055844,10240688128,30614888448
2025-05-14 06:26:27,46.264,4.690,0,1298432,359.40,30556.60,32056.02,55,2750667,3056781,10240688128,30615719936
2025-05-14 06:26:27,46.254,4.921,0,294912,309.40,30556.60,32056.02,55,2750995,3057146,10240688128,30615912448
2025-05-14 06:26:28,45.603,4.857,0,770048,369.40,30556.60,32056.02,55,2752108,3058516,10240688128,30617210880
2025-05-14 06:26:28,46.511,4.805,0,1249280,359.30,30556.60,32056.02,55,2753227,3059921,10240692224,30618599424
2025-05-14 06:26:28,46.559,4.784,4096,1474560,339.40,30556.60,32056.02,55,2754324,3061279,10240692224,30619901952
2025-05-14 06:26:28,46.197,4.769,0,1314816,369.40,30556.60,32056.02,55,2755243,3062425,10240692224,30621007872
2025-05-14 06:26:28,46.576,4.811,0,1101824,379.30,30556.60,32056.02,55,2756298,3063761,10240692224,30622334976
2025-05-14 06:26:29,46.560,4.880,0,1286144,329.40,30556.60,32056.02,55,2757450,3065222,10240692224,30623727616
2025-05-14 06:26:29,47.108,4.865,0,13623296,349.40,30556.60,32056.02,55,2759339,3067656,10240692224,30637326336
2025-05-14 06:26:29,46.570,4.837,0,1462272,369.60,30556.60,32056.02,55,2760429,3069043,10240692224,30638714880
2025-05-14 06:26:29,46.581,4.673,0,1310720,309.30,30556.60,32056.02,55,2761325,3070170,10240692224,30639828992
2025-05-14 06:26:29,47.078,4.712,0,1118208,419.30,30556.60,32056.02,55,2762374,3071492,10240692224,30641172480
2025-05-14 06:26:30,48.108,4.875,0,1183744,409.30,30556.60,32056.02,55,2763320,3072684,10240692224,30642348032
2025-05-14 06:26:30,46.922,4.697,0,1269760,409.60,30556.60,32056.02,55,2764291,3073912,10240692224,30643572736
2025-05-14 06:26:30,46.595,4.810,0,1323008,359.50,30556.60,32056.02,55,2765356,3075259,10240692224,30645002240
2025-05-14 06:26:30,46.883,4.702,0,1400832,349.40,30556.60,32056.02,55,2766183,3076295,10240692224,30646005760
2025-05-14 06:26:30,47.507,4.850,0,966656,409.30,30556.60,32056.02,55,2767186,3077567,10240692224,30647218176
2025-05-14 06:26:31,46.546,4.802,0,1269760,449.00,30556.60,32056.02,55,2768224,3078902,10240692224,30648541184
2025-05-14 06:26:31,46.731,4.796,0,831488,429.30,30556.60,32056.02,55,2768566,3079291,10240692224,30648811520
2025-05-14 06:26:31,46.853,4.974,0,159744,409.20,30556.60,32056.02,55,2768828,3079574,10240692224,30648995840
2025-05-14 06:26:31,46.179,5.208,0,278528,499.10,30556.60,32056.02,55,2769087,3079859,10240692224,30649294848
2025-05-14 06:26:31,47.578,5.195,12288,241664,459.20,30556.60,32056.02,55,2769372,3080170,10240704512,30649532416
2025-05-14 06:26:32,47.264,5.066,0,208896,539.10,30556.60,32056.02,55,2769714,3080525,10240704512,30649847808
2025-05-14 06:26:32,49.462,5.466,4096,692224,578.80,30556.60,32056.02,55,2770204,3080995,10240708608,30650593280
2025-05-14 06:26:32,49.261,5.620,0,577536,578.90,30556.60,32056.02,55,2770939,3081918,10240708608,30651736064
2025-05-14 06:26:32,49.136,5.249,0,1822720,449.20,30556.60,32056.02,55,2772010,3083290,10240708608,30653902848
2025-05-14 06:26:32,48.642,5.190,0,2351104,499.10,30556.60,32056.02,55,2773037,3084619,10240708608,30655840256
2025-05-14 06:26:33,48.166,4.934,4096,1286144,419.30,30556.60,32056.02,55,2773942,3085762,10240712704,30657044480
2025-05-14 06:26:33,47.426,4.709,0,1294336,568.90,30556.60,32056.02,55,2775793,3087966,10240712704,30668709888
2025-05-14 06:26:33,48.977,4.825,0,13037568,499.10,30556.60,32056.02,55,2776620,3089013,10240712704,30672445440
2025-05-14 06:26:33,48.690,4.645,0,3428352,389.30,30556.60,32056.02,55,2777347,3089923,10240712704,30675054592
2025-05-14 06:26:33,47.564,4.596,0,1368064,429.20,30556.60,32056.02,55,2778256,3091074,10240712704,30676324352
2025-05-14 06:26:34,46.815,4.565,0,1482752,549.40,30556.60,32056.02,55,2779156,3092217,10240712704,30677749760
2025-05-14 06:26:34,48.196,4.600,0,1552384,429.60,30556.60,32056.02,55,2780150,3093493,10240712704,30679355392
2025-05-14 06:26:34,46.952,4.538,0,1556480,449.50,30556.60,32056.02,55,2781105,3094719,10240712704,30680801280
2025-05-14 06:26:34,47.222,4.500,0,1400832,419.30,30556.60,32056.02,55,2781922,3095757,10240712704,30681964544
2025-05-14 06:26:34,47.299,4.484,0,1216512,449.20,30556.60,32056.02,55,2782941,3097064,10240712704,30683463680
2025-05-14 06:26:35,47.302,4.773,0,1458176,469.20,30556.60,32056.02,55,2783923,3098324,10240712704,30684917760
2025-05-14 06:26:35,47.201,5.066,4096,1622016,479.50,30556.60,32056.02,55,2784924,3099604,10240716800,30686523392
2025-05-14 06:26:35,46.904,4.924,0,1609728,529.00,30556.60,32056.02,55,2785937,3100899,10240716800,30688178176
2025-05-14 06:26:35,46.942,5.116,0,1445888,459.20,30556.60,32056.02,55,2786799,3102004,10240716800,30689501184
2025-05-14 06:26:35,47.900,5.166,0,1437696,489.20,30556.60,32056.02,55,2787766,3103244,10240716800,30690996224
2025-05-14 06:26:36,47.615,5.187,0,1445888,479.10,30556.60,32056.02,55,2788709,3104449,10240716800,30692417536
2025-05-14 06:26:36,47.661,4.974,4096,1351680,469.20,30556.60,32056.02,55,2789650,3105660,10240720896,30699786240
2025-05-14 06:26:36,47.486,5.055,0,7462912,449.30,30556.65,32056.02,55,2790645,3106929,10240720896,30701359104
2025-05-14 06:26:36,46.965,4.863,0,1376256,419.60,30556.65,32056.02,55,2791425,3107913,10240720896,30702555136
2025-05-14 06:26:36,47.304,5.149,0,1286144,469.10,30556.65,32056.02,55,2792336,3109072,10240720896,30703943680
2025-05-14 06:26:37,47.372,5.277,0,1458176,499.20,30556.65,32056.02,55,2793264,3110251,10240720896,30705381376
2025-05-14 06:26:37,46.354,4.844,0,860160,379.40,30556.75,32056.02,55,2794029,3111106,10240720896,30709604352
2025-05-14 06:26:37,46.571,5.083,0,9187328,409.20,30556.75,32056.02,55,2795404,3112834,10240720896,30715625472
2025-05-14 06:26:37,47.614,4.978,0,1392640,459.20,30556.75,32056.02,55,2796131,3113755,10240720896,30716698624
2025-05-14 06:26:37,47.255,5.148,0,1417216,459.20,30556.75,32056.02,55,2797118,3115016,10240720896,30718263296
2025-05-14 06:26:38,47.141,5.042,0,1626112,409.30,30556.75,32056.02,55,2798203,3116407,10240720896,30719983616
2025-05-14 06:26:38,46.736,4.939,0,1765376,399.40,30556.75,32056.02,55,2799355,3117888,10240720896,30721769472
2025-05-14 06:26:38,47.008,4.882,0,1662976,399.30,30556.79,32056.02,55,2800376,3119194,10240720896,30723489792
2025-05-14 06:26:38,47.058,4.925,0,1359872,419.30,30556.79,32056.02,55,2801151,3120173,10240798720,30724583424
2025-05-14 06:26:38,47.398,5.114,86016,1527808,489.10,30556.79,32056.02,55,2802185,3121486,10240806912,30726213632
2025-05-14 06:26:39,46.961,5.130,0,1712128,419.10,30556.79,32056.02,55,2803296,3122913,10240806912,30727974912
2025-05-14 06:26:39,47.610,5.017,102400,1687552,419.30,30556.79,32056.02,55,2804372,3124285,10240909312,30729670656
2025-05-14 06:26:39,47.370,4.954,4096,1683456,399.40,30556.79,32056.02,55,2805492,3125732,10240913408,30731419648
2025-05-14 06:26:39,47.186,4.983,0,1458176,548.90,30556.79,32056.02,55,2806350,3126826,10240913408,30732771328
2025-05-14 06:26:39,49.842,5.230,0,1409024,578.90,30556.79,32056.02,55,2807182,3127850,10240913408,30734114816
2025-05-14 06:26:40,48.725,5.277,0,1359872,499.20,30556.84,32056.02,55,2808063,3128968,10240913408,30735405056
2025-05-14 06:26:40,47.614,4.861,4096,1302528,529.30,30556.84,32056.02,55,2808930,3130078,10240917504,30736678912
2025-05-14 06:26:40,48.329,5.039,0,1343488,538.90,30556.84,32056.02,55,2809843,3131247,10240917504,30738108416
2025-05-14 06:26:40,49.002,5.350,0,1310720,549.10,30556.84,32056.02,55,2810649,3132270,10240917504,30739378176
2025-05-14 06:26:40,48.737,5.436,0,1376256,489.20,30556.84,32056.02,55,2811558,3133427,10240917504,30740799488
2025-05-14 06:26:41,48.329,5.189,0,1400832,549.10,30556.84,32056.02,55,2812450,3134558,10240917504,30742261760
2025-05-14 06:26:41,48.111,5.294,151552,1515520,578.80,30556.84,32056.02,55,2813357,3135699,10241101824,30743654400
2025-05-14 06:26:41,49.120,5.950,45056,9904128,519.10,30556.84,32056.02,55,2814435,3137680,10241114112,30753607680
2025-05-14 06:26:41,47.926,5.269,0,1204224,509.10,30556.84,32056.02,55,2815226,3138678,10241114112,30754770944
2025-05-14 06:26:41,48.084,5.424,151552,1302528,538.90,30556.84,32056.02,55,2816115,3139798,10241265664,30756077568
2025-05-14 06:26:42,48.485,5.457,425984,1261568,658.90,30556.84,32056.02,55,2816932,3140813,10241724416,30757224448
2025-05-14 06:26:42,49.762,5.422,323584,1187840,648.80,30556.84,32056.02,55,2817812,3141884,10242019328,30758588416
2025-05-14 06:26:42,49.866,5.474,8192,958464,489.20,30556.84,32056.02,55,2818267,3142339,10242023424,30759596032
2025-05-14 06:26:42,48.655,4.927,0,1781760,459.10,30556.84,32056.02,55,2818583,3142694,10242023424,30761963520
2025-05-14 06:26:42,46.605,4.881,0,2871296,449.30,30556.84,32056.02,55,2818935,3143095,10242023424,30764953600
2025-05-14 06:26:43,47.997,4.847,0,2691072,489.20,30556.84,32056.02,55,2819282,3143483,10242031616,30767554560
2025-05-14 06:26:43,48.711,4.897,8192,2772992,429.30,30556.84,32056.02,55,2819661,3143912,10242031616,30770606080
2025-05-14 06:26:43,46.022,5.432,0,4145152,259.50,30556.84,32056.02,55,2820092,3144421,10242031616,30775635968
2025-05-14 06:26:43,45.889,5.353,0,3686400,249.60,30556.84,32056.02,55,2820585,3144888,10242031616,30776979456
2025-05-14 06:26:43,44.811,5.314,0,319488,329.40,30556.84,32056.02,55,2821275,3145465,10242031616,30777233408
2025-05-14 06:26:44,47.821,6.467,0,348160,608.80,30556.84,32056.02,55,2821783,3145923,10242035712,30777712640
2025-05-14 06:26:44,49.471,5.915,4096,491520,738.70,30556.84,32056.02,55,2822804,3146738,10242035712,30778359808
2025-05-14 06:26:44,51.474,6.143,0,1159168,629.00,30556.84,32056.02,55,2823614,3147518,10242211840,30779437056
2025-05-14 06:26:44,49.585,5.638,188416,528384,499.20,30556.84,32056.02,55,2824037,3147922,10242224128,30779797504
2025-05-14 06:26:44,47.566,5.438,0,323584,429.20,30556.84,32056.02,55,2824446,3148304,10242224128,30780076032
2025-05-14 06:26:45,47.085,5.404,0,139264,489.20,30556.84,32056.02,55,2824773,3148607,10242224128,30780235776
2025-05-14 06:26:45,46.774,5.612,0,159744,499.10,30556.84,32056.02,55,2825089,3148903,10242224128,30780399616
2025-05-14 06:26:45,47.399,5.417,0,262144,519.10,30556.84,32056.02,55,2826454,3150700,10242224128,30790578176
2025-05-14 06:26:45,47.980,5.579,0,10227712,519.00,30556.84,32056.02,55,2826814,3151051,10242224128,30790897664
2025-05-14 06:26:45,46.848,5.895,0,311296,509.00,30556.84,32056.02,55,2827196,3151421,10242224128,30791184384
2025-05-14 06:26:46,47.015,5.704,0,368640,569.10,30556.84,32056.02,55,2827562,3151776,10242224128,30791454720
2025-05-14 06:26:46,47.971,5.485,0,147456,499.00,30556.84,32056.02,55,2827919,3152123,10242224128,30791741440
2025-05-14 06:26:46,46.856,5.873,0,360448,509.20,30556.84,32056.02,55,2828333,3152521,10242224128,30792085504
2025-05-14 06:26:46,48.241,5.631,0,344064,469.40,30556.84,32056.02,55,2828701,3152878,10242224128,30792454144
2025-05-14 06:26:46,48.521,5.779,0,360448,519.00,30556.84,32056.02,55,2829085,3153244,10242342912,30792798208
2025-05-14 06:26:47,48.569,5.450,122880,245760,579.00,30556.84,32056.02,55,2829439,3153584,10242347008,30792978432
2025-05-14 06:26:47,49.249,5.696,0,266240,559.10,30556.84,32056.02,55,2829778,3153929,10242355200,30793326592
2025-05-14 06:26:47,48.173,5.425,8192,352256,429.20,30556.84,32056.02,55,2830079,3154243,10242355200,30793535488
2025-05-14 06:26:47,47.834,5.057,0,131072,439.30,30556.84,32056.02,55,2830309,3154480,10242355200,30793674752
2025-05-14 06:26:47,45.973,5.480,0,311296,519.10,30556.84,32056.02,55,2830734,3154897,10242355200,30794125312
2025-05-14 06:26:48,47.819,5.483,0,364544,499.10,30556.84,32056.02,55,2831036,3155199,10242359296,30794379264
2025-05-14 06:26:48,47.727,5.273,4096,106496,439.10,30556.84,32056.02,55,2831308,3155472,10242359296,30794555392
2025-05-14 06:26:48,47.172,5.542,0,352256,449.20,30556.84,32056.02,55,2831652,3155825,10242359296,30794936320
2025-05-14 06:26:48,47.761,5.639,0,339968,449.20,30556.84,32056.02,55,2832009,3156181,10242359296,30795272192
2025-05-14 06:26:48,47.071,5.721,0,331776,419.30,30556.84,32056.02,55,2832307,3156478,10242359296,30795505664
2025-05-14 06:26:49,46.390,5.318,0,184320,499.20,30556.84,32056.02,55,2832594,3156754,10242359296,30795636736
2025-05-14 06:26:49,48.344,5.766,4096,212992,409.30,30556.84,32056.02,55,2832970,3157127,10242363392,30796066816
2025-05-14 06:26:49,47.043,5.519,0,360448,449.20,30556.84,32056.02,55,2833249,3157403,10242363392,30796185600
2025-05-14 06:26:49,48.556,5.343,217088,9695232,419.20,30556.84,32056.02,55,2834117,3158850,10242580480,30806061056
2025-05-14 06:26:49,46.591,5.824,0,376832,479.20,30556.84,32056.02,55,2834491,3159225,10242580480,30806462464
2025-05-14 06:26:50,47.741,5.509,28672,286720,519.00,30556.84,32056.02,55,2834788,3159516,10242613248,30806736896
2025-05-14 06:26:50,48.251,6.114,8192,438272,449.10,30556.84,32056.02,55,2835140,3159885,10242621440,30807261184
2025-05-14 06:26:50,49.581,5.787,4096,802816,528.90,30556.84,32056.02,55,2835956,3160542,10242621440,30807965696
2025-05-14 06:26:50,48.710,5.408,0,311296,449.20,30556.84,32056.02,55,2836324,3160895,10242621440,30808248320
2025-05-14 06:26:50,47.630,5.553,0,294912,409.10,30556.84,32056.02,55,2836631,3161193,10242621440,30808530944
2025-05-14 06:26:51,47.214,5.465,8192,368640,449.20,30556.84,32056.02,55,2836982,3161547,10242629632,30809014272
2025-05-14 06:26:51,47.516,5.567,0,421888,439.20,30556.84,32056.02,55,2837322,3161884,10242629632,30809362432
2025-05-14 06:26:51,47.707,5.729,0,327680,499.00,30556.84,32056.02,55,2837630,3162198,10242629632,30809636864
2025-05-14 06:26:51,48.042,5.595,0,286720,459.10,30556.84,32056.02,55,2837929,3162500,10242629632,30809964544
2025-05-14 06:26:51,46.957,5.505,0,176128,449.00,30556.84,32056.02,55,2838204,3162776,10242629632,30810214400
2025-05-14 06:26:52,47.424,5.558,0,434176,419.20,30556.84,32056.02,55,2838470,3163048,10242633728,30810439680
2025-05-14 06:26:52,47.384,5.341,4096,245760,479.00,30556.84,32056.02,55,2838769,3163355,10242633728,30810869760
2025-05-14 06:26:52,47.756,5.721,0,372736,479.20,30556.84,32056.02,55,2839063,3163660,10242633728,30811197440
2025-05-14 06:26:52,48.716,5.536,0,344064,429.30,30556.84,32056.02,55,2839360,3163964,10242633728,30811504640
2025-05-14 06:26:53,46.228,5.389,0,417792,429.20,30556.84,32056.02,55,2839663,3164279,10242633728,30811947008
2025-05-14 06:26:53,47.113,4.944,0,184320,489.20,30556.84,32056.02,55,2839881,3164502,10242633728,30812057600
2025-05-14 06:26:53,47.725,4.940,0,163840,459.10,30556.84,32056.02,55,2840132,3164762,10242633728,30812327936
2025-05-14 06:26:53,47.843,5.210,0,262144,459.20,30556.84,32056.02,55,2840384,3165024,10242633728,30812602368
2025-05-14 06:26:53,47.920,5.378,0,253952,568.90,30556.84,32056.02,55,2841557,3166334,10242633728,30823784448
2025-05-14 06:26:54,48.921,5.462,0,11968512,489.20,30556.84,32056.02,55,2841876,3166680,10242633728,30825431040
2025-05-14 06:26:54,47.645,5.433,0,1056768,499.20,30556.84,32056.02,55,2842188,3167004,10242633728,30825828352
2025-05-14 06:26:54,47.813,5.606,0,225280,489.10,30556.84,32056.02,55,2842401,3167221,10242633728,30825992192
2025-05-14 06:26:54,47.430,5.376,0,270336,379.30,30556.84,32056.02,55,2842673,3167508,10242633728,30826426368
2025-05-14 06:26:54,47.447,5.700,0,413696,389.30,30556.84,32056.02,55,2842985,3167831,10242633728,30826835968
2025-05-14 06:26:55,46.469,6.033,0,475136,449.10,30556.84,32056.02,55,2843295,3168156,10242633728,30827253760
2025-05-14 06:26:55,46.894,5.543,0,372736,379.40,30556.84,32056.02,55,2843604,3168477,10242633728,30827651072
2025-05-14 06:26:55,46.377,5.685,24576,348160,379.40,30556.84,32056.02,55,2843891,3168776,10242658304,30827868160
2025-05-14 06:26:55,47.723,5.449,0,323584,369.40,30556.84,32056.02,55,2844181,3169083,10242658304,30828273664
2025-05-14 06:26:55,47.317,5.477,0,352256,389.30,30556.84,32056.02,55,2844498,3169416,10242658304,30828650496
2025-05-14 06:26:56,47.243,5.547,0,315392,399.30,30556.84,32056.02,55,2844765,3169697,10242658304,30829027328
2025-05-14 06:26:56,47.849,5.802,0,548864,519.20,30556.84,32056.02,55,2845074,3170022,10242658304,30829498368
2025-05-14 06:26:56,48.401,5.733,45056,327680,568.90,30556.84,32056.02,55,2845399,3170355,10242711552,30829895680
2025-05-14 06:26:56,49.675,5.843,73728,417792,419.20,30556.84,32056.02,55,2845678,3170646,10242777088,30830186496
2025-05-14 06:26:56,47.829,5.414,0,151552,429.30,30556.84,32056.02,55,2845932,3170902,10242777088,30830325760
2025-05-14 06:26:57,46.988,5.462,0,114688,379.70,30556.84,32056.02,55,2846146,3171119,10242777088,30830358528
2025-05-14 06:26:57,46.559,5.385,0,188416,449.20,30556.84,32056.02,55,2846416,3171401,10242777088,30830751744
2025-05-14 06:26:57,46.370,5.898,0,466944,399.20,30556.84,32056.02,55,2846724,3171727,10242777088,30831136768
2025-05-14 06:26:57,47.568,5.386,0,233472,359.40,30556.84,32056.02,55,2846962,3171969,10242777088,30831378432
2025-05-14 06:26:57,47.435,5.674,0,352256,439.20,30556.84,32056.02,55,2847402,3172701,10242777088,30834778112
2025-05-14 06:26:58,46.918,5.829,0,9736192,349.40,30556.84,32056.02,55,2848042,3173471,10242777088,30841516032
2025-05-14 06:26:58,46.408,5.576,0,364544,359.40,30556.84,32056.02,55,2848290,3173734,10242777088,30841765888
2025-05-14 06:26:58,45.716,5.664,0,262144,449.20,30556.84,32056.02,55,2848607,3174061,10242789376,30842163200
2025-05-14 06:26:58,48.393,5.757,12288,462848,439.10,30556.84,32056.02,55,2848939,3174408,10242805760,30842568704
2025-05-14 06:26:58,48.605,5.860,16384,405504,369.30,30556.84,32056.02,55,2849381,3174811,10242805760,30842945536
2025-05-14 06:26:59,48.124,5.584,0,348160,419.20,30556.84,32056.02,55,2849669,3175119,10242805760,30843338752
2025-05-14 06:26:59,47.579,5.683,0,409600,399.20,30556.84,32056.02,55,2850011,3175459,10242805760,30843715584
2025-05-14 06:26:59,45.709,5.437,0,229376,399.30,30556.84,32056.02,55,2850245,3175702,10242805760,30843817984
2025-05-14 06:26:59,47.496,5.178,0,135168,349.40,30556.84,32056.02,55,2850603,3176005,10242887680,30843949056
2025-05-14 06:26:59,47.363,5.074,86016,57344,469.10,30556.84,32056.02,55,2850865,3176271,10242904064,30844080128
2025-05-14 06:27:00,48.984,5.865,16384,307200,499.00,30556.84,32056.02,55,2851408,3176755,10242936832,30844542976
2025-05-14 06:27:00,48.316,6.142,69632,532480,429.20,30556.84,32056.02,55,2851853,3177275,10242981888,30851080192
2025-05-14 06:27:00,47.724,5.809,32768,6393856,399.20,30556.84,32056.02,55,2852128,3177561,10243010560,30851362816
2025-05-14 06:27:00,47.997,5.854,0,417792,479.10,30556.84,32056.02,55,2852548,3177967,10243010560,30851796992
2025-05-14 06:27:00,49.142,5.687,12288,299008,369.20,30556.84,32056.02,55,2852836,3178274,10243022848,30852231168
2025-05-14 06:27:01,47.680,6.060,0,532480,379.30,30556.84,32056.02,55,2853140,3178601,10243022848,30852788224
2025-05-14 06:27:01,47.022,5.863,0,503808,429.20,30556.84,32056.02,55,2853471,3178953,10243031040,30853275648
2025-05-14 06:27:01,47.492,6.136,8192,524288,399.30,30556.84,32056.02,55,2853764,3179254,10243031040,30853562368
2025-05-14 06:27:01,47.543,5.799,0,299008,419.20,30556.84,32056.02,55,2854060,3179575,10243039232,30854000640
2025-05-14 06:27:01,48.377,5.611,24576,253952,399.30,30556.84,32056.02,55,2854292,3179809,10243055616,30854094848
2025-05-14 06:27:02,47.388,5.373,0,4788224,459.20,30556.84,32056.02,55,2855408,3181195,10243063808,30864936960
2025-05-14 06:27:02,48.728,5.846,274432,6320128,449.10,30556.84,32056.02,55,2855750,3181553,10243338240,30865293312
2025-05-14 06:27:02,47.704,5.406,8192,286720,419.20,30556.84,32056.02,55,2856045,3181867,10243338240,30865592320
2025-05-14 06:27:02,47.453,5.740,0,360448,379.30,30556.84,32056.02,55,2856356,3182194,10243354624,30866014208
2025-05-14 06:27:02,47.194,5.640,16384,405504,409.30,30556.84,32056.02,55,2856657,3182516,10243358720,30866391040
2025-05-14 06:27:03,47.324,5.730,4096,368640,349.40,30556.84,32056.02,55,2856962,3182836,10243358720,30866710528
2025-05-14 06:27:03,47.673,5.457,86016,450560,349.40,30556.84,32056.02,55,2857317,3183219,10243444736,30867140608
2025-05-14 06:27:03,47.615,5.796,57344,495616,389.20,30556.84,32056.02,55,2857691,3183623,10243502080,30867730432
2025-05-14 06:27:03,47.952,5.478,32768,454656,389.30,30556.84,32056.02,55,2857990,3183945,10243534848,30868221952
2025-05-14 06:27:03,48.682,5.700,0,471040,419.30,30556.84,32056.02,55,2858325,3184303,10243538944,30869041152
2025-05-14 06:27:04,48.282,5.666,12288,1241088,419.20,30556.84,32056.02,55,2858632,3184636,10243547136,30869880832
2025-05-14 06:27:04,46.574,5.651,28672,479232,389.30,30556.84,32056.02,55,2858928,3184955,10243575808,30870335488
2025-05-14 06:27:04,47.627,5.823,0,385024,419.30,30556.84,32056.02,55,2859232,3185293,10243575808,30870831104
2025-05-14 06:27:04,47.226,5.782,0,598016,418.70,30556.84,32056.02,55,2859532,3185619,10243575808,30871404544
2025-05-14 06:27:04,48.156,5.805,0,458752,379.30,30556.84,32056.02,55,2859843,3185961,10243575808,30871859200
2025-05-14 06:27:05,47.405,5.849,0,458752,409.30,30556.84,32056.02,55,2860137,3186286,10243575808,30872285184
2025-05-14 06:27:05,47.533,5.487,0,327680,449.20,30556.84,32056.02,55,2860427,3186599,10243575808,30872633344
2025-05-14 06:27:05,47.496,6.022,0,491520,469.10,30556.84,32056.02,55,2860799,3186979,10243575808,30873202688
2025-05-14 06:27:05,47.297,5.680,0,577536,369.40,30556.84,32056.02,55,2861115,3187319,10243575808,30873706496
2025-05-14 06:27:05,47.449,5.350,0,364544,409.30,30556.84,32056.02,55,2861395,3187619,10243575808,30874071040
2025-05-14 06:27:06,48.212,5.743,16384,483328,449.20,30556.84,32056.02,55,2862510,3188928,10243592192,30883631104
2025-05-14 06:27:06,47.108,5.897,0,9543680,399.30,30556.84,32056.02,55,2862794,3189231,10243592192,30883954688
2025-05-14 06:27:06,46.526,5.613,0,262144,409.60,30556.84,32056.02,55,2863067,3189522,10243592192,30884216832
2025-05-14 06:27:06,46.718,5.309,0,303104,389.20,30556.84,32056.02,55,2863348,3189829,10243592192,30884622336
2025-05-14 06:27:06,48.163,5.994,0,401408,379.30,30556.84,32056.02,55,2863684,3190184,10243592192,30885081088
2025-05-14 06:27:07,48.141,6.208,0,507904,419.30,30556.84,32056.02,55,2863980,3190492,10243592192,30885478400
2025-05-14 06:27:07,47.871,5.699,20480,401408,409.20,30556.84,32056.02,55,2864283,3190815,10243612672,30885953536
2025-05-14 06:27:07,47.941,6.056,0,413696,469.20,30556.84,32056.02,55,2864544,3191095,10243612672,30886219776
2025-05-14 06:27:07,48.749,6.251,0,471040,708.70,30556.84,32056.02,55,2865542,3191885,10243620864,30887084032
2025-05-14 06:27:07,49.918,6.451,8192,954368,558.90,30556.84,32056.02,55,2866010,3192358,10243620864,30887956480
2025-05-14 06:27:08,48.295,5.750,0,425984,449.20,30556.84,32056.02,55,2866270,3192628,10243620864,30888333312
2025-05-14 06:27:08,48.110,5.558,0,552960,479.20,30556.84,32056.02,55,2866575,3192955,10243620864,30888710144
2025-05-14 06:27:08,48.240,5.718,0,327680,439.20,30556.84,32056.02,55,2866845,3193244,10243620864,30889037824
2025-05-14 06:27:08,47.613,5.632,0,368640,429.20,30556.84,32056.02,55,2867109,3193521,10243620864,30889287680
2025-05-14 06:27:08,47.738,5.172,0,73728,409.30,30556.84,32056.02,55,2867357,3193778,10243620864,30889492480
2025-05-14 06:27:09,47.175,5.697,0,397312,419.30,30556.84,32056.02,55,2867642,3194091,10243620864,30889971712
2025-05-14 06:27:09,47.743,5.325,0,319488,409.60,30556.84,32056.02,55,2867875,3194338,10243620864,30890262528
2025-05-14 06:27:09,47.825,5.662,0,360448,399.20,30556.84,32056.02,55,2868130,3194604,10243620864,30890487808
2025-05-14 06:27:09,47.463,5.239,0,221184,359.30,30556.84,32056.02,55,2868380,3194872,10243620864,30890844160
2025-05-14 06:27:09,47.573,5.591,0,315392,379.30,30556.84,32056.02,55,2868628,3195130,10243620864,30890967040
2025-05-14 06:27:10,46.077,5.476,0,180224,369.30,30556.84,32056.02,55,2868900,3195421,10243620864,30891302912
2025-05-14 06:27:10,47.843,5.718,0,10616832,449.20,30556.84,32056.02,55,2869920,3196865,10243620864,30901927936
2025-05-14 06:27:10,46.870,5.843,0,380928,409.30,30556.84,32056.02,55,2870209,3197175,10243620864,30902292480
2025-05-14 06:27:10,46.784,5.852,0,393216,389.40,30556.84,32056.02,55,2870502,3197495,10243620864,30902751232
2025-05-14 06:27:10,46.815,5.854,0,430080,389.30,30556.84,32056.02,55,2870791,3197807,10243620864,30903152640
2025-05-14 06:27:11,47.599,5.953,0,380928,439.30,30556.84,32056.02,55,2871077,3198114,10243620864,30903513088
2025-05-14 06:27:11,47.469,5.764,0,360448,379.30,30556.84,32056.02,55,2871364,3198422,10243620864,30903902208
2025-05-14 06:27:11,47.661,5.854,0,434176,399.30,30556.84,32056.02,55,2871643,3198727,10243620864,30904324096
2025-05-14 06:27:11,47.209,5.691,0,409600,389.30,30556.84,32056.02,55,2871952,3199051,10243620864,30904717312
2025-05-14 06:27:11,47.376,5.853,0,380928,399.30,30556.84,32056.02,55,2872240,3199363,10243620864,30905114624
2025-05-14 06:27:12,46.988,5.835,0,405504,409.20,30556.84,32056.02,55,2872524,3199673,10243620864,30905470976
2025-05-14 06:27:12,46.671,5.725,0,352256,409.30,30556.84,32056.02,55,2872805,3199979,10243620864,30905835520
2025-05-14 06:27:12,47.169,5.445,0,225280,379.40,30556.84,32056.02,55,2873064,3200246,10243620864,30906085376
2025-05-14 06:27:12,47.257,5.718,0,352256,389.40,30556.84,32056.02,55,2873335,3200537,10243620864,30906404864
2025-05-14 06:27:12,46.699,5.427,0,217088,349.40,30556.84,32056.02,55,2873595,3200814,10243620864,30906650624
2025-05-14 06:27:13,46.477,5.636,0,352256,379.20,30556.84,32056.02,55,2873877,3201117,10243620864,30907011072
2025-05-14 06:27:13,47.070,5.749,0,389120,399.30,30556.84,32056.02,55,2874159,3201420,10243620864,30907400192
2025-05-14 06:27:13,47.894,5.685,0,344064,399.20,30556.84,32056.02,55,2874399,3201668,10243620864,30907703296
2025-05-14 06:27:13,47.297,5.398,0,253952,409.30,30556.84,32056.02,55,2874642,3201916,10243620864,30907899904
2025-05-14 06:27:13,47.411,5.733,0,274432,489.10,30556.84,32056.02,55,2874947,3202246,10243620864,30909005824
2025-05-14 06:27:14,48.480,5.744,0,1499136,429.30,30556.84,32056.02,55,2875258,3202591,10243620864,30909800448
2025-05-14 06:27:14,47.451,5.889,0,454656,449.20,30556.84,32056.02,55,2876075,3203619,10243620864,30918230016
2025-05-14 06:27:14,47.410,5.989,0,8433664,399.30,30556.84,32056.02,55,2876354,3203926,10243620864,30918619136
2025-05-14 06:27:14,47.857,5.252,0,176128,389.30,30556.84,32056.02,55,2876570,3204148,10243620864,30918742016
2025-05-14 06:27:14,46.550,5.621,0,311296,429.10,30556.84,32056.02,55,2876862,3204464,10243620864,30919118848
2025-05-14 06:27:15,47.309,5.803,0,376832,429.20,30556.84,32056.02,55,2877143,3204768,10243620864,30919520256
2025-05-14 06:27:15,45.639,5.872,0,425984,379.30,30556.84,32056.02,55,2877435,3205084,10243620864,30919946240
2025-05-14 06:27:15,47.111,5.830,0,434176,369.20,30556.84,32056.02,55,2877717,3205387,10243620864,30920339456
2025-05-14 06:27:15,46.696,5.515,0,294912,399.30,30556.84,32056.02,55,2877996,3205686,10243620864,30920654848
2025-05-14 06:27:15,46.602,5.425,0,241664,369.30,30556.84,32056.02,55,2878219,3205914,10243620864,30920749056
2025-05-14 06:27:16,47.428,5.355,0,233472,369.30,30556.84,32056.02,55,2878479,3206192,10243620864,30921125888
2025-05-14 06:27:16,46.505,5.327,0,319488,389.30,30556.84,32056.02,55,2878734,3206461,10243620864,30921396224
2025-05-14 06:27:16,47.176,5.414,0,229376,379.40,30556.84,32056.02,55,2878990,3206732,10243620864,30921641984
2025-05-14 06:27:16,46.846,5.226,0,147456,389.30,30556.84,32056.02,55,2879228,3206983,10243620864,30921895936
2025-05-14 06:27:16,46.836,5.630,0,352256,419.30,30556.84,32056.02,55,2879450,3207213,10243620864,30922018816
2025-05-14 06:27:17,46.712,5.152,0,159744,409.30,30556.84,32056.02,55,2879721,3207503,10243620864,30922321920
2025-05-14 06:27:17,46.336,5.734,0,356352,389.30,30556.84,32056.02,55,2880009,3207816,10243620864,30922735616
2025-05-14 06:27:17,46.959,5.737,0,401408,409.30,30556.84,32056.02,55,2880284,3208107,10243620864,30923018240
2025-05-14 06:27:17,47.879,5.293,0,258048,419.30,30556.84,32056.02,55,2880556,3208397,10243620864,30923386880
2025-05-14 06:27:17,47.303,5.681,0,364544,419.30,30556.84,32056.02,55,2880832,3208694,10243620864,30923788288
2025-05-14 06:27:18,47.076,5.578,0,434176,399.20,30556.84,32056.02,55,2881093,3208967,10243620864,30924017664
2025-05-14 06:27:18,46.884,5.160,0,167936,429.20,30556.84,32056.02,55,2881319,3209203,10243620864,30924210176
2025-05-14 06:27:18,46.590,5.358,0,7856128,419.20,30556.84,32056.02,55,2882043,3210007,10243620864,30932185088
2025-05-14 06:27:18,47.704,5.499,0,348160,419.30,30556.84,32056.02,55,2882308,3210293,10243620864,30932533248
2025-05-14 06:27:18,47.366,5.949,0,393216,379.30,30556.84,32056.02,55,2882605,3210620,10243620864,30932987904
2025-05-14 06:27:19,47.217,5.349,0,286720,439.30,30556.84,32056.02,55,2882841,3210864,10243620864,30933176320
2025-05-14 06:27:19,46.879,5.459,0,245760,419.20,30556.84,32056.02,55,2883083,3211119,10243620864,30933315584
2025-05-14 06:27:19,46.494,5.187,0,118784,389.20,30556.84,32056.02,55,2883305,3211344,10243620864,30933413888
2025-05-14 06:27:19,47.885,5.026,0,73728,399.20,30556.84,32056.02,55,2883564,3211594,10243620864,30933495808
2025-05-14 06:27:19,46.289,5.213,0,188416,399.20,30556.84,32056.02,55,2883849,3211899,10243620864,30933831680
2025-05-14 06:27:20,46.211,5.509,0,344064,379.30,30556.84,32056.02,55,2884074,3212135,10243620864,30934020096
2025-05-14 06:27:20,47.043,5.067,0,139264,369.30,30556.84,32056.02,55,2884318,3212396,10243620864,30934323200
2025-05-14 06:27:20,47.718,5.735,0,409600,399.30,30556.84,32056.02,55,2884601,3212709,10243620864,30934700032
2025-05-14 06:27:20,47.609,5.624,0,303104,399.30,30556.84,32056.02,55,2884863,3212993,10243620864,30935097344
2025-05-14 06:27:20,47.370,5.395,0,278528,479.10,30556.84,32056.02,55,2885109,3213254,10243620864,30935306240
2025-05-14 06:27:21,47.586,5.789,0,393216,459.10,30556.84,32056.02,55,2885387,3213555,10243620864,30935678976
2025-05-14 06:27:21,48.057,5.542,0,344064,469.20,30556.84,32056.02,55,2885637,3213819,10243620864,30935937024
2025-05-14 06:27:21,48.068,5.148,0,188416,469.20,30556.84,32056.02,55,2885866,3214063,10243620864,30936248320
2025-05-14 06:27:21,48.365,5.354,0,278528,529.00,30556.84,32056.02,55,2886113,3214325,10243620864,30936387584
2025-05-14 06:27:21,48.904,5.667,0,204800,509.10,30556.84,32056.02,55,2886383,3214620,10243620864,30936735744
2025-05-14 06:27:22,48.098,5.601,0,323584,499.10,30556.84,32056.02,55,2886648,3214909,10243620864,30937063424
2025-05-14 06:27:22,47.919,5.689,0,360448,459.10,30556.84,32056.02,55,2886907,3215185,10243620864,30937300992
2025-05-14 06:27:22,47.932,5.521,0,286720,519.00,30556.84,32056.02,55,2887494,3216153,10243620864,30946934784
2025-05-14 06:27:22,48.408,5.839,0,9625600,399.30,30556.84,32056.02,55,2887753,3216434,10243620864,30947184640
2025-05-14 06:27:22,47.344,5.154,0,118784,429.20,30556.84,32056.02,55,2887980,3216669,10243620864,30947352576
2025-05-14 06:27:23,47.351,5.180,0,163840,399.20,30556.84,32056.02,55,2888224,3216930,10243620864,30947651584
2025-05-14 06:27:23,47.700,5.859,0,405504,369.40,30556.84,32056.02,55,2888509,3217242,10243620864,30948020224
2025-05-14 06:27:23,47.197,5.936,0,360448,429.20,30556.84,32056.02,55,2888798,3217551,10243620864,30948368384
2025-05-14 06:27:23,46.874,5.705,0,360448,419.20,30556.84,32056.02,55,2889086,3217864,10243620864,30948720640
2025-05-14 06:27:24,47.964,5.720,0,741376,449.20,30556.84,32056.02,55,2889394,3218212,10243620864,30950084608
2025-05-14 06:27:24,47.101,5.671,0,987136,449.20,30556.84,32056.02,55,2889683,3218526,10243620864,30950424576
2025-05-14 06:27:24,45.861,5.681,0,368640,429.30,30556.84,32056.02,55,2889947,3218811,10243620864,30950830080
2025-05-14 06:27:24,47.586,5.881,0,348160,439.20,30556.84,32056.02,55,2890202,3219085,10243620864,30951272448
2025-05-14 06:27:24,47.983,5.565,0,385024,439.10,30556.84,32056.02,55,2890468,3219368,10243620864,30951571456
2025-05-14 06:27:25,48.029,5.952,0,405504,459.20,30556.84,32056.02,55,2890753,3219679,10243620864,30951968768
2025-05-14 06:27:25,48.589,5.894,0,405504,429.30,30556.84,32056.02,55,2891037,3219990,10243620864,30952419328
2025-05-14 06:27:25,47.570,5.618,0,446464,429.20,30556.84,32056.02,55,2891296,3220263,10243620864,30952665088
2025-05-14 06:27:25,46.609,5.590,0,176128,389.30,30556.84,32056.02,55,2891552,3220537,10243620864,30953013248
2025-05-14 06:27:25,47.697,5.499,0,405504,449.20,30556.84,32056.02,55,2891847,3220864,10243620864,30953451520
2025-05-14 06:27:26,47.601,5.946,0,491520,389.20,30556.84,32056.02,55,2892112,3221148,10243620864,30953852928
2025-05-14 06:27:26,47.192,5.681,0,278528,459.20,30556.84,32056.02,55,2892388,3221445,10243620864,30954151936
2025-05-14 06:27:26,47.999,5.788,0,352256,379.40,30556.84,32056.02,55,2892684,3221770,10243620864,30954536960
2025-05-14 06:27:26,47.368,5.529,0,253952,399.20,30556.84,32056.02,55,2892900,3221992,10243620864,30954606592
2025-05-14 06:27:26,47.976,5.598,0,11210752,419.30,30556.84,32056.02,55,2893661,3222991,10243620864,30965854208
2025-05-14 06:27:27,47.478,5.577,0,221184,429.20,30556.84,32056.02,55,2893917,3223260,10243620864,30966112256
2025-05-14 06:27:27,47.172,5.472,0,139264,449.20,30556.84,32056.02,55,2894126,3223473,10243620864,30966251520
2025-05-14 06:27:27,47.470,5.824,0,315392,329.40,30556.84,32056.02,55,2894415,3223792,10243620864,30966599680
2025-05-14 06:27:27,46.173,5.569,0,278528,379.30,30556.84,32056.02,55,2894680,3224078,10243620864,30966915072
2025-05-14 06:27:27,47.970,5.708,0,286720,409.20,30556.84,32056.02,55,2894917,3224323,10243620864,30967095296
2025-05-14 06:27:28,47.372,5.637,0,188416,349.30,30556.84,32056.02,55,2895151,3224568,10243620864,30967263232
2025-05-14 06:27:28,46.414,5.192,0,57344,439.10,30556.84,32056.02,55,2895399,3224829,10243620864,30967488512
2025-05-14 06:27:28,48.111,5.945,0,364544,409.20,30556.84,32056.02,55,2895681,3225131,10243620864,30967832576
2025-05-14 06:27:28,47.923,5.939,0,385024,399.20,30556.84,32056.02,55,2895956,3225429,10243620864,30968238080
2025-05-14 06:27:28,48.448,5.823,0,393216,409.20,30556.84,32056.02,55,2896254,3225756,10243620864,30968614912
2025-05-14 06:27:29,47.204,5.762,0,368640,389.30,30556.84,32056.02,55,2896517,3226041,10243620864,30968999936
2025-05-14 06:27:29,46.763,5.770,0,360448,419.30,30556.84,32056.02,55,2896764,3226303,10243620864,30969249792
2025-05-14 06:27:29,47.712,5.806,0,315392,399.30,30556.84,32056.02,55,2897062,3226634,10243620864,30969663488
2025-05-14 06:27:29,47.453,5.783,0,307200,389.30,30556.84,32056.02,55,2897270,3226851,10243620864,30969827328
2025-05-14 06:27:29,47.842,5.421,0,188416,389.40,30556.84,32056.02,55,2897535,3227138,10243620864,30970159104
2025-05-14 06:27:30,48.472,6.008,0,397312,429.30,30556.84,32056.02,55,2897825,3227454,10243620864,30970580992
2025-05-14 06:27:30,47.778,5.791,0,380928,419.30,30556.84,32056.02,55,2898072,3227718,10243620864,30970867712
2025-05-14 06:27:30,47.469,5.411,0,151552,419.60,30556.84,32056.02,55,2898329,3227992,10243620864,30971125760
2025-05-14 06:27:30,47.696,5.788,0,344064,389.30,30556.84,32056.02,55,2898541,3228212,10243620864,30971322368
2025-05-14 06:27:30,47.033,5.551,0,3895296,469.10,30556.84,32056.02,55,2899387,3229217,10243620864,30982193152
2025-05-14 06:27:31,47.489,5.719,0,7249920,399.30,30556.84,32056.02,55,2899665,3229519,10243620864,30982647808
2025-05-14 06:27:31,48.077,5.860,0,409600,439.30,30556.84,32056.02,55,2899911,3229783,10243620864,30982889472
2025-05-14 06:27:31,48.409,6.056,0,266240,449.20,30556.84,32056.02,55,2900202,3230098,10243690496,30983241728
2025-05-14 06:27:31,48.657,6.254,69632,372736,389.20,30556.84,32056.02,55,2900449,3230370,10243690496,30983577600
2025-05-14 06:27:31,49.691,6.016,0,319488,399.30,30556.84,32056.02,55,2900714,3230661,10243690496,30983905280
2025-05-14 06:27:32,47.918,6.133,0,380928,429.20,30556.84,32056.02,55,2900968,3230932,10243690496,30984159232
2025-05-14 06:27:32,48.788,5.562,8192,28672,459.10,30556.84,32056.02,55,2901244,3231217,10243715072,30984433664
2025-05-14 06:27:32,49.285,6.102,16384,466944,449.20,30556.84,32056.02,55,2901540,3231541,10243715072,30984814592
2025-05-14 06:27:32,47.935,6.276,110592,368640,449.10,30556.84,32056.02,55,2901832,3231853,10243825664,30985179136
2025-05-14 06:27:32,50.477,5.705,36864,229376,548.90,30556.84,32056.02,55,2902127,3232150,10243899392,30985371648
2025-05-14 06:27:33,49.673,5.680,40960,155648,479.20,30556.84,32056.02,55,2902350,3232378,10243903488,30985478144
2025-05-14 06:27:33,48.443,5.590,0,172032,409.30,30556.84,32056.02,55,2902603,3232646,10243907584,30985760768
2025-05-14 06:27:33,47.227,5.849,28672,372736,429.30,30556.84,32056.02,55,2902868,3232926,10243932160,30985981952
2025-05-14 06:27:33,48.254,5.433,0,86016,359.30,30556.84,32056.02,55,2903117,3233190,10243932160,30986293248
2025-05-14 06:27:33,48.645,5.394,0,335872,439.20,30556.84,32056.02,55,2903386,3233477,10243932160,30986539008
2025-05-14 06:27:34,48.925,5.564,0,1204224,419.20,30556.84,32056.02,55,2903706,3233838,10243932160,30987972608
2025-05-14 06:27:34,47.988,5.884,4096,630784,409.30,30556.84,32056.02,55,2903998,3234154,10243936256,30988378112
2025-05-14 06:27:34,48.443,5.891,0,376832,409.20,30556.84,32056.02,55,2904290,3234472,10243936256,30988775424
2025-05-14 06:27:34,49.187,5.947,0,376832,389.40,30556.84,32056.02,55,2904560,3234763,10243936256,30989148160
2025-05-14 06:27:34,49.168,5.996,0,368640,459.10,30556.84,32056.02,55,2905138,3235862,10243936256,31002861568
2025-05-14 06:27:35,48.837,6.150,8192,16068608,409.20,30556.84,32056.02,55,2905546,3236341,10243944448,31005483008
2025-05-14 06:27:35,47.315,5.908,0,307200,469.10,30556.84,32056.02,55,2905828,3236646,10244001792,31005884416
2025-05-14 06:27:35,48.923,6.230,90112,425984,379.20,30556.84,32056.02,55,2906123,3236967,10244034560,31006281728
2025-05-14 06:27:35,48.623,5.894,155648,393216,419.20,30556.84,32056.02,55,2906356,3237217,10244190208,31006642176
2025-05-14 06:27:35,50.247,5.579,0,315392,409.30,30556.84,32056.02,55,2906610,3237495,10244190208,31006961664
2025-05-14 06:27:36,49.573,5.965,0,319488,449.20,30556.84,32056.02,55,2906895,3237807,10244190208,31007322112
2025-05-14 06:27:36,48.794,6.092,0,413696,419.20,30556.84,32056.02,55,2907172,3238108,10244194304,31007760384
2025-05-14 06:27:36,48.590,6.057,4096,335872,459.10,30556.84,32056.02,55,2907433,3238390,10244194304,31008047104
2025-05-14 06:27:36,47.852,6.081,0,299008,349.40,30556.84,32056.02,55,2907656,3238622,10244194304,31008210944
2025-05-14 06:27:36,50.068,5.586,8192,135168,379.30,30556.84,32056.02,55,2907908,3238888,10244202496,31008432128
2025-05-14 06:27:37,48.318,5.481,0,155648,449.00,30556.84,32056.02,55,2908155,3239147,10244222976,31008669696
2025-05-14 06:27:37,48.688,6.014,20480,430080,429.10,30556.84,32056.02,55,2908439,3239459,10244231168,31009107968
2025-05-14 06:27:37,47.891,5.853,8192,372736,489.00,30556.84,32056.02,55,2908719,3239759,10244251648,31009456128
2025-05-14 06:27:37,49.754,5.929,32768,364544,379.40,30556.84,32056.02,55,2908981,3240044,10244263936,31009812480
2025-05-14 06:27:37,48.973,5.851,0,413696,489.20,30556.84,32056.02,55,2909265,3240354,10244263936,31010238464
2025-05-14 06:27:38,48.048,6.063,0,368640,459.20,30556.84,32056.02,55,2909578,3240680,10245595136,31010512896
2025-05-14 06:27:38,48.217,5.336,1331200,131072,448.90,30556.84,32056.02,55,2909932,3241026,10245595136,31010766848
2025-05-14 06:27:38,48.163,5.737,8192,446464,469.20,30556.84,32056.02,55,2910240,3241363,10245804032,31011246080
2025-05-14 06:27:38,48.402,5.561,229376,299008,389.30,30556.84,32056.02,55,2910485,3241619,10245832704,31011467264
2025-05-14 06:27:38,47.791,5.849,24576,335872,449.10,30556.84,32056.02,55,2910797,3241953,10245857280,31011901440
2025-05-14 06:27:39,48.045,5.856,151552,10797056,359.30,30556.84,32056.02,55,2911509,3243051,10246008832,31022628864
2025-05-14 06:27:39,47.531,5.753,0,417792,449.20,30556.84,32056.02,55,2911815,3243366,10246021120,31023013888
2025-05-14 06:27:39,48.791,5.886,12288,446464,409.30,30556.84,32056.02,55,2912145,3243711,10246021120,31023480832
2025-05-14 06:27:39,47.260,5.924,0,360448,459.40,30556.84,32056.02,55,2912436,3244024,10246025216,31023853568
2025-05-14 06:27:39,48.801,5.453,4096,331776,449.10,30556.84,32056.02,55,2912745,3244345,10246025216,31024164864
2025-05-14 06:27:40,48.024,5.838,4096,262144,449.10,30556.84,32056.02,55,2913029,3244641,10246029312,31024484352
2025-05-14 06:27:40,47.807,6.030,0,491520,439.30,30556.84,32056.02,55,2913327,3244970,10246033408,31024906240
2025-05-14 06:27:40,48.009,5.760,4096,348160,419.30,30556.84,32056.02,55,2913623,3245297,10246033408,31025332224
2025-05-14 06:27:40,47.366,5.918,4096,458752,449.20,30556.84,32056.02,55,2913938,3245625,10246037504,31025709056
2025-05-14 06:27:40,48.963,5.763,0,237568,489.20,30556.84,32056.02,55,2914247,3245945,10246037504,31026094080
2025-05-14 06:27:41,49.359,6.355,8192,491520,549.10,30556.84,32056.02,55,2914574,3246292,10246049792,31026507776
2025-05-14 06:27:41,50.901,6.293,4096,434176,658.80,30556.84,32056.02,55,2915040,3246725,10246053888,31026933760
2025-05-14 06:27:41,51.408,5.934,32768,479232,668.90,30556.84,32056.02,55,2915410,3247106,10246103040,31027433472
2025-05-14 06:27:41,50.376,5.918,20480,393216,569.00,30556.84,32056.02,55,2915703,3247409,10246582272,31027748864
2025-05-14 06:27:41,50.975,5.611,479232,356352,589.00,30556.84,32056.02,55,2916019,3247763,10246582272,31028154368
2025-05-14 06:27:42,49.811,5.963,0,434176,608.90,30556.84,32056.02,55,2916311,3248088,10246582272,31028543488
2025-05-14 06:27:42,50.787,5.847,0,364544,549.10,30556.84,32056.02,55,2916605,3248413,10246582272,31028940800
2025-05-14 06:27:42,50.728,5.594,0,348160,479.20,30556.84,32056.02,55,2916887,3248723,10246582272,31029284864
2025-05-14 06:27:42,49.303,5.380,0,208896,519.00,30556.84,32056.02,55,2917124,3248970,10246582272,31029489664
2025-05-14 06:27:42,48.791,5.624,0,290816,469.20,30556.84,32056.02,55,2917388,3249255,10246582272,31029817344
2025-05-14 06:27:43,48.258,5.628,0,356352,499.10,30556.84,32056.02,55,2918168,3250365,10246582272,31038832640
2025-05-14 06:27:43,49.423,5.700,0,9097216,459.20,30556.84,32056.02,55,2918462,3250690,10246582272,31039213568
2025-05-14 06:27:43,48.598,5.526,0,331776,449.30,30556.84,32056.02,55,2918736,3250988,10246582272,31039504384
2025-05-14 06:27:43,48.778,5.168,0,143360,459.30,30556.84,32056.02,55,2918976,3251241,10246582272,31039746048
2025-05-14 06:27:43,48.678,5.685,0,393216,519.10,30556.84,32056.02,55,2919285,3251589,10246582272,31040876544
2025-05-14 06:27:44,50.326,5.521,0,1982464,459.20,30556.84,32056.02,55,2919602,3251946,10246582272,31042125824
2025-05-14 06:27:44,49.725,5.913,4096,462848,449.30,30556.84,32056.02,55,2919890,3252264,10246586368,31042551808
2025-05-14 06:27:44,49.274,5.818,4096,438272,489.10,30556.84,32056.02,55,2920199,3252610,10246590464,31043026944
2025-05-14 06:27:44,48.058,6.041,0,458752,618.80,30556.84,32056.02,55,2920517,3252952,10246590464,31043477504
2025-05-14 06:27:44,50.822,5.733,0,286720,599.00,30556.84,32056.02,55,2920755,3253205,10246590464,31043727360
2025-05-14 06:27:45,51.509,5.979,0,360448,598.80,30556.84,32056.02,55,2921003,3253467,10246590464,31043940352
2025-05-14 06:27:45,51.063,5.500,0,139264,568.80,30556.84,32056.02,55,2921241,3253718,10246590464,31044182016
2025-05-14 06:27:45,51.242,5.994,0,331776,589.00,30556.84,32056.02,55,2921524,3254033,10246590464,31044562944
2025-05-14 06:27:45,51.734,5.978,0,409600,578.90,30556.84,32056.02,55,2921796,3254331,10246590464,31044952064
2025-05-14 06:27:45,51.236,5.488,0,200704,589.00,30556.84,32056.02,55,2922047,3254599,10246590464,31045136384
2025-05-14 06:27:46,50.675,5.806,0,344064,589.00,30556.84,32056.02,55,2922366,3254940,10246590464,31045529600
2025-05-14 06:27:46,49.485,6.007,0,315392,519.10,30556.84,32056.02,55,2922630,3255225,10246590464,31045795840
2025-05-14 06:27:46,49.942,5.502,0,348160,459.20,30556.84,32056.02,55,2922914,3255538,10246590464,31046201344
2025-05-14 06:27:46,49.547,5.702,0,409600,399.20,30556.84,32056.02,55,2923208,3255860,10246590464,31046656000
2025-05-14 06:27:46,48.389,5.355,0,249856,379.20,30556.84,32056.02,55,2923463,3256127,10246590464,31046983680
2025-05-14 06:27:47,48.508,5.616,0,520192,349.40,30556.84,32056.02,55,2923744,3256435,10246590464,31047376896
2025-05-14 06:27:47,48.899,5.896,0,8413184,369.30,30556.84,32056.02,55,2924694,3257637,10246590464,31055753216
2025-05-14 06:27:47,47.972,5.109,0,249856,389.20,30556.84,32056.02,55,2924951,3257896,10246590464,31055970304
2025-05-14 06:27:47,48.924,5.585,0,352256,369.40,30556.84,32056.02,55,2925233,3258205,10246590464,31056343040
2025-05-14 06:27:47,49.517,5.846,0,352256,369.40,30556.84,32056.02,55,2925509,3258491,10246590464,31056609280
2025-05-14 06:27:48,47.797,5.454,0,294912,369.30,30556.84,32056.02,55,2925796,3258805,10246590464,31057059840
2025-05-14 06:27:48,48.413,5.575,4096,438272,389.30,30556.84,32056.02,55,2926110,3259157,10246594560,31057514496
2025-05-14 06:27:48,47.778,5.473,0,471040,369.40,30556.84,32056.02,55,2926397,3259473,10246594560,31057960960
2025-05-14 06:27:48,48.471,5.676,0,397312,379.40,30556.84,32056.02,55,2926680,3259784,10246594560,31058362368
2025-05-14 06:27:48,48.679,5.781,0,471040,359.30,30556.84,32056.02,55,2926966,3260100,10246594560,31058817024
2025-05-14 06:27:49,48.641,5.720,0,421888,559.00,30556.84,32056.02,55,2927251,3260413,10246594560,31059226624
2025-05-14 06:27:49,49.074,5.693,0,385024,628.90,30556.84,32056.02,55,2927593,3260776,10246660096,31059652608
2025-05-14 06:27:49,50.714,5.834,69632,438272,648.90,30556.84,32056.02,55,2927914,3261122,10246676480,31060058112
2025-05-14 06:27:49,50.898,5.641,40960,360448,648.70,30556.84,32056.02,55,2928269,3261498,10246705152,31060488192
2025-05-14 06:27:49,50.478,5.323,0,278528,599.00,30556.84,32056.02,55,2928524,3261769,10246705152,31060705280
2025-05-14 06:27:50,50.343,5.374,0,258048,559.10,30556.84,32056.02,55,2928762,3262007,10246705152,31060844544
2025-05-14 06:27:50,49.383,4.842,0,749568,498.90,30556.84,32056.02,55,2929158,3262401,10246709248,31062474752
2025-05-14 06:27:50,48.874,5.396,4096,1232896,369.30,30556.84,32056.02,55,2929468,3262728,10246709248,31062773760
2025-05-14 06:27:50,47.156,4.841,0,204800,299.50,30556.84,32056.02,55,2929744,3263029,10246709248,31063130112
2025-05-14 06:27:50,47.417,5.345,0,389120,329.50,30556.84,32056.02,55,2930044,3263355,10246709248,31063580672
2025-05-14 06:27:51,47.296,5.700,0,487424,289.50,30556.84,32056.02,55,2930333,3263672,10246709248,31064010752
2025-05-14 06:27:51,47.235,5.496,0,380928,339.40,30556.84,32056.02,55,2931076,3264783,10246709248,31071924224
2025-05-14 06:27:51,46.532,4.949,0,7794688,299.50,30556.84,32056.02,55,2931316,3265036,10246709248,31072141312
2025-05-14 06:27:51,48.488,5.360,0,368640,299.40,30556.84,32056.02,55,2931597,3265341,10246709248,31072567296
2025-05-14 06:27:51,47.361,5.280,0,417792,339.30,30556.84,32056.02,55,2931862,3265632,10246709248,31073918976
2025-05-14 06:27:52,46.970,5.185,0,1396736,379.20,30556.84,32056.02,55,2932154,3265955,10246709248,31074390016
2025-05-14 06:27:52,49.578,5.830,0,413696,309.40,30556.84,32056.02,55,2932439,3266271,10246709248,31074824192
2025-05-14 06:27:52,48.315,5.430,0,315392,469.10,30556.84,32056.02,55,2932670,3266511,10246709248,31074934784
2025-05-14 06:27:52,49.374,5.461,0,233472,568.90,30556.84,32056.02,55,2932943,3266810,10246709248,31075332096
2025-05-14 06:27:52,48.898,5.815,0,364544,548.90,30556.84,32056.02,55,2933221,3267114,10246709248,31075721216
2025-05-14 06:27:53,48.863,6.124,0,397312,539.00,30556.84,32056.02,55,2933495,3267412,10246709248,31075975168
2025-05-14 06:27:53,49.997,5.963,0,249856,559.10,30556.84,32056.02,55,2933761,3267711,10246713344,31077400576
2025-05-14 06:27:53,50.382,5.690,4096,1409024,519.00,30556.84,32056.02,55,2934017,3267988,10246713344,31077683200
2025-05-14 06:27:53,51.834,5.434,0,200704,339.40,30556.84,32056.02,55,2934209,3268190,10246713344,31077851136
2025-05-14 06:27:53,50.434,5.584,0,622592,578.80,30556.84,32056.02,55,2934775,3268882,10246713344,31079657472
2025-05-14 06:27:54,50.128,5.734,0,3338240,569.00,30556.84,32056.02,55,2935127,3269285,10246713344,31081992192
2025-05-14 06:27:54,49.125,5.954,0,471040,459.20,30556.84,32056.02,55,2935386,3269561,10246713344,31082229760
2025-05-14 06:27:54,48.082,4.857,0,65536,389.20,30556.84,32056.02,55,2935620,3269806,10246713344,31082422272
2025-05-14 06:27:54,48.561,5.309,0,233472,369.30,30556.84,32056.02,55,2935864,3270066,10246713344,31082688512
2025-05-14 06:27:55,48.540,5.338,0,290816,329.40,30556.84,32056.02,55,2937214,3271123,10246713344,31083597824
2025-05-14 06:27:55,45.952,4.674,0,1695744,389.20,30556.84,32056.02,55,2938582,3272894,10246713344,31086821376
2025-05-14 06:27:55,46.953,4.188,0,4681728,409.30,30556.84,32056.02,55,2940308,3275535,10246713344,31097884672
2025-05-14 06:27:55,47.462,4.415,0,22016000,399.20,30556.84,32056.02,55,2941764,3277598,10246713344,31122251776
2025-05-14 06:27:55,48.277,4.595,0,22568960,409.30,30556.84,32056.02,55,2943262,3279621,10246713344,31146524672
2025-05-14 06:27:56,48.675,4.568,0,25849856,419.30,30556.84,32056.02,55,2944794,3281699,10246713344,31171411968
2025-05-14 06:27:56,49.047,4.592,0,22466560,409.30,30556.84,32056.02,55,2946216,3283598,10246713344,31191265280
2025-05-14 06:27:56,47.604,4.336,0,11980800,379.40,30556.84,32056.02,55,2947947,3285869,10246713344,31196774400
2025-05-14 06:27:56,47.010,4.199,0,7245824,359.40,30556.84,32056.02,55,2949232,3287540,10246713344,31202873344
2025-05-14 06:27:56,47.341,4.460,0,2764800,509.20,30556.84,32056.02,55,2950440,3289105,10246713344,31206014976
2025-05-14 06:27:57,49.170,4.478,0,4546560,568.80,30556.84,32056.02,55,2951960,3291109,10246713344,31215714304
2025-05-14 06:27:57,49.849,4.677,0,17756160,569.20,30556.84,32056.02,55,2953376,3292996,10246713344,31235244032
2025-05-14 06:27:57,49.547,4.584,0,10760192,529.00,30556.84,32056.02,55,2953976,3293715,10246713344,31237550080
2025-05-14 06:27:57,49.354,4.654,0,3371008,519.60,30556.84,32056.02,55,2954639,3294482,10246713344,31243649024
2025-05-14 06:27:57,49.898,4.621,0,4718592,539.00,30556.84,32056.02,55,2955804,3295528,10246713344,31246188544
2025-05-14 06:27:58,49.569,4.425,0,2179072,538.90,30556.84,32056.02,55,2956542,3296368,10246713344,31248060416
2025-05-14 06:27:58,49.071,4.580,0,3084288,559.00,30556.84,32056.02,55,2957888,3298130,10246713344,31254032384
2025-05-14 06:27:58,49.632,4.509,0,11018240,529.10,30556.84,32056.02,55,2959871,3299968,10246713344,31262957568
2025-05-14 06:27:58,48.914,5.070,0,1466368,329.40,30556.84,32056.02,55,2961972,3301385,10246713344,31262957568
2025-05-14 06:27:58,47.802,4.770,0,0,349.40,30556.84,32056.02,55,2964159,3302793,10246713344,31262957568
2025-05-14 06:27:59,48.079,4.845,0,0,409.20,30556.84,32056.02,55,2966535,3304409,10246713344,31263035392
2025-05-14 06:27:59,47.289,5.029,0,77824,359.40,30556.84,32056.02,55,2969129,3306128,10246713344,31263035392
2025-05-14 06:27:59,47.135,4.609,0,0,369.30,30556.84,32056.02,55,2972193,3308167,10246713344,31263035392
2025-05-14 06:27:59,47.394,4.817,0,0,359.40,30556.84,32056.02,55,2975177,3310134,10246713344,31263035392
2025-05-14 06:27:59,48.374,4.732,0,0,339.30,30556.84,32056.02,55,2977960,3311967,10246713344,31263035392
2025-05-14 06:28:00,45.707,4.488,0,0,359.40,30556.84,32056.02,55,2980994,3313981,10246713344,31263035392
2025-05-14 06:28:00,46.595,4.570,0,0,359.40,30556.84,32056.02,55,2983998,3315931,10246713344,31263035392
2025-05-14 06:28:00,47.169,4.634,0,0,349.30,30556.84,32056.02,55,2986747,3317707,10246713344,31263035392
2025-05-14 06:28:00,47.729,4.824,0,8790016,439.10,30556.84,32056.02,55,2989201,3319693,10246713344,31271825408
2025-05-14 06:28:00,49.699,4.979,0,0,568.80,30556.84,32056.02,55,2991073,3320972,10246713344,31271833600
2025-05-14 06:28:01,50.407,4.899,0,102400,569.00,30556.84,32056.02,55,2993016,3322295,10246713344,31271927808
2025-05-14 06:28:01,50.815,5.097,0,3764224,589.00,30556.84,32056.02,55,2994948,3323628,10246713344,31275782144
2025-05-14 06:28:01,50.921,5.578,0,90112,578.90,30556.84,32056.02,55,2996877,3324942,10246713344,31275798528
2025-05-14 06:28:01,50.115,5.254,0,73728,598.90,30556.84,32056.02,55,2999208,3326501,10246713344,31275864064
2025-05-14 06:28:01,50.824,5.157,0,49152,479.10,30556.84,32056.02,55,3002002,3328384,10246713344,31275905024
2025-05-14 06:28:02,48.083,5.386,0,0,588.70,30556.84,32056.02,55,3004753,3330290,10246713344,31275905024
2025-05-14 06:28:02,50.312,5.299,0,0,589.00,30556.84,32056.02,55,3008072,3332542,10246713344,31275905024
2025-05-14 06:28:02,49.621,5.464,0,61440,469.50,30556.84,32056.02,55,3010839,3334700,10246713344,31277146112
2025-05-14 06:28:02,48.579,4.799,0,2818048,389.30,30556.84,32056.02,55,3013218,3337062,10246713344,31281545216
2025-05-14 06:28:02,47.776,4.278,0,8896512,419.20,30556.84,32056.02,55,3014628,3338905,10246713344,31297257472
2025-05-14 06:28:03,45.475,4.503,0,19546112,429.50,30556.84,32056.02,55,3016018,3340746,10246713344,31316262912
2025-05-14 06:28:03,47.161,4.800,0,18640896,399.40,30556.84,32056.02,55,3017418,3342608,10246713344,31335763968
2025-05-14 06:28:03,47.468,4.480,0,19570688,399.30,30556.84,32056.02,55,3018797,3344429,10246713344,31354777600
2025-05-14 06:28:03,47.726,4.502,0,19001344,419.10,30556.84,32056.02,55,3020187,3346270,10246713344,31374004224
2025-05-14 06:28:03,48.073,4.469,0,18534400,419.20,30556.84,32056.02,55,3021568,3348102,10246713344,31392763904
2025-05-14 06:28:04,47.952,4.495,0,19030016,419.30,30556.84,32056.02,55,3022971,3349930,10246713344,31411458048
2025-05-14 06:28:04,48.029,4.441,0,18743296,419.30,30556.84,32056.02,55,3024401,3351814,10246713344,31430791168
2025-05-14 06:28:04,47.805,4.384,0,19857408,409.30,30556.84,32056.02,55,3025831,3353700,10246713344,31450079232
2025-05-14 06:28:04,47.457,4.509,0,19070976,479.20,30556.84,32056.02,55,3027388,3355775,10246713344,31475929088
2025-05-14 06:28:04,48.591,4.750,0,25370624,589.00,30556.84,32056.02,55,3028656,3357459,10246713344,31493455872
2025-05-14 06:28:05,49.679,4.624,0,16470016,589.00,30556.84,32056.02,55,3029811,3358984,10246713344,31508832256
2025-05-14 06:28:05,50.203,4.506,0,14680064,549.10,30556.84,32056.02,55,3030801,3360283,10246713344,31521689600
2025-05-14 06:28:05,49.515,4.652,0,10534912,559.00,30556.84,32056.02,55,3031617,3361334,10246713344,31531831296
2025-05-14 06:28:05,49.784,4.466,0,13754368,589.10,30556.84,32056.02,55,3032851,3362952,10246713344,31549939712
2025-05-14 06:28:05,50.322,4.487,0,18530304,589.00,30556.84,32056.02,55,3034117,3364621,10246713344,31569055744
2025-05-14 06:28:06,50.287,4.461,0,19697664,579.00,30556.84,32056.02,55,3035404,3366309,10246713344,31588397056
2025-05-14 06:28:06,50.507,4.461,0,19443712,579.10,30556.84,32056.02,55,3036714,3368031,10246713344,31607971840
2025-05-14 06:28:06,49.851,4.492,0,19877888,499.20,30556.84,32056.02,55,3038060,3369803,10246713344,31628296192
2025-05-14 06:28:06,48.926,4.435,0,20533248,419.30,30556.84,32056.02,55,3039432,3371619,10246713344,31649538048
2025-05-14 06:28:06,47.480,4.384,0,21696512,369.40,30556.84,32056.02,55,3040794,3373420,10246713344,31670575104
2025-05-14 06:28:07,47.449,4.441,0,21024768,389.60,30556.84,32056.02,55,3042197,3375270,10246713344,31692304384
2025-05-14 06:28:07,46.922,4.527,0,14766080,259.60,30556.84,32056.02,55,3042645,3375824,10246713344,31696990208
2025-05-14 06:28:07,45.224,4.223,0,2392064,409.20,30556.84,32056.02,55,3043552,3377002,10246713344,31709904896
2025-05-14 06:28:07,47.586,4.387,0,22814720,409.30,30556.84,32056.02,55,3044980,3378888,10246713344,31732060160
2025-05-14 06:28:07,47.929,4.444,0,22564864,419.30,30556.84,32056.02,55,3046468,3380860,10246713344,31755333632
2025-05-14 06:28:08,47.690,4.360,0,22065152,409.30,30556.84,32056.02,55,3047874,3382719,10246713344,31777046528
2025-05-14 06:28:08,47.830,4.340,0,21479424,419.30,30556.84,32056.02,55,3049230,3384515,10246713344,31797669888
2025-05-14 06:28:08,48.586,4.668,4096,19578880,578.90,30556.84,32056.02,55,3050467,3386142,10246717440,31815815168
2025-05-14 06:28:08,49.040,4.742,0,17002496,389.20,30556.84,32056.02,55,3051609,3387649,10246717440,31832682496
2025-05-14 06:28:08,47.405,4.514,0,26800128,379.30,30556.84,32056.02,55,3052841,3389604,10246717440,31859879936
2025-05-14 06:28:09,49.031,4.520,0,17080320,578.90,30556.84,32056.02,55,3053940,3391037,10246717440,31875764224
2025-05-14 06:28:09,50.255,4.396,0,17088512,599.00,30556.84,32056.02,55,3055174,3392652,10246717440,31894274048
2025-05-14 06:28:09,50.578,4.368,0,19107840,599.00,30556.84,32056.02,55,3056461,3394350,10246717440,31914192896
2025-05-14 06:28:09,50.201,4.322,0,19447808,588.90,30556.84,32056.02,55,3057714,3396001,10246717440,31932985344
2025-05-14 06:28:09,50.349,4.313,0,18227200,589.00,30556.84,32056.02,55,3058934,3397606,10246717440,31951179776
2025-05-14 06:28:10,50.467,4.293,0,17944576,519.10,30556.84,32056.02,55,3060134,3399177,10246717440,31968841728
2025-05-14 06:28:10,48.654,4.237,0,19898368,389.40,30556.84,32056.02,55,3061572,3401065,10246717440,31990665216
2025-05-14 06:28:10,45.818,4.135,0,22564864,339.40,30556.84,32056.02,55,3063097,3403076,10246717440,32013975552
2025-05-14 06:28:10,45.252,4.066,0,22773760,359.40,30556.84,32056.02,55,3064499,3404933,10246717440,32035778560
2025-05-14 06:28:10,46.231,4.468,0,21233664,319.50,30556.84,32056.02,55,3065905,3406776,10246717440,32057200640
2025-05-14 06:28:11,45.223,4.035,0,22237184,329.40,30556.84,32056.02,55,3067326,3408649,10246717440,32078860288
2025-05-14 06:28:11,45.326,4.144,0,21291008,369.30,30556.84,32056.02,55,3068590,3410320,10246717440,32098766848
2025-05-14 06:28:11,47.487,4.740,0,16797696,329.40,30556.84,32056.02,55,3069712,3411796,10246717440,32115208192
2025-05-14 06:28:11,47.540,4.480,32768,15953920,209.60,30556.84,32056.02,55,3070417,3412695,10246750208,32124297216
2025-05-14 06:28:11,47.576,4.187,0,10539008,329.30,30556.84,32056.02,55,3071705,3414393,10246750208,32143831040
2025-05-14 06:28:12,45.520,4.091,0,21630976,379.30,30556.84,32056.02,55,3073048,3416161,10246750208,32163819520
2025-05-14 06:28:12,47.812,4.583,0,16629760,558.80,30556.84,32056.02,55,3074117,3417566,10246750208,32179671040
2025-05-14 06:28:12,50.671,4.531,0,15478784,568.80,30556.84,32056.02,55,3075215,3418999,10246750208,32195497984
2025-05-14 06:28:12,50.313,4.622,0,16838656,588.90,30556.84,32056.02,55,3076348,3420494,10246754304,32212881408
2025-05-14 06:28:12,50.523,4.486,4096,22106112,568.80,30556.84,32056.02,55,3077849,3422438,10246754304,32234577920
2025-05-14 06:28:13,50.260,4.408,0,17793024,549.10,30556.84,32056.02,55,3078962,3423904,10246754304,32250966016
2025-05-14 06:28:13,50.284,4.388,0,15147008,578.80,30556.84,32056.02,55,3080061,3425337,10246754304,32266964992
2025-05-14 06:28:13,49.631,4.351,0,18104320,479.10,30556.84,32056.02,55,3081336,3427014,10246754304,32286117888
2025-05-14 06:28:13,48.001,4.320,0,18223104,329.30,30556.84,32056.02,55,3082536,3428591,10246754304,32303693824
2025-05-14 06:28:13,46.381,4.507,0,17383424,339.40,30556.84,32056.02,55,3083796,3430246,10246754304,32322187264
2025-05-14 06:28:14,45.250,4.171,0,20938752,199.60,30556.84,32056.02,55,3085291,3432216,10246754304,32344936448
2025-05-14 06:28:14,43.020,3.899,0,21381120,189.60,30556.84,32056.02,55,3086671,3434029,10246754304,32365883392
2025-05-14 06:28:14,42.682,3.963,24576,22917120,229.60,30556.84,32056.02,55,3088315,3436440,10246778880,32400322560
2025-05-14 06:28:14,43.942,4.162,0,30814208,159.70,30556.84,32056.02,55,3089428,3437895,10246778880,32416444416
2025-05-14 06:28:14,44.349,4.058,0,29982720,169.70,30556.84,32056.02,55,3090861,3440058,10246778880,32446341120
2025-05-14 06:28:15,46.481,3.947,0,13094912,219.60,30556.83,32056.02,55,3091983,3442118,10246778880,32473579520
2025-05-14 06:28:15,43.552,4.011,0,33669120,199.60,30556.83,32056.02,55,3093510,3444127,10246778880,32496775168
2025-05-14 06:28:15,42.730,3.931,4096,25825280,209.60,30556.83,32056.02,55,3095097,3446495,10246782976,32525119488
2025-05-14 06:28:15,43.442,4.071,0,26701824,149.70,30556.83,32056.02,55,3096071,3448118,10246782976,32546439168
2025-05-14 06:28:15,46.360,4.159,0,19570688,179.70,30556.83,32056.02,55,3097175,3449900,10246782976,32567947264
2025-05-14 06:28:16,45.965,4.137,0,25886720,179.70,30556.83,32056.02,55,3098569,3451902,10246782976,32594714624
2025-05-14 06:28:16,44.444,3.909,0,25718784,199.80,30556.83,32056.02,55,3100284,3454121,10246782976,32620953600
2025-05-14 06:28:16,43.872,3.998,0,25321472,219.60,30556.83,32056.02,55,3102089,3456507,10246782976,32649932800
2025-05-14 06:28:16,43.698,4.029,0,27410432,139.70,30556.83,32056.02,55,3103162,3458229,10246782976,32669040640
2025-05-14 06:28:16,46.466,4.067,0,19333120,189.60,30556.83,32056.02,55,3104620,3460203,10246782976,32692854784
2025-05-14 06:28:17,44.950,4.216,0,32493568,199.60,30557.26,32056.02,55,3105970,3462400,10246782976,32727359488
2025-05-14 06:28:17,43.949,4.201,0,30965760,259.50,30557.26,32056.02,55,3107278,3464262,10246782976,32759222272
2025-05-14 06:28:17,44.775,4.586,0,25305088,189.60,30557.41,32056.02,55,3108525,3465906,10246782976,32781799424
2025-05-14 06:28:17,44.409,4.251,0,26521600,199.60,30557.41,32056.02,55,3109942,3467830,10246782976,32809353216
2025-05-14 06:28:17,44.847,4.145,0,28033024,229.60,30557.50,32056.02,55,3111535,3469944,10246782976,32837771264
2025-05-14 06:28:18,43.296,4.054,0,24784896,199.60,30557.50,32056.02,55,3113019,3471891,10246782976,32861904896
2025-05-14 06:28:18,43.369,4.036,0,26193920,219.60,30557.50,32056.02,55,3114611,3473982,10246782976,32888180736
2025-05-14 06:28:18,43.650,4.094,0,25423872,219.60,30557.50,32056.02,55,3116018,3475815,10246782976,32910831616
2025-05-14 06:28:18,45.956,4.534,0,17559552,319.40,30557.50,32056.02,55,3117002,3477101,10246782976,32926052352
2025-05-14 06:28:18,48.788,4.596,0,14721024,339.20,30557.50,32056.02,55,3118093,3478563,10246782976,32948379648
2025-05-14 06:28:19,45.473,4.795,0,40644608,319.40,30557.50,32056.02,55,3119733,3480818,10246782976,32985481216
2025-05-14 06:28:19,42.350,4.414,0,24817664,329.40,30557.50,32056.02,55,3121467,3483081,10246782976,33010757632
2025-05-14 06:28:19,41.703,4.314,0,24408064,309.40,30557.50,32056.02,55,3122984,3485074,10246782976,33034776576
2025-05-14 06:28:19,43.648,4.464,0,19107840,259.50,30557.50,32056.02,55,3123929,3486309,10246782976,33049772032
2025-05-14 06:28:19,44.674,4.363,0,20299776,309.50,30557.50,32056.02,55,3125347,3488178,10246782976,33073475584
2025-05-14 06:28:20,45.260,4.319,0,23371776,329.40,30557.50,32056.02,55,3126757,3490041,10246782976,33097146368
2025-05-14 06:28:20,45.674,4.296,0,23289856,309.40,30557.50,32056.02,55,3128170,3491904,10246782976,33120419840
2025-05-14 06:28:20,45.679,4.190,0,23588864,299.50,30557.50,32056.02,55,3129590,3493774,10246782976,33144328192
2025-05-14 06:28:20,46.315,4.361,0,21004288,299.40,30557.50,32056.02,55,3130848,3495434,10246782976,33164713984
2025-05-14 06:28:20,45.100,4.274,0,23232512,299.50,30557.50,32056.02,55,3132293,3497330,10246782976,33188220928
2025-05-14 06:28:21,47.097,4.663,0,49950720,379.30,30557.52,32056.02,55,3133385,3499565,10246782976,33281146880
2025-05-14 06:28:21,48.592,5.137,0,96653312,379.30,30557.52,32056.02,55,3134364,3501280,10246782976,33342545920
2025-05-14 06:28:21,48.186,5.076,0,29433856,349.30,30557.52,32056.02,55,3135710,3503041,10246782976,33362821120
2025-05-14 06:28:21,46.595,5.217,0,30531584,299.50,30557.52,32056.02,55,3136957,3504690,10246782976,33393078272
2025-05-14 06:28:21,45.523,4.196,0,20103168,289.50,30557.52,32056.02,55,3138227,3506368,10246782976,33415913472
2025-05-14 06:28:22,45.537,4.405,0,30744576,219.60,30557.52,32056.02,55,3139599,3508194,10246782976,33448460288
2025-05-14 06:28:22,43.523,4.311,0,44908544,249.60,30557.52,32056.02,55,3141009,3510263,10246787072,33496379392
2025-05-14 06:28:22,44.580,4.393,135168,29966336,199.60,30557.52,32056.02,55,3142389,3512066,10246918144,33524064256
2025-05-14 06:28:22,44.943,4.216,0,21409792,219.80,30557.52,32056.02,55,3143514,3513558,10246934528,33548292096
2025-05-14 06:28:22,44.638,4.279,16384,28106752,239.60,30557.52,32056.02,55,3144828,3515276,10247000064,33572716544
2025-05-14 06:28:23,43.849,4.240,65536,20844544,179.60,30557.52,32056.02,55,3145807,3516539,10247000064,33586638848
2025-05-14 06:28:23,43.777,4.119,0,17764352,159.70,30557.52,32056.02,55,3146873,3517917,10247000064,33605165056
2025-05-14 06:28:23,42.700,3.923,0,18362368,159.70,30557.52,32056.02,55,3148041,3519434,10247000064,33627828224
2025-05-14 06:28:23,43.611,4.057,0,22290432,169.70,30557.52,32056.02,55,3149184,3520904,10247000064,33648840704
2025-05-14 06:28:23,44.306,3.997,0,20119552,169.70,30557.52,32056.02,55,3150251,3522288,10247000064,33667723264
2025-05-14 06:28:24,43.015,4.009,0,18030592,169.70,30557.52,32056.02,55,3151387,3523752,10247000064,33685405696
2025-05-14 06:28:24,42.944,3.996,0,20774912,179.70,30557.52,32056.02,55,3152546,3525296,10247000064,33711902720
2025-05-14 06:28:24,42.886,3.979,0,28577792,159.70,30557.52,32056.02,55,3153749,3526877,10247000064,33739100160
2025-05-14 06:28:24,44.129,3.939,0,21708800,249.60,30557.52,32056.02,55,3154782,3528234,10247008256,33761189888
2025-05-14 06:28:24,43.819,4.171,8192,22360064,179.70,30557.52,32056.02,55,3155892,3529675,10247008256,33780170752
2025-05-14 06:28:25,43.767,4.241,0,18325504,179.60,30557.52,32056.02,55,3156894,3531284,10247008256,33793785856
2025-05-14 06:28:25,44.436,4.257,0,13238272,239.60,30557.52,32056.02,55,3158047,3533052,10247008256,33838206976
2025-05-14 06:28:25,44.967,4.332,0,44261376,149.70,30557.52,32056.02,55,3159168,3534494,10247008256,33852264448
2025-05-14 06:28:25,43.288,3.929,0,13934592,159.70,30557.52,32056.02,55,3160050,3535628,10247008256,33863839744
2025-05-14 06:28:26,46.474,4.263,0,12038144,149.80,30557.52,32056.02,55,3161134,3537037,10247008256,33879072768
2025-05-14 06:28:26,42.533,3.886,0,15900672,169.70,30557.52,32056.02,55,3162281,3538509,10247008256,33894895616
2025-05-14 06:28:26,43.085,3.897,0,16465920,199.60,30557.52,32056.02,55,3163410,3539967,10247008256,33911181312
2025-05-14 06:28:26,43.875,4.231,0,15577088,299.40,30557.52,32056.02,55,3164404,3541255,10247008256,33927127040
2025-05-14 06:28:26,47.691,4.542,0,13410304,299.50,30557.52,32056.02,55,3165362,3542554,10247008256,33939550208
2025-05-14 06:28:27,47.332,4.464,0,16322560,319.40,30557.52,32056.02,55,3166912,3544602,10247008256,33957679104
2025-05-14 06:28:27,46.117,4.318,0,17924096,299.50,30557.52,32056.02,55,3168462,3546658,10247008256,33975492608
2025-05-14 06:28:27,45.468,4.277,0,17068032,309.50,30557.52,32056.02,55,3169919,3548581,10247012352,33992257536
2025-05-14 06:28:27,45.518,4.314,4096,17170432,289.40,30557.52,32056.02,55,3171361,3550466,10247012352,34008784896
2025-05-14 06:28:27,46.263,4.249,0,13672448,289.50,30557.52,32056.02,55,3172513,3551993,10247012352,34022359040
2025-05-14 06:28:28,46.446,4.221,0,16388096,309.50,30557.52,32056.02,55,3174023,3553987,10247012352,34039779328
2025-05-14 06:28:28,45.331,4.232,0,17670144,299.50,30557.52,32056.02,55,3175593,3556063,10247016448,34058113024
2025-05-14 06:28:28,44.292,4.204,4096,17944576,319.50,30557.52,32056.02,55,3177093,3558027,10247016448,34075037696
2025-05-14 06:28:28,45.940,4.346,0,17035264,289.50,30557.52,32056.02,55,3178459,3559814,10247016448,34090762240
2025-05-14 06:28:28,45.781,4.244,0,13074432,299.50,30557.52,32056.02,55,3179725,3561478,10247016448,34105626624
2025-05-14 06:28:29,46.329,4.479,0,39514112,319.30,30557.52,32056.02,55,3181371,3563672,10247016448,34152882176
2025-05-14 06:28:29,45.590,4.320,0,26763264,359.40,30557.52,32057.02,55,3183030,3565849,10247016448,34193985536
2025-05-14 06:28:29,46.420,4.749,0,88547328,359.40,30557.53,32056.02,55,3184486,3568175,10247016448,34283261952
2025-05-14 06:28:29,45.612,4.602,0,50663424,269.80,30557.53,32056.02,55,3185765,3569895,10247016448,34308685824
2025-05-14 06:28:29,45.141,4.195,0,12849152,199.60,30557.53,32056.02,55,3187137,3571684,10247016448,34325721088
2025-05-14 06:28:30,42.715,4.006,0,25104384,189.70,30557.53,32056.02,55,3188748,3573818,10247016448,34356965376
2025-05-14 06:28:30,42.401,3.970,0,28811264,239.50,30557.53,32056.02,55,3190179,3575686,10247016448,34384482304
2025-05-14 06:28:30,45.424,4.299,0,26669056,189.60,30557.53,32056.02,55,3191441,3577327,10247016448,34406707200
2025-05-14 06:28:30,45.565,4.259,0,23982080,199.70,30557.53,32056.02,55,3192622,3578864,10247016448,34434641920
2025-05-14 06:28:30,45.650,4.213,0,19841024,179.70,30557.53,32056.02,55,3193534,3580075,10247016448,34451722240
2025-05-14 06:28:31,46.021,4.264,0,31326208,189.70,30557.53,32056.02,55,3194931,3581909,10247016448,34481745920
2025-05-14 06:28:31,44.166,4.009,0,26902528,209.60,30557.53,32056.02,55,3196431,3583869,10247016448,34513891328
2025-05-14 06:28:31,44.771,4.100,0,30326784,209.60,30557.53,32056.02,55,3197825,3585709,10247016448,34547662848
2025-05-14 06:28:31,45.937,4.337,0,32636928,159.70,30557.53,32056.02,55,3199043,3587307,10247016448,34570956800
2025-05-14 06:28:31,46.210,4.269,0,20271104,199.70,30557.53,32056.02,55,3200294,3588981,10247016448,34597552128
2025-05-14 06:28:32,44.242,4.213,0,44179456,189.60,30557.53,32056.02,55,3201728,3590895,10247016448,34635034624
2025-05-14 06:28:32,42.790,3.950,0,21254144,209.60,30557.53,32056.02,55,3203194,3592844,10247016448,34665902080
2025-05-14 06:28:32,43.850,4.035,0,33202176,209.60,30557.53,32056.02,55,3204732,3594850,10247016448,34697478144
2025-05-14 06:28:32,43.684,4.166,0,34799616,229.60,30557.53,32056.02,55,3206240,3596937,10247016448,34735915008
2025-05-14 06:28:32,45.632,4.622,0,39182336,219.60,30557.53,32056.02,55,3207882,3599086,10247016448,34770010112
2025-05-14 06:28:33,45.259,4.288,0,32976896,199.60,30557.53,32056.02,55,3209353,3601083,10247016448,34802716672
2025-05-14 06:28:33,44.453,4.086,0,33091584,239.60,30557.53,32056.02,55,3210944,3603166,10247016448,34836062208
2025-05-14 06:28:33,44.242,4.085,0,30990336,259.60,30557.53,32056.02,55,3212687,3605737,10247016448,34894274560
2025-05-14 06:28:33,44.249,4.130,0,56033280,169.70,30557.53,32056.02,55,3214093,3607585,10247016448,34916466688
2025-05-14 06:28:33,45.350,4.025,0,20017152,209.60,30557.53,32056.02,55,3215341,3609260,10247016448,34937282560
2025-05-14 06:28:34,46.420,4.233,0,23355392,189.70,30557.53,32056.02,55,3216823,3611231,10247016448,34962923520
2025-05-14 06:28:34,44.188,4.128,0,25862144,359.30,30557.53,32056.02,55,3218233,3613094,10247016448,34986803200
2025-05-14 06:28:34,47.299,4.619,0,22405120,319.40,30557.53,32056.02,55,3219579,3614871,10247016448,35009437696
2025-05-14 06:28:34,45.740,4.463,0,22319104,289.40,30557.53,32056.02,55,3220842,3616550,10247016448,35030929408
2025-05-14 06:28:34,45.847,4.429,0,21905408,319.40,30557.53,32056.02,55,3222250,3618440,10247016448,35054649344
2025-05-14 06:28:35,45.919,4.350,0,24502272,309.40,30557.53,32056.02,55,3223740,3620409,10247016448,35080024064
2025-05-14 06:28:35,44.422,4.337,0,26292224,389.30,30557.53,32056.02,55,3225190,3622326,10247016448,35104440320
2025-05-14 06:28:35,46.109,4.344,0,22982656,319.40,30557.53,32056.02,55,3226625,3624206,10247016448,35128795136
2025-05-14 06:28:35,46.014,4.342,0,24903680,249.60,30557.53,32056.02,55,3227834,3625789,10247016448,35148914688
2025-05-14 06:28:35,45.962,4.298,0,19394560,309.50,30557.53,32056.02,55,3229211,3627629,10247016448,35172093952
2025-05-14 06:28:36,45.860,4.297,0,23453696,309.70,30557.53,32056.02,55,3230604,3629474,10247016448,35195797504
2025-05-14 06:28:36,45.869,4.353,0,24281088,319.30,30557.53,32056.02,55,3232040,3631369,10247016448,35220627456
2025-05-14 06:28:36,45.589,4.272,0,24199168,309.50,30557.53,32056.02,55,3233446,3633219,10247016448,35244400640
2025-05-14 06:28:36,45.560,4.410,0,24117248,239.60,30557.53,32056.02,55,3234631,3634786,10247016448,35264049152
2025-05-14 06:28:36,45.279,4.405,0,19161088,299.50,30557.53,32056.02,55,3236045,3636640,10247016448,35287719936
2025-05-14 06:28:37,45.740,4.318,0,23904256,309.50,30557.53,32056.02,55,3237446,3638482,10247016448,35311345664
2025-05-14 06:28:37,45.958,4.345,0,23916544,209.60,30557.53,32056.02,55,3238922,3640418,10247016448,35336196096
2025-05-14 06:28:37,42.910,4.117,0,31612928,299.40,30557.53,32056.02,55,3240683,3642793,10247016448,35416973312
2025-05-14 06:28:37,44.765,4.668,0,114659328,249.60,30557.55,32056.02,55,3242131,3644883,10247016448,35513495552
2025-05-14 06:28:37,46.399,4.563,0,82644992,239.60,30557.55,32056.02,55,3243400,3646735,10247016448,35562729472
2025-05-14 06:28:38,43.637,4.125,0,21925888,209.60,30557.55,32056.02,55,3244869,3648671,10247016448,35585781760
2025-05-14 06:28:38,43.025,4.131,0,22425600,199.60,30557.55,32056.02,55,3246357,3650613,10247016448,35611508736
2025-05-14 06:28:38,43.737,4.207,0,30777344,239.50,30557.55,32056.02,55,3247807,3652583,10247016448,35644805120
2025-05-14 06:28:38,43.759,4.159,0,34332672,219.60,30557.55,32056.02,55,3249279,3654544,10247016448,35683586048
2025-05-14 06:28:38,44.243,4.170,0,32804864,229.60,30557.55,32056.02,55,3250800,3656554,10247016448,35713617920
2025-05-14 06:28:39,44.431,4.253,0,37036032,199.80,30557.55,32056.02,55,3252349,3658603,10247016448,35745021952
2025-05-14 06:28:39,43.744,4.089,0,28237824,199.60,30557.55,32056.02,55,3253948,3660701,10247016448,35776151552
2025-05-14 06:28:39,43.930,4.115,0,33628160,209.60,30557.55,32056.02,55,3255546,3662805,10247016448,35808374784
2025-05-14 06:28:39,43.891,3.919,0,26517504,179.70,30557.55,32056.02,55,3256819,3664489,10247016448,35826057216
2025-05-14 06:28:39,47.280,4.128,0,11927552,209.60,30557.55,32056.02,55,3258126,3666243,10247016448,35849834496
2025-05-14 06:28:40,44.025,4.067,0,29347840,269.50,30557.55,32056.02,55,3259486,3668086,10247016448,35880525824
2025-05-14 06:28:40,45.373,4.574,0,30703616,189.60,30557.55,32056.02,55,3260776,3669782,10247016448,35901378560
2025-05-14 06:28:40,45.787,4.256,0,25706496,209.60,30557.55,32056.02,55,3262244,3671743,10247016448,35935244288
2025-05-14 06:28:40,44.112,4.193,0,34664448,199.60,30557.55,32056.02,55,3263705,3673677,10247016448,35965140992
2025-05-14 06:28:40,44.606,4.184,0,23261184,199.60,30557.60,32056.02,55,3266159,3675823,10247016448,35975999488
2025-05-14 06:28:41,45.032,4.325,0,352256,169.60,30557.60,32056.02,55,3269320,3678297,10247016448,35980431360
2025-05-14 06:28:41,42.276,4.007,0,8712192,299.40,30557.60,32056.02,55,3270317,3679577,10247016448,35988320256
2025-05-14 06:28:41,45.427,4.550,0,7475200,299.40,30557.60,32056.02,55,3271529,3681091,10247016448,36005445632
2025-05-14 06:28:41,45.325,4.384,0,16879616,229.60,30557.60,32056.02,55,3272353,3682138,10247016448,36011749376
2025-05-14 06:28:41,46.168,4.501,0,5959680,259.50,30557.60,32056.02,55,3273305,3683355,10247016448,36018798592
2025-05-14 06:28:42,43.122,4.268,0,7565312,269.50,30557.60,32056.02,55,3274348,3684684,10247016448,36026421248
2025-05-14 06:28:42,44.763,4.217,0,7184384,269.50,30557.60,32056.02,55,3275329,3685934,10247016448,36034002944
2025-05-14 06:28:42,44.538,4.082,0,7917568,269.50,30557.60,32056.02,55,3276313,3687199,10247016448,36041502720
2025-05-14 06:28:42,44.525,4.239,0,7876608,239.60,30557.60,32056.02,55,3277114,3688216,10247016448,36047835136
2025-05-14 06:28:42,45.742,4.188,0,6180864,269.50,30557.60,32056.02,55,3278153,3689553,10247016448,36059287552
2025-05-14 06:28:43,45.103,4.160,0,11014144,269.50,30557.60,32056.02,55,3279120,3690790,10247016448,36066848768
2025-05-14 06:28:43,44.826,4.152,0,8536064,259.50,30557.60,32056.02,55,3280125,3692084,10247016448,36076589056
2025-05-14 06:28:43,42.815,4.198,0,9224192,269.40,30557.60,32056.02,55,3281197,3693455,10247016448,36085772288
2025-05-14 06:28:43,44.679,4.346,0,8224768,259.50,30557.60,32056.02,55,3282078,3694576,10247016448,36093181952
2025-05-14 06:28:43,45.430,4.267,0,8892416,279.50,30557.60,32056.02,55,3283094,3695878,10247016448,36102623232
2025-05-14 06:28:44,44.982,4.252,0,9682944,259.60,30557.60,32056.02,55,3284077,3697143,10247016448,36111925248
2025-05-14 06:28:44,44.565,4.127,0,9252864,159.80,30557.60,32056.02,55,3285139,3698505,10247016448,36121788416
2025-05-14 06:28:44,41.778,3.876,0,10014720,169.70,30557.60,32056.02,55,3286227,3699896,10247016448,36131950592
2025-05-14 06:28:44,41.740,3.876,0,10043392,159.70,30557.60,32056.02,55,3287284,3701248,10247016448,36141608960
2025-05-14 06:28:44,42.881,4.010,0,9981952,159.70,30557.60,32056.02,55,3288308,3702568,10247016448,36151676928
2025-05-14 06:28:45,42.662,3.991,0,10301440,179.70,30557.60,32056.02,55,3289420,3703974,10247016448,36163342336
2025-05-14 06:28:45,43.215,4.070,0,11309056,149.70,30557.65,32056.02,55,3290438,3705278,10247016448,36173160448
2025-05-14 06:28:45,42.916,3.922,0,9949184,159.70,30557.70,32056.02,55,3291486,3706640,10247016448,36183363584
2025-05-14 06:28:45,42.356,3.988,0,11882496,159.70,30557.70,32056.02,55,3292566,3708025,10247016448,36194844672
2025-05-14 06:28:45,43.282,4.055,0,9572352,169.70,30557.70,32056.02,55,3294059,3709519,10247016448,36202831872
2025-05-14 06:28:46,42.934,4.094,0,10633216,79.90,30557.71,32056.02,55,3294716,3710366,10247016448,36212105216
2025-05-14 06:28:46,39.154,3.845,0,1708032,59.90,30557.71,32056.02,55,3294917,3710567,10247016448,36212105216
2025-05-14 06:28:46,39.854,3.809,0,0,59.90,30557.71,32056.02,55,3295118,3710768,10247016448,36212105216
2025-05-14 06:28:46,40.894,3.839,0,65536,149.70,30557.71,32056.02,55,3295520,3711470,10247016448,36236632064
2025-05-14 06:28:46,43.525,4.098,0,24461312,49.90,30557.71,32056.02,55,3295721,3711671,10247016448,36236632064
2025-05-14 06:28:47,39.175,3.713,0,0,59.90,30557.71,32056.02,55,3295922,3711872,10247016448,36236632064
2025-05-14 06:28:47,39.922,3.701,0,0,59.90,30557.71,32056.02,55,3296124,3712074,10247016448,36236632064
2025-05-14 06:28:47,40.096,3.715,0,0,59.90,30557.71,32056.02,55,3296325,3712275,10247016448,36236632064
2025-05-14 06:28:47,43.486,3.893,0,0,39.90,30557.71,32056.02,55,3296527,3712477,10247016448,36236632064
2025-05-14 06:28:47,46.391,3.850,0,0,49.90,30557.71,32056.02,55,3296728,3712678,10247016448,36236632064
2025-05-14 06:28:48,38.971,3.768,0,0,69.90,30557.71,32056.02,55,3296929,3712879,10247016448,36236632064
2025-05-14 06:28:48,40.686,3.791,0,4096,59.90,30557.71,32056.02,55,3297134,3713085,10247016448,36236636160
2025-05-14 06:28:48,44.853,3.956,0,28672,79.80,30557.71,32056.02,55,3297347,3713305,10247016448,36236664832
2025-05-14 06:28:48,44.973,3.952,0,0,59.90,30557.71,32056.02,55,3297548,3713506,10247016448,36236664832
2025-05-14 06:28:48,41.815,3.941,0,0,129.70,30557.71,32056.02,55,3297749,3713707,10247016448,36236664832
2025-05-14 06:28:49,46.417,4.423,0,0,59.90,30557.71,32056.02,55,3297951,3713909,10247016448,36236664832
2025-05-14 06:28:49,42.890,3.861,0,0,59.10,30557.71,32056.02,55,3298154,3714112,10247016448,36236664832
2025-05-14 06:28:49,41.021,3.832,0,0,49.90,30557.71,32056.02,55,3298355,3714313,10247016448,36236664832
2025-05-14 06:28:49,42.800,3.741,0,0,49.90,30557.71,32056.02,55,3298555,3714513,10247016448,36236664832
2025-05-14 06:28:49,46.385,3.867,0,0,49.90,30557.71,32056.02,55,3298756,3714714,10247016448,36236664832
2025-05-14 06:28:50,41.093,3.864,0,0,109.80,30557.71,32056.02,55,3298957,3714915,10247016448,36236664832
2025-05-14 06:28:50,46.187,4.421,0,0,189.70,30557.71,32056.02,55,3299156,3715114,10247016448,36236664832
2025-05-14 06:28:50,45.271,4.240,0,0,159.70,30557.71,32056.02,55,3299358,3715316,10247016448,36236664832
2025-05-14 06:28:50,44.786,4.040,0,0,159.70,30557.71,32056.02,55,3299558,3715516,10247016448,36236664832
2025-05-14 06:28:50,43.513,3.938,0,0,159.70,30557.71,32056.02,55,3299761,3715719,10247016448,36236664832
2025-05-14 06:28:51,42.059,3.971,0,0,159.70,30557.71,32056.02,55,3299962,3715920,10247016448,36236664832
2025-05-14 06:28:51,43.025,3.938,0,0,159.70,30557.71,32056.02,55,3300164,3716122,10247016448,36236664832
2025-05-14 06:28:51,42.717,3.891,0,0,159.70,30557.71,32056.02,55,3300365,3716323,10247016448,36236664832
2025-05-14 06:28:51,44.196,3.995,0,0,169.70,30557.71,32056.02,55,3300566,3716524,10247016448,36236664832
2025-05-14 06:28:51,43.045,4.031,0,0,159.70,30557.71,32056.02,55,3300767,3716725,10247016448,36236664832
2025-05-14 06:28:52,42.781,3.883,0,0,179.70,30557.71,32056.02,55,3300969,3716927,10247016448,36236664832
2025-05-14 06:28:52,40.341,3.850,0,0,159.70,30557.71,32056.02,55,3301170,3717128,10247016448,36236664832
2025-05-14 06:28:52,42.528,3.892,0,0,159.70,30557.71,32056.02,55,3301371,3717329,10247016448,36236664832
2025-05-14 06:28:52,45.072,4.057,0,4096,159.70,30557.71,32056.02,55,3301572,3717531,10247016448,36236668928
2025-05-14 06:28:52,45.565,4.004,0,0,109.80,30557.71,32056.02,55,3301773,3717732,10247016448,36236668928
2025-05-14 06:28:53,39.140,3.828,0,0,69.90,30557.71,32056.02,55,3301974,3717933,10247016448,36236668928
2025-05-14 06:28:53,38.542,3.772,0,0,79.90,30557.71,32056.02,55,3302175,3718134,10247016448,36236668928
2025-05-14 06:28:53,41.331,3.840,0,16384,59.90,30557.71,32056.02,55,3302384,3718347,10247016448,36236685312
2025-05-14 06:28:53,42.237,3.805,0,0,89.80,30557.71,32056.02,55,3302583,3718546,10247016448,36236685312
2025-05-14 06:28:53,45.667,3.948,0,0,59.90,30557.71,32056.02,55,3302784,3718747,10247016448,36236685312
2025-05-14 06:28:54,42.358,3.799,0,0,49.90,30557.71,32056.02,55,3302986,3718949,10247016448,36236685312
2025-05-14 06:28:54,39.745,3.737,0,0,59.90,30557.71,32056.02,55,3303187,3719150,10247016448,36236685312
2025-05-14 06:28:54,41.372,3.834,0,0,59.90,30557.71,32056.02,55,3303388,3719351,10247016448,36236685312
2025-05-14 06:28:54,43.085,3.853,0,0,49.90,30557.71,32056.02,55,3303588,3719551,10247016448,36236685312
2025-05-14 06:28:54,40.448,3.813,0,0,59.90,30557.71,32056.02,55,3303789,3719752,10247016448,36236685312
2025-05-14 06:28:55,40.751,3.750,0,0,49.90,30557.71,32056.02,55,3303991,3719954,10247016448,36236685312
2025-05-14 06:28:55,38.743,3.704,0,0,79.90,30557.71,32056.02,55,3304192,3720155,10247016448,36236685312
2025-05-14 06:28:55,40.179,3.926,0,1708032,59.90,30557.71,32056.02,55,3304498,3720499,10247016448,36238393344
2025-05-14 06:28:55,45.450,4.116,0,0,109.80,30557.71,32056.02,55,3304699,3720700,10247016448,36238393344
2025-05-14 06:28:56,45.215,4.320,0,0,59.90,30557.71,32056.02,55,3304900,3720901,10247016448,36238393344
2025-05-14 06:28:56,40.281,3.893,0,0,89.80,30557.71,32056.02,55,3305103,3721104,10247016448,36238397440
2025-05-14 06:28:56,40.032,3.890,0,4096,69.90,30557.71,32056.02,55,3305305,3721307,10247016448,36238397440
2025-05-14 06:28:56,39.089,3.819,0,0,59.90,30557.71,32056.02,55,3305505,3721507,10247016448,36238397440
2025-05-14 06:28:56,42.796,3.873,0,0,49.90,30557.71,32056.02,55,3305705,3721707,10247016448,36238397440
2025-05-14 06:28:57,45.671,3.922,0,0,139.80,30557.71,32056.02,55,3305905,3721907,10247016448,36238397440
2025-05-14 06:28:57,45.141,4.528,0,0,179.70,30557.71,32056.02,55,3306100,3722102,10247016448,36238397440
2025-05-14 06:28:57,44.155,4.115,0,0,169.70,30557.71,32056.02,55,3306301,3722303,10247016448,36238397440
2025-05-14 06:28:57,42.708,4.025,0,0,159.70,30557.71,32056.02,55,3306503,3722505,10247016448,36238397440
2025-05-14 06:28:57,44.680,3.990,0,0,169.60,30557.71,32056.02,55,3306704,3722706,10247016448,36238397440
2025-05-14 06:28:58,44.326,4.026,0,0,159.70,30557.71,32056.02,55,3306905,3722907,10247016448,36238397440
2025-05-14 06:28:58,42.073,3.899,0,0,169.70,30557.71,32056.02,55,3307107,3723109,10247016448,36238397440
2025-05-14 06:28:58,42.441,3.897,0,0,169.70,30557.71,32056.02,55,3307308,3723310,10247016448,36238397440
2025-05-14 06:28:58,43.531,3.980,0,0,159.70,30557.71,32056.02,55,3307511,3723514,10247016448,36238401536
2025-05-14 06:28:58,43.689,3.959,0,4096,169.70,30557.71,32056.02,55,3307712,3723715,10247016448,36238401536
2025-05-14 06:28:59,42.586,3.935,0,0,159.70,30557.71,32056.02,55,3307914,3723917,10247016448,36238401536
2025-05-14 06:28:59,41.997,3.858,0,0,179.70,30557.71,32056.02,55,3308115,3724118,10247016448,36238401536
2025-05-14 06:28:59,42.486,3.896,0,0,159.70,30557.71,32056.02,55,3308316,3724319,10247016448,36238401536
2025-05-14 06:28:59,42.673,3.924,0,0,169.70,30557.71,32056.02,55,3308517,3724520,10247016448,36238401536
2025-05-14 06:28:59,44.330,4.233,0,0,89.80,30557.71,32056.02,55,3308719,3724722,10247016448,36238401536
2025-05-14 06:29:00,41.845,4.076,0,0,79.90,30557.71,32056.02,55,3308923,3724926,10247016448,36238401536
2025-05-14 06:29:00,41.909,4.006,0,2088960,49.90,30557.71,32056.02,55,3309218,3725252,10247016448,36240490496
2025-05-14 06:29:00,41.110,3.992,0,0,89.80,30557.71,32056.02,55,3309422,3725456,10247016448,36240490496
2025-05-14 06:29:00,41.609,4.072,0,0,59.90,30557.71,32056.02,55,3309621,3725655,10247016448,36240490496
2025-05-14 06:29:00,47.001,3.924,0,0,59.90,30557.71,32056.02,55,3309821,3725855,10247016448,36240490496
2025-05-14 06:29:01,47.669,3.887,0,0,49.90,30557.71,32056.02,55,3310023,3726057,10247016448,36240490496
2025-05-14 06:29:01,46.452,3.858,0,0,49.90,30557.71,32056.02,55,3310224,3726258,10247016448,36240490496
2025-05-14 06:29:01,45.062,3.816,0,0,59.90,30557.71,32056.02,55,3310425,3726459,10247016448,36240490496
2025-05-14 06:29:01,45.847,3.869,0,0,59.90,30557.71,32056.02,55,3310626,3726660,10247016448,36240490496
2025-05-14 06:29:01,45.603,3.897,0,0,59.90,30557.71,32056.02,55,3310828,3726862,10247016448,36240490496
2025-05-14 06:29:02,44.482,3.870,0,0,59.90,30557.71,32056.02,55,3311029,3727063,10247016448,36240490496
2025-05-14 06:29:02,44.063,3.821,0,32768,89.80,30557.71,32056.02,55,3311251,3727292,10247016448,36240695296
2025-05-14 06:29:02,41.269,3.933,0,172032,89.80,30557.71,32056.02,55,3311453,3727494,10247016448,36240695296
2025-05-14 06:29:02,43.280,4.146,0,0,69.90,30557.71,32056.02,55,3311655,3727697,10247016448,36240760832
2025-05-14 06:29:02,48.316,4.051,0,65536,59.90,30557.71,32056.02,55,3311856,3727898,10247016448,36240760832
2025-05-14 06:29:03,45.336,3.886,0,0,99.80,30557.71,32056.02,55,3312057,3728099,10247016448,36240760832
2025-05-14 06:29:03,41.573,3.888,0,0,59.90,30557.71,32056.02,55,3312259,3728301,10247016448,36240760832
2025-05-14 06:29:03,38.972,3.818,0,0,59.90,30557.71,32056.02,55,3312460,3728502,10247016448,36240760832
2025-05-14 06:29:03,40.907,3.814,0,0,119.80,30557.71,32056.02,55,3312703,3728769,10247016448,36242616320
2025-05-14 06:29:03,45.717,4.186,0,1921024,189.70,30557.71,32056.02,55,3312902,3728969,10247016448,36242681856
2025-05-14 06:29:04,47.762,4.434,0,0,189.70,30557.71,32056.02,55,3313103,3729170,10247016448,36242681856
2025-05-14 06:29:04,43.323,4.126,0,0,179.70,30557.71,32056.02,55,3313310,3729379,10247016448,36242690048
2025-05-14 06:29:04,43.131,4.078,0,8192,169.70,30557.71,32056.02,55,3313511,3729580,10247016448,36242690048
2025-05-14 06:29:04,42.357,3.967,0,0,159.70,30557.71,32056.02,55,3313713,3729782,10247016448,36242690048
2025-05-14 06:29:04,45.583,4.084,0,0,179.70,30557.71,32056.02,55,3313913,3729982,10247016448,36242690048
2025-05-14 06:29:05,43.778,3.868,0,0,179.70,30557.71,32056.02,55,3314115,3730184,10247016448,36242690048
2025-05-14 06:29:05,42.534,3.887,0,0,349.40,30557.71,32056.02,55,3314316,3730385,10247016448,36242690048
2025-05-14 06:29:05,44.295,3.988,0,0,179.70,30557.71,32056.02,55,3314517,3730586,10247016448,36242690048
2025-05-14 06:29:05,42.446,3.885,0,0,179.70,30557.71,32056.02,55,3314718,3730787,10247016448,36242690048
2025-05-14 06:29:05,43.461,3.999,0,4096,169.70,30557.71,32056.02,55,3314922,3730992,10247016448,36242694144
2025-05-14 06:29:06,42.709,3.910,0,0,159.70,30557.71,32056.02,55,3315123,3731193,10247016448,36242694144
2025-05-14 06:29:06,42.446,3.897,0,0,169.70,30557.71,32056.02,55,3315325,3731395,10247016448,36242694144
2025-05-14 06:29:06,43.890,3.932,0,0,159.70,30557.71,32056.02,55,3315526,3731596,10247016448,36242694144
2025-05-14 06:29:06,41.493,3.866,0,0,59.90,30557.71,32056.02,55,3315726,3731796,10247016448,36242694144
2025-05-14 06:29:06,42.636,3.876,0,0,59.90,30557.71,32056.02,55,3315926,3731996,10247016448,36242694144
2025-05-14 06:29:07,40.158,3.882,0,0,59.90,30557.71,32056.02,55,3316127,3732197,10247016448,36242694144
2025-05-14 06:29:07,40.398,3.783,0,0,79.90,30557.71,32056.02,55,3316329,3732399,10247016448,36242694144
2025-05-14 06:29:07,40.630,3.915,0,0,59.90,30557.71,32056.02,55,3316530,3732600,10247016448,36242694144
2025-05-14 06:29:07,41.493,3.836,0,0,59.90,30557.71,32056.02,55,3316731,3732801,10247016448,36242694144
2025-05-14 06:29:07,45.280,3.871,0,0,49.90,30557.71,32056.02,55,3316932,3733002,10247016448,36242694144
2025-05-14 06:29:08,41.693,3.807,0,0,59.90,30557.71,32056.02,55,3317134,3733204,10247016448,36242694144
2025-05-14 06:29:08,40.140,3.884,0,0,59.90,30557.71,32056.02,55,3317335,3733405,10247016448,36242694144
2025-05-14 06:29:08,39.444,3.834,0,0,79.80,30557.71,32056.02,55,3317536,3733606,10247016448,36242694144
2025-05-14 06:29:08,40.322,3.919,0,0,59.90,30557.71,32056.02,55,3317736,3733806,10247016448,36242694144
2025-05-14 06:29:08,43.299,3.866,0,0,69.90,30557.71,32056.02,55,3317938,3734008,10247016448,36242694144
2025-05-14 06:29:09,39.386,3.774,0,0,109.80,30557.71,32056.02,55,3318251,3734367,10247016448,36244774912
2025-05-14 06:29:09,39.775,3.883,0,2080768,89.80,30557.71,32056.02,55,3318452,3734568,10247016448,36244774912
2025-05-14 06:29:09,43.731,4.250,0,0,69.90,30557.71,32056.02,55,3318653,3734769,10247016448,36244774912
2025-05-14 06:29:09,45.476,4.056,0,0,59.90,30557.71,32056.02,55,3318855,3734971,10247016448,36244774912
2025-05-14 06:29:09,43.498,3.974,0,0,99.80,30557.71,32056.02,55,3319063,3735182,10247016448,36244787200
2025-05-14 06:29:10,39.727,4.009,0,12288,59.90,30557.71,32056.02,55,3319264,3735383,10247016448,36244787200
2025-05-14 06:29:10,40.896,3.863,0,0,39.90,30557.71,32056.02,55,3319465,3735584,10247016448,36244787200
2025-05-14 06:29:10,39.665,3.800,0,0,129.80,30557.71,32056.02,55,3319666,3735785,10247016448,36244787200
2025-05-14 06:29:10,44.509,4.313,0,0,169.70,30557.71,32056.02,55,3319864,3735983,10247016448,36244787200
2025-05-14 06:29:10,46.942,4.263,0,0,139.80,30557.71,32056.02,55,3320056,3736175,10247016448,36244787200
2025-05-14 06:29:11,45.235,4.131,0,0,169.70,30557.71,32056.02,55,3320256,3736375,10247016448,36244787200
2025-05-14 06:29:11,42.370,3.931,0,0,169.70,30557.71,32056.02,55,3320457,3736576,10247016448,36244787200
2025-05-14 06:29:11,42.596,4.005,0,0,179.70,30557.71,32056.02,55,3320658,3736777,10247016448,36244787200
2025-05-14 06:29:11,42.137,3.897,0,0,169.70,30557.71,32056.02,55,3320858,3736977,10247016448,36244787200
2025-05-14 06:29:11,43.977,4.017,0,0,159.70,30557.71,32056.02,55,3321059,3737178,10247016448,36244787200
2025-05-14 06:29:12,42.940,4.063,0,0,159.70,30557.71,32056.02,55,3321261,3737380,10247016448,36244787200
2025-05-14 06:29:12,42.479,3.890,0,0,159.70,30557.71,32056.02,55,3321465,3737585,10247016448,36244791296
2025-05-14 06:29:12,42.676,3.983,0,4096,159.70,30557.71,32056.02,55,3321666,3737786,10247016448,36244791296
2025-05-14 06:29:12,42.535,3.821,0,0,159.70,30557.71,32056.02,55,3321867,3737987,10247016448,36244791296
2025-05-14 06:29:12,43.462,4.068,0,0,169.70,30557.71,32056.02,55,3322068,3738188,10247016448,36244791296
2025-05-14 06:29:13,42.477,3.909,0,0,179.70,30557.71,32056.02,55,3322269,3738389,10247016448,36244791296
2025-05-14 06:29:13,42.044,3.941,0,0,109.80,30557.71,32056.02,55,3322470,3738590,10247016448,36244791296
2025-05-14 06:29:13,41.611,3.936,0,0,59.90,30557.71,32056.02,55,3322671,3738791,10247016448,36244791296
2025-05-14 06:29:13,39.486,3.852,0,0,59.90,30557.71,32056.02,55,3322872,3738992,10247016448,36244791296
2025-05-14 06:29:13,44.663,3.949,0,0,69.90,30557.71,32056.02,55,3323073,3739193,10247016448,36244791296
2025-05-14 06:29:14,40.620,4.006,0,0,59.90,30557.71,32056.02,55,3323274,3739394,10247016448,36244791296
2025-05-14 06:29:14,41.333,3.863,0,0,49.90,30557.71,32056.02,55,3323475,3739595,10247016448,36244791296
2025-05-14 06:29:14,39.649,3.839,0,0,59.90,30557.71,32056.02,55,3323676,3739796,10247016448,36244791296
2025-05-14 06:29:14,39.602,3.827,0,0,59.90,30557.71,32056.02,55,3323876,3739996,10247016448,36244791296
2025-05-14 06:29:14,44.816,3.929,0,0,69.90,30557.71,32056.02,55,3324078,3740198,10247016448,36244791296
2025-05-14 06:29:15,40.793,3.865,0,0,69.90,30557.71,32056.02,55,3324279,3740399,10247016448,36244791296
2025-05-14 06:29:15,38.782,3.749,0,0,59.90,30557.71,32056.02,55,3324481,3740601,10247016448,36244791296
2025-05-14 06:29:15,38.251,3.712,0,0,69.90,30557.71,32056.02,55,3324682,3740802,10247016448,36244791296
2025-05-14 06:29:15,40.031,3.916,0,1540096,49.90,30557.71,32056.02,55,3324974,3741124,10247016448,36246331392
2025-05-14 06:29:15,42.001,3.792,0,0,59.90,30557.71,32056.02,55,3325175,3741325,10247016448,36246331392
2025-05-14 06:29:16,41.445,3.808,0,0,59.90,30557.71,32056.02,55,3325376,3741526,10247016448,36246331392
2025-05-14 06:29:16,39.690,3.762,0,4096,59.90,30557.71,32056.02,55,3325581,3741732,10247016448,36246335488
2025-05-14 06:29:16,40.519,3.765,0,0,49.90,30557.71,32056.02,55,3325779,3741930,10247016448,36246335488
2025-05-14 06:29:16,43.156,3.828,0,0,59.90,30557.71,32056.02,55,3325971,3742122,10247016448,36246335488
2025-05-14 06:29:16,45.850,3.891,0,0,59.90,30557.71,32056.02,55,3326172,3742323,10247016448,36246335488
2025-05-14 06:29:17,42.866,3.822,0,0,59.90,30557.71,32056.02,55,3326373,3742524,10247016448,36246335488
2025-05-14 06:29:17,40.057,3.767,0,0,49.90,30557.71,32056.02,55,3326573,3742724,10247016448,36246335488
2025-05-14 06:29:17,44.466,3.871,0,0,59.90,30557.71,32056.02,55,3326774,3742925,10247016448,36246335488
2025-05-14 06:29:17,42.359,3.915,0,0,79.90,30557.71,32056.02,55,3326976,3743127,10247016448,36246335488
2025-05-14 06:29:17,43.843,4.108,0,0,69.90,30557.71,32056.02,55,3327175,3743326,10247016448,36246335488
2025-05-14 06:29:18,46.091,4.064,0,0,59.90,30557.71,32056.02,55,3327376,3743527,10247016448,36246335488
2025-05-14 06:29:18,40.023,3.852,0,0,89.90,30557.71,32056.02,55,3327582,3743733,10247016448,36246335488
2025-05-14 06:29:18,39.461,3.896,0,0,79.90,30557.71,32056.02,55,3327783,3743934,10247016448,36246335488
2025-05-14 06:29:18,40.650,3.902,0,0,79.90,30557.71,32056.02,55,3327982,3744133,10247016448,36246335488
2025-05-14 06:29:18,46.291,3.989,0,0,59.90,30557.71,32056.02,55,3328181,3744332,10247016448,36246335488
2025-05-14 06:29:19,46.765,4.063,0,0,179.70,30557.67,32048.02,54,3328362,3744513,10247016448,36246335488
2025-05-14 06:29:19,48.740,4.412,0,0,189.70,30557.67,32048.02,54,3328556,3744707,10247016448,36246335488
2025-05-14 06:29:19,44.056,4.110,0,0,159.70,30557.67,32048.02,54,3328757,3744908,10247016448,36246335488
2025-05-14 06:29:19,43.794,4.079,0,0,159.70,30557.67,32048.02,54,3328958,3745109,10247016448,36246335488
2025-05-14 06:29:19,43.663,3.953,0,0,169.70,30557.67,32048.02,54,3329159,3745310,10247016448,36246335488
2025-05-14 06:29:20,42.575,3.950,0,0,179.70,30557.67,32048.02,54,3329360,3745511,10247016448,36246335488
2025-05-14 06:29:20,41.980,3.840,0,0,159.90,30557.67,32048.02,54,3329561,3745712,10247016448,36246335488
2025-05-14 06:29:20,42.358,3.868,0,0,169.70,30557.67,32048.02,54,3329763,3745914,10247016448,36246335488
2025-05-14 06:29:20,43.415,3.987,0,0,159.70,30557.67,32048.02,54,3329955,3746106,10247016448,36246335488
2025-05-14 06:29:20,43.177,3.917,0,0,169.70,30557.67,32048.02,54,3330160,3746311,10247016448,36246335488
2025-05-14 06:29:21,43.622,4.182,0,0,159.70,30557.67,32048.02,54,3330361,3746512,10247016448,36246335488
2025-05-14 06:29:21,42.918,3.936,0,0,159.70,30557.67,32048.02,54,3330562,3746713,10247016448,36246335488
2025-05-14 06:29:21,42.505,3.951,0,0,159.70,30557.67,32048.02,54,3330764,3746915,10247016448,36246335488
2025-05-14 06:29:21,45.841,4.238,0,0,229.50,30557.67,32048.02,54,3330963,3747114,10247016448,36246335488
2025-05-14 06:29:21,45.520,4.519,0,0,229.60,30557.67,32048.02,54,3331162,3747313,10247016448,36246335488
2025-05-14 06:29:22,44.151,4.838,0,0,149.80,30557.67,32048.02,54,3331363,3747514,10247016448,36246335488
2025-05-14 06:29:22,39.483,4.057,0,0,79.90,30557.67,32048.02,54,3331564,3747715,10247016448,36246335488
2025-05-14 06:29:22,41.438,3.922,0,0,59.90,30557.67,32048.02,54,3331766,3747917,10247016448,36246335488
2025-05-14 06:29:22,41.629,3.930,0,0,79.90,30557.67,32048.02,54,3331962,3748113,10247016448,36246335488
2025-05-14 06:29:22,45.968,3.949,0,0,59.90,30557.67,32048.02,54,3332164,3748315,10247016448,36246335488
2025-05-14 06:29:23,43.624,3.973,0,118784,79.90,30557.67,32048.02,54,3332388,3748549,10247016448,36246454272
2025-05-14 06:29:23,40.163,3.843,0,0,49.90,30557.67,32048.02,54,3332589,3748750,10247016448,36246454272
2025-05-14 06:29:23,41.767,3.776,0,0,59.90,30557.67,32048.02,54,3332791,3748952,10247016448,36246454272
2025-05-14 06:29:23,41.860,3.898,0,28672,59.90,30557.67,32048.02,54,3332999,3749167,10247016448,36246482944
2025-05-14 06:29:23,42.091,3.919,0,0,119.80,30557.67,32048.02,54,3333224,3749384,10247634944,36246482944
2025-05-14 06:29:24,41.066,3.855,618496,0,59.90,30557.67,32048.02,54,3333426,3749586,10247634944,36246482944
2025-05-14 06:29:24,39.047,3.695,0,0,59.90,30557.67,32048.02,54,3333627,3749787,10247634944,36246482944
2025-05-14 06:29:24,40.280,3.892,0,1564672,49.90,30557.67,32048.02,54,3333923,3750112,10247634944,36248047616
2025-05-14 06:29:24,43.968,4.177,0,0,79.90,30557.67,32048.02,54,3334118,3750307,10247634944,36248047616
2025-05-14 06:29:24,47.940,4.213,0,0,69.90,30557.67,32048.02,54,3334320,3750509,10247634944,36248047616
2025-05-14 06:29:25,40.819,3.882,0,0,99.80,30557.67,32048.02,54,3334521,3750710,10247634944,36248047616
2025-05-14 06:29:25,39.550,3.935,0,0,79.90,30557.67,32048.02,54,3334722,3750911,10247634944,36248047616
2025-05-14 06:29:25,38.561,3.855,0,81920,59.90,30557.67,32048.02,54,3334949,3751148,10247634944,36248129536
2025-05-14 06:29:25,41.116,3.873,0,0,49.90,30557.67,32048.02,54,3335150,3751349,10247634944,36248129536
2025-05-14 06:29:25,47.073,4.104,0,0,189.70,30557.67,32048.02,54,3335340,3751539,10247634944,36248129536
2025-05-14 06:29:26,48.855,4.528,0,0,169.70,30557.67,32048.02,54,3335534,3751733,10247634944,36248129536
2025-05-14 06:29:26,44.494,4.163,0,0,149.80,30557.67,32048.02,54,3335735,3751934,10247634944,36248129536
2025-05-14 06:29:26,42.774,4.087,0,0,159.70,30557.67,32048.02,54,3335936,3752135,10247634944,36248129536
2025-05-14 06:29:26,43.900,4.045,0,0,159.70,30557.67,32048.02,54,3336137,3752336,10247634944,36248129536
2025-05-14 06:29:26,42.948,4.067,0,0,159.70,30557.67,32048.02,54,3336338,3752537,10247634944,36248129536
2025-05-14 06:29:27,42.223,3.927,0,0,169.70,30557.67,32048.02,54,3336539,3752738,10247634944,36248129536
2025-05-14 06:29:27,42.495,3.919,0,0,169.70,30557.67,32048.02,54,3336740,3752939,10247634944,36248129536
2025-05-14 06:29:27,42.157,3.991,0,0,169.70,30557.67,32048.02,54,3336941,3753140,10247634944,36248129536
2025-05-14 06:29:27,42.405,3.988,0,0,159.70,30557.67,32048.02,54,3337142,3753341,10247634944,36248129536
2025-05-14 06:29:27,42.718,4.000,0,0,159.70,30557.67,32048.02,54,3337344,3753543,10247634944,36248129536
2025-05-14 06:29:28,43.196,3.909,0,0,179.70,30557.67,32048.02,54,3337545,3753744,10247634944,36248129536
2025-05-14 06:29:28,42.548,3.932,0,8192,169.70,30557.67,32048.02,54,3337752,3753953,10247634944,36248137728
2025-05-14 06:29:28,43.304,4.002,0,0,189.60,30557.67,32048.02,54,3337952,3754153,10247634944,36248137728
2025-05-14 06:29:28,43.432,3.987,0,0,79.90,30557.67,32048.02,54,3338161,3754365,10247634944,36248162304
2025-05-14 06:29:29,40.175,3.974,65536,24576,129.80,30557.67,32048.02,54,3338369,3754571,10247700480,36248162304
2025-05-14 06:29:29,42.501,4.058,0,0,59.90,30557.67,32048.02,54,3338570,3754772,10247700480,36248162304
2025-05-14 06:29:29,39.863,3.859,0,0,79.90,30557.67,32048.02,54,3338771,3754973,10247700480,36248162304
2025-05-14 06:29:29,41.786,3.997,0,69632,59.90,30557.67,32048.02,54,3338976,3755180,10247700480,36248231936
2025-05-14 06:29:29,43.285,3.975,0,0,59.90,30557.67,32048.02,54,3339177,3755381,10247700480,36248231936
2025-05-14 06:29:30,41.694,3.868,0,0,59.90,30557.67,32048.02,54,3339378,3755582,10247700480,36248231936
2025-05-14 06:29:30,39.380,3.748,0,0,59.90,30557.67,32048.02,54,3339572,3755776,10247700480,36248231936
2025-05-14 06:29:30,42.054,3.884,0,0,59.90,30557.67,32048.02,54,3339773,3755977,10247700480,36248231936
2025-05-14 06:29:30,41.213,3.848,0,0,59.90,30557.67,32048.02,54,3339974,3756178,10247700480,36248231936
2025-05-14 06:29:30,42.497,3.889,0,0,59.90,30557.67,32048.02,54,3340173,3756377,10247700480,36248231936
2025-05-14 06:29:31,40.209,3.758,0,0,59.90,30557.67,32048.02,54,3340374,3756578,10247700480,36248231936
2025-05-14 06:29:31,39.863,3.828,0,0,99.80,30557.67,32048.02,54,3340687,3756914,10247700480,36250439680
2025-05-14 06:29:31,41.542,4.169,0,2207744,89.80,30557.67,32048.02,54,3340888,3757115,10247700480,36250439680
2025-05-14 06:29:31,44.332,4.247,0,0,69.90,30557.67,32048.02,54,3341089,3757316,10247700480,36250439680
2025-05-14 06:29:31,46.667,4.213,0,0,49.90,30557.67,32048.02,54,3341289,3757516,10247700480,36250439680
2025-05-14 06:29:32,43.593,4.021,0,0,99.80,30557.67,32048.02,54,3341490,3757717,10247700480,36250439680
2025-05-14 06:29:32,40.011,3.892,0,0,59.90,30557.67,32048.02,54,3341698,3757927,10247700480,36250447872
2025-05-14 06:29:32,39.725,3.863,0,8192,59.90,30557.67,32048.02,54,3341899,3758128,10247700480,36250447872
2025-05-14 06:29:32,39.208,3.790,0,16384,109.80,30557.67,32048.02,54,3342103,3758335,10247700480,36250464256
2025-05-14 06:29:32,44.787,4.285,0,0,149.70,30557.67,32048.02,54,3342301,3758533,10247700480,36250464256
2025-05-14 06:29:33,46.785,4.333,0,0,159.70,30557.67,32048.02,54,3342498,3758730,10247700480,36250464256
2025-05-14 06:29:33,42.149,4.193,0,0,159.70,30557.67,32048.02,54,3342700,3758932,10247700480,36250464256
2025-05-14 06:29:33,42.523,3.930,0,0,169.70,30557.67,32048.02,54,3342901,3759133,10247700480,36250464256
2025-05-14 06:29:33,42.662,3.943,0,0,159.70,30557.67,32048.02,54,3343102,3759334,10247700480,36250464256
2025-05-14 06:29:33,45.190,4.081,0,0,169.70,30557.67,32048.02,54,3343303,3759535,10247700480,36250464256
2025-05-14 06:29:34,40.636,3.811,0,4096,159.70,30557.67,32048.02,54,3343508,3759743,10247700480,36250468352
2025-05-14 06:29:34,42.266,4.010,0,0,159.70,30557.67,32048.02,54,3343710,3759945,10247700480,36250468352
2025-05-14 06:29:34,42.341,3.856,0,0,159.70,30557.67,32048.02,54,3343911,3760146,10247700480,36250468352
2025-05-14 06:29:34,42.422,3.898,0,0,159.70,30557.67,32048.02,54,3344111,3760346,10247700480,36250468352
2025-05-14 06:29:34,43.206,3.993,0,0,149.80,30557.67,32048.02,54,3344313,3760548,10247700480,36250468352
2025-05-14 06:29:35,42.059,3.855,0,0,159.70,30557.67,32048.02,54,3344514,3760749,10247700480,36250468352
2025-05-14 06:29:35,42.437,4.044,0,0,259.50,30557.67,32048.02,54,3344715,3760950,10247700480,36250468352
2025-05-14 06:29:35,43.374,4.016,0,0,139.80,30557.67,32048.02,54,3344916,3761151,10247700480,36250468352
2025-05-14 06:29:35,40.333,3.870,0,0,49.90,30557.67,32048.02,54,3345118,3761353,10247700480,36250468352
2025-05-14 06:29:35,43.483,3.902,0,0,89.80,30557.67,32048.02,54,3345319,3761554,10247700480,36250468352
2025-05-14 06:29:36,40.062,3.859,0,0,69.90,30557.67,32048.02,54,3345520,3761755,10247700480,36250468352
2025-05-14 06:29:36,41.923,3.889,0,0,49.90,30557.67,32048.02,54,3345721,3761956,10247700480,36250468352
2025-05-14 06:29:36,42.399,3.810,0,0,59.90,30557.67,32048.02,54,3345923,3762158,10247700480,36250468352
2025-05-14 06:29:36,40.153,3.706,0,0,59.90,30557.67,32048.02,54,3346123,3762358,10247700480,36250468352
2025-05-14 06:29:36,44.265,3.756,0,0,59.90,30557.67,32048.02,54,3346325,3762560,10247700480,36250468352
2025-05-14 06:29:37,41.554,3.751,0,0,49.90,30557.67,32048.02,54,3346526,3762761,10247700480,36250468352
2025-05-14 06:29:37,39.245,3.769,0,0,59.90,30557.67,32048.02,54,3346727,3762962,10247700480,36250468352
2025-05-14 06:29:37,41.235,3.772,0,0,49.90,30557.67,32048.02,54,3346928,3763163,10247700480,36250468352
2025-05-14 06:29:37,39.554,3.723,0,0,59.90,30557.67,32048.02,54,3347130,3763365,10247700480,36250468352
2025-05-14 06:29:37,42.254,3.765,0,0,149.70,30557.69,32048.02,54,3347434,3763702,10247700480,36251852800
2025-05-14 06:29:38,39.971,3.890,0,1392640,69.90,30557.69,32048.02,54,3347638,3763907,10247700480,36251860992
2025-05-14 06:29:38,41.768,4.174,0,0,69.90,30557.69,32048.02,54,3347840,3764109,10247700480,36251860992
2025-05-14 06:29:38,44.253,4.090,0,0,69.90,30557.69,32048.02,54,3348041,3764310,10247700480,36251860992
2025-05-14 06:29:38,39.482,3.888,0,0,79.90,30557.69,32048.02,54,3348241,3764510,10247700480,36251860992
2025-05-14 06:29:38,43.603,3.915,0,0,59.90,30557.69,32048.02,54,3348443,3764712,10247700480,36251860992
2025-05-14 06:29:39,44.571,3.874,0,0,49.90,30557.69,32048.02,54,3348652,3764924,10247700480,36251873280
2025-05-14 06:29:39,40.529,3.881,0,12288,49.90,30557.69,32048.02,54,3348853,3765125,10247700480,36251873280
2025-05-14 06:29:39,40.957,4.000,0,0,269.50,30557.69,32048.02,54,3349058,3765331,10247700480,36251881472
2025-05-14 06:29:39,44.634,4.439,0,73728,149.80,30557.69,32048.02,54,3349259,3765533,10247700480,36251947008
2025-05-14 06:29:39,46.348,4.120,0,0,159.70,30557.69,32048.02,54,3349446,3765720,10247700480,36251947008
2025-05-14 06:29:40,43.055,4.087,0,0,159.70,30557.69,32048.02,54,3349648,3765922,10247700480,36251947008
2025-05-14 06:29:40,42.399,3.899,0,0,159.70,30557.69,32048.02,54,3349852,3766127,10247700480,36251951104
2025-05-14 06:29:40,42.058,3.905,0,40960,169.70,30557.69,32048.02,54,3350074,3766357,10247700480,36251987968
2025-05-14 06:29:40,43.046,3.916,0,0,169.70,30557.69,32048.02,54,3350274,3766557,10247700480,36251987968
2025-05-14 06:29:40,44.819,4.123,0,0,169.70,30557.69,32048.02,54,3350475,3766758,10247700480,36251987968
2025-05-14 06:29:41,42.215,3.894,0,0,169.70,30557.69,32048.02,54,3350677,3766960,10247700480,36251987968
2025-05-14 06:29:41,42.523,3.944,0,0,169.60,30557.69,32048.02,54,3350878,3767161,10247700480,36251987968
2025-05-14 06:29:41,42.898,4.061,0,0,159.70,30557.69,32048.02,54,3351079,3767362,10247700480,36251987968
2025-05-14 06:29:41,42.298,3.854,0,0,159.70,30557.69,32048.02,54,3351279,3767562,10247700480,36251987968
2025-05-14 06:29:41,43.765,3.979,0,0,159.70,30557.69,32048.02,54,3351480,3767763,10247700480,36251987968
2025-05-14 06:29:42,41.872,3.817,0,0,169.70,30557.69,32048.02,54,3351681,3767964,10247700480,36251987968
2025-05-14 06:29:42,41.360,3.896,0,0,59.90,30557.69,32048.02,54,3351882,3768165,10247700480,36251987968
2025-05-14 06:29:42,39.153,3.801,0,0,59.90,30557.69,32048.02,54,3352089,3768375,10247700480,36252004352
2025-05-14 06:29:42,41.639,3.816,0,16384,79.90,30557.69,32048.02,54,3352288,3768574,10247700480,36252004352
2025-05-14 06:29:42,44.306,4.062,0,0,49.90,30557.69,32048.02,54,3352489,3768775,10247700480,36252004352
2025-05-14 06:29:43,41.876,3.847,0,0,59.90,30557.69,32048.02,54,3352690,3768976,10247700480,36252004352
2025-05-14 06:29:43,41.737,3.868,0,0,49.90,30557.69,32048.02,54,3352892,3769178,10247700480,36252004352
2025-05-14 06:29:43,39.619,3.802,0,0,59.90,30557.69,32048.02,54,3353093,3769379,10247700480,36252004352
2025-05-14 06:29:43,40.278,3.743,0,0,59.90,30557.69,32048.02,54,3353294,3769580,10247700480,36252004352
2025-05-14 06:29:43,46.426,3.842,0,0,49.90,30557.69,32048.02,54,3353495,3769781,10247700480,36252004352
2025-05-14 06:29:44,41.102,3.726,0,0,59.90,30557.69,32048.02,54,3353697,3769983,10247700480,36252004352
2025-05-14 06:29:44,40.308,3.707,0,12288,69.90,30557.69,32048.02,54,3353906,3770195,10247700480,36252016640
2025-05-14 06:29:44,40.633,3.856,0,1855488,59.90,30557.84,32048.02,54,3354218,3770558,10247700480,36253872128
2025-05-14 06:29:44,40.811,3.772,0,0,59.90,30557.84,32048.02,54,3354417,3770757,10247700480,36253872128
2025-05-14 06:29:44,42.655,3.783,0,0,59.90,30557.84,32048.02,54,3354619,3770959,10247700480,36253872128
2025-05-14 06:29:45,40.107,3.746,0,0,59.90,30557.84,32048.02,54,3354820,3771160,10247700480,36253872128
2025-05-14 06:29:45,41.176,3.762,0,0,59.90,30557.84,32048.02,54,3355021,3771361,10247700480,36253872128
2025-05-14 06:29:45,43.872,3.776,0,0,59.90,30557.84,32048.02,54,3355222,3771562,10247700480,36253872128
2025-05-14 06:29:45,39.561,3.809,0,0,59.90,30557.84,32048.02,54,3355423,3771763,10247700480,36253872128
2025-05-14 06:29:45,45.413,3.919,0,0,69.90,30557.84,32048.02,54,3355625,3771965,10247700480,36253872128
2025-05-14 06:29:46,41.910,3.820,0,0,49.90,30557.84,32048.02,54,3355826,3772166,10247700480,36253872128
2025-05-14 06:29:46,44.482,3.890,0,0,69.90,30557.84,32048.02,54,3356027,3772367,10247700480,36253872128
2025-05-14 06:29:46,40.306,3.808,0,0,109.80,30557.84,32048.02,54,3356226,3772566,10247700480,36253872128
2025-05-14 06:29:46,45.786,4.171,0,0,69.90,30557.84,32048.02,54,3356423,3772763,10247700480,36253872128
2025-05-14 06:29:46,47.524,4.034,0,0,49.90,30557.84,32048.02,54,3356623,3772963,10247700480,36253872128
2025-05-14 06:29:47,39.892,3.790,0,0,69.90,30557.84,32048.02,54,3356824,3773164,10247700480,36253872128
2025-05-14 06:29:47,39.455,3.835,0,0,69.90,30557.84,32048.02,54,3357028,3773368,10247700480,36253872128
2025-05-14 06:29:47,38.444,3.778,0,0,59.90,30557.84,32048.02,54,3357230,3773570,10247700480,36253872128
2025-05-14 06:29:47,38.934,3.821,0,0,49.90,30557.84,32048.02,54,3357430,3773771,10247700480,36253872128
2025-05-14 06:29:47,46.605,4.120,0,0,89.80,30557.80,32040.01,53,3357626,3773966,10247700480,36253872128
2025-05-14 06:29:48,47.790,4.369,0,0,149.70,30557.80,32040.01,53,3357827,3774167,10247700480,36253872128
2025-05-14 06:29:48,45.537,4.233,0,8192,159.70,30557.80,32040.01,53,3358034,3774376,10247700480,36253880320
2025-05-14 06:29:48,43.538,4.137,0,0,179.70,30557.80,32040.01,53,3358234,3774576,10247700480,36253880320
2025-05-14 06:29:48,43.204,4.098,0,0,159.70,30557.80,32040.01,53,3358434,3774776,10247700480,36253880320
2025-05-14 06:29:48,46.129,4.171,0,0,179.70,30557.80,32040.01,53,3358636,3774978,10247700480,36253880320
2025-05-14 06:29:49,42.602,3.980,0,0,159.90,30557.78,32032.01,52,3358837,3775179,10247700480,36253880320
2025-05-14 06:29:49,42.133,3.847,0,0,169.70,30557.78,32032.01,52,3359038,3775380,10247700480,36253880320
2025-05-14 06:29:49,42.030,3.976,0,4096,169.70,30557.78,32032.01,52,3359241,3775584,10247700480,36253884416
2025-05-14 06:29:49,44.220,3.925,0,0,159.70,30557.78,32032.01,52,3359442,3775785,10247700480,36253884416
2025-05-14 06:29:49,43.487,3.904,0,0,159.70,30557.78,32032.01,52,3359647,3775990,10247700480,36253884416
2025-05-14 06:29:50,42.547,3.988,0,0,159.70,30557.78,32032.01,52,3359848,3776191,10247700480,36253884416
2025-05-14 06:29:50,42.168,3.941,0,0,159.70,30557.78,32032.01,52,3360049,3776392,10247700480,36253884416
2025-05-14 06:29:50,44.161,4.114,0,0,179.70,30557.78,32032.01,52,3360250,3776593,10247700480,36253884416
2025-05-14 06:29:50,43.778,4.089,0,0,169.70,30557.78,32032.01,52,3360450,3776793,10247700480,36253884416
2025-05-14 06:29:50,42.678,4.024,0,0,39.90,30557.78,32032.01,52,3360655,3776998,10247700480,36253884416
2025-05-14 06:29:51,38.549,3.833,0,0,79.90,30557.78,32032.01,52,3360848,3777191,10247700480,36253884416
2025-05-14 06:29:51,41.726,3.900,0,0,59.90,30557.78,32032.01,52,3361047,3777390,10247700480,36253884416
2025-05-14 06:29:51,41.637,4.051,0,0,79.90,30557.78,32032.01,52,3361248,3777591,10247700480,36253884416
2025-05-14 06:29:51,41.181,3.864,0,0,59.90,30557.78,32032.01,52,3361447,3777790,10247700480,36253884416
2025-05-14 06:29:51,46.576,3.944,0,0,59.90,30557.78,32032.01,52,3361649,3777992,10247700480,36253884416
2025-05-14 06:29:52,40.759,3.737,0,0,59.90,30557.78,32032.01,52,3361850,3778193,10247700480,36253884416
2025-05-14 06:29:52,39.227,3.705,0,0,49.90,30557.78,32032.01,52,3362051,3778394,10247700480,36253884416
2025-05-14 06:29:52,39.741,3.763,0,0,49.90,30557.78,32032.01,52,3362252,3778595,10247700480,36253884416
2025-05-14 06:29:52,41.679,3.841,0,0,69.90,30557.78,32032.01,52,3362452,3778795,10247700480,36253884416
2025-05-14 06:29:52,43.761,3.871,0,0,59.90,30557.78,32032.01,52,3362654,3778997,10247700480,36253884416
2025-05-14 06:29:53,39.315,3.726,0,0,59.90,30557.78,32032.01,52,3362855,3779198,10247700480,36253884416
2025-05-14 06:29:53,38.127,3.748,0,0,109.80,30557.78,32032.01,52,3363129,3779514,10247700480,36255502336
2025-05-14 06:29:53,41.149,3.931,0,1683456,99.80,30557.78,32032.01,52,3363334,3779720,10247700480,36255567872
2025-05-14 06:29:53,44.233,4.356,0,0,69.90,30557.78,32032.01,52,3363533,3779919,10247700480,36255567872
2025-05-14 06:29:53,45.398,4.050,0,0,59.90,30557.78,32032.01,52,3363734,3780120,10247700480,36255567872
2025-05-14 06:29:54,39.990,3.750,0,0,89.80,30557.78,32032.01,52,3363935,3780321,10247700480,36255567872
2025-05-14 06:29:54,39.672,3.863,0,0,69.90,30557.69,32016.00,50,3364145,3780534,10247700480,36255580160
2025-05-14 06:29:54,41.875,3.787,0,12288,69.90,30557.69,32016.00,50,3364346,3780735,10247700480,36255580160
2025-05-14 06:29:54,40.903,3.849,0,0,109.80,30557.69,32016.00,50,3364542,3780931,10247700480,36255580160
2025-05-14 06:29:54,46.434,4.376,0,0,179.70,30557.69,32016.00,50,3364743,3781132,10247700480,36255580160
2025-05-14 06:29:55,45.778,4.223,0,0,159.70,30557.69,32016.00,50,3364944,3781333,10247700480,36255580160
2025-05-14 06:29:55,43.013,4.064,0,0,159.70,30557.69,32016.00,50,3365146,3781535,10247700480,36255580160
2025-05-14 06:29:55,43.095,3.984,0,0,169.70,30557.69,32016.00,50,3365347,3781736,10247700480,36255580160
2025-05-14 06:29:55,43.793,4.042,0,0,149.70,30557.69,32016.00,50,3365543,3781932,10247700480,36255580160
2025-05-14 06:29:55,44.441,3.994,0,0,169.70,30557.69,32016.00,50,3365744,3782133,10247700480,36255580160
2025-05-14 06:29:56,42.988,3.931,0,0,169.70,30557.69,32016.00,50,3365946,3782335,10247700480,36255580160
2025-05-14 06:29:56,43.941,3.993,0,0,169.70,30557.69,32016.00,50,3366147,3782536,10247700480,36255580160
2025-05-14 06:29:56,42.555,3.828,0,0,169.70,30557.69,32016.00,50,3366348,3782737,10247700480,36255580160
2025-05-14 06:29:56,43.285,4.052,0,0,169.70,30557.69,32016.00,50,3366548,3782937,10247700480,36255580160
2025-05-14 06:29:56,42.683,3.852,0,12288,159.70,30557.69,32016.00,50,3366757,3783150,10247700480,36255592448
2025-05-14 06:29:57,42.824,3.894,0,0,159.70,30557.69,32016.00,50,3366958,3783351,10247700480,36255592448
2025-05-14 06:29:57,42.709,3.958,0,0,169.80,30557.69,32016.00,50,3367159,3783552,10247700480,36255592448
2025-05-14 06:29:57,42.749,3.881,0,0,159.70,30557.69,32016.00,50,3367360,3783753,10247700480,36255592448
2025-05-14 06:29:57,43.038,3.906,0,0,69.90,30557.69,32016.00,50,3367561,3783954,10247700480,36255592448
2025-05-14 06:29:57,41.272,3.817,0,0,59.90,30557.69,32016.00,50,3367763,3784156,10247700480,36255592448
2025-05-14 06:29:58,40.416,3.829,0,0,69.90,30557.69,32016.00,50,3367964,3784357,10247700480,36255592448
2025-05-14 06:29:58,41.232,3.936,0,0,69.90,30557.69,32016.00,50,3368165,3784558,10247700480,36255592448
2025-05-14 06:29:58,40.500,3.853,0,0,79.90,30557.69,32016.00,50,3368366,3784759,10247700480,36255592448
2025-05-14 06:29:58,42.404,3.797,0,0,59.90,30557.69,32016.00,50,3368565,3784958,10247700480,36255592448
2025-05-14 06:29:58,45.298,3.800,0,0,59.90,30557.69,32016.00,50,3368766,3785159,10247700480,36255592448
2025-05-14 06:29:59,42.241,3.709,0,0,39.90,30557.69,32016.00,50,3368967,3785360,10247700480,36255592448
2025-05-14 06:29:59,41.216,3.733,0,0,59.90,30557.69,32016.00,50,3369168,3785561,10247700480,36255592448
2025-05-14 06:29:59,39.552,3.727,0,16384,59.90,30557.69,32016.00,50,3369377,3785773,10247700480,36255608832
2025-05-14 06:29:59,42.224,3.757,0,0,59.90,30557.69,32016.00,50,3369580,3785978,10247700480,36255625216
2025-05-14 06:29:59,41.516,3.866,0,1200128,50.00,30557.69,32016.00,50,3369810,3786222,10247700480,36256940032
2025-05-14 06:30:00,41.905,3.924,0,131072,99.90,30557.69,32016.00,50,3370016,3786427,10247700480,36256940032
2025-05-14 06:30:00,44.351,4.388,0,0,59.90,30557.69,32016.00,50,3370217,3786628,10247700480,36256940032
2025-05-14 06:30:00,42.435,3.837,0,0,69.90,30557.69,32016.00,50,3370417,3786828,10247700480,36256940032
2025-05-14 06:30:00,45.139,3.959,0,0,49.90,30557.69,32016.00,50,3370618,3787029,10247700480,36256940032
2025-05-14 06:30:01,44.150,3.850,0,12288,59.90,30557.69,32016.00,50,3370828,3787242,10247700480,36257083392
2025-05-14 06:30:01,44.040,4.042,0,131072,49.90,30557.69,32016.00,50,3371029,3787443,10247700480,36257083392
2025-05-14 06:30:01,41.676,3.792,0,1056768,219.60,30557.69,32016.00,50,3371257,3787683,10247700480,36258402304
2025-05-14 06:30:01,44.931,4.552,0,262144,159.70,30557.69,32016.00,50,3371455,3787881,10247700480,36258402304
2025-05-14 06:30:01,45.349,4.163,0,0,159.70,30557.69,32016.00,50,3371655,3788081,10247700480,36258402304
2025-05-14 06:30:02,44.224,4.098,0,0,159.70,30557.69,32016.00,50,3371856,3788282,10247700480,36258402304
2025-05-14 06:30:02,42.573,3.922,0,0,159.70,30557.69,32016.00,50,3372058,3788484,10247700480,36258402304
2025-05-14 06:30:02,42.894,3.907,0,0,159.70,30557.69,32016.00,50,3372259,3788685,10247700480,36258402304
2025-05-14 06:30:02,42.602,3.830,0,0,169.70,30557.69,32016.00,50,3372459,3788885,10247700480,36258402304
2025-05-14 06:30:02,44.824,4.056,0,0,169.70,30557.69,32016.00,50,3372658,3789084,10247700480,36258402304
2025-05-14 06:30:03,42.766,3.874,0,0,169.70,30557.69,32016.00,50,3372860,3789286,10247700480,36258402304
2025-05-14 06:30:03,42.580,3.931,0,0,169.70,30557.69,32016.00,50,3373061,3789487,10247700480,36258402304
2025-05-14 06:30:03,42.460,3.900,0,0,159.70,30557.69,32016.00,50,3373262,3789688,10247700480,36258402304
2025-05-14 06:30:03,42.569,3.890,0,0,159.70,30557.69,32016.00,50,3373463,3789889,10247700480,36258402304
2025-05-14 06:30:03,43.878,3.986,0,0,169.70,30557.69,32016.00,50,3373664,3790090,10247700480,36258402304
2025-05-14 06:30:04,43.071,4.031,0,0,159.70,30557.69,32016.00,50,3373865,3790291,10247700480,36258402304
2025-05-14 06:30:04,41.695,3.942,0,0,59.90,30557.69,32016.00,50,3374067,3790493,10247700480,36258402304
2025-05-14 06:30:04,41.244,3.781,0,0,59.90,30557.69,32016.00,50,3374268,3790694,10247700480,36258402304
2025-05-14 06:30:04,40.457,3.829,0,4096,69.90,30557.69,32016.00,50,3374470,3790897,10247700480,36258406400
2025-05-14 06:30:04,44.839,4.018,0,0,59.90,30557.69,32016.00,50,3374658,3791085,10247700480,36258406400
2025-05-14 06:30:05,43.499,3.875,0,0,59.90,30557.69,32016.00,50,3374859,3791286,10247700480,36258406400
2025-05-14 06:30:05,41.023,3.783,0,0,229.60,30557.69,32016.00,50,3375058,3791485,10247700480,36258406400
2025-05-14 06:30:05,42.428,3.906,0,0,49.90,30557.69,32016.00,50,3375259,3791686,10247700480,36258406400
2025-05-14 06:30:05,40.323,3.797,0,0,59.90,30557.69,32016.00,50,3375460,3791887,10247700480,36258406400
2025-05-14 06:30:05,43.346,3.825,0,0,59.90,30557.69,32016.00,50,3375655,3792082,10247700480,36258406400
2025-05-14 06:30:06,42.113,3.891,0,0,59.90,30557.69,32016.00,50,3375856,3792283,10247700480,36258406400
2025-05-14 06:30:06,39.217,3.728,0,0,59.90,30557.69,32016.00,50,3376057,3792484,10247700480,36258406400
2025-05-14 06:30:06,38.538,3.725,0,0,89.80,30557.69,32016.00,50,3376307,3792751,10247700480,36259790848
2025-05-14 06:30:06,41.066,3.818,0,1515520,79.90,30557.69,32016.00,50,3376509,3792954,10247700480,36259921920
2025-05-14 06:30:06,45.325,4.204,0,0,79.80,30557.69,32016.00,50,3376706,3793151,10247700480,36259921920
2025-05-14 06:30:07,44.794,4.036,0,0,69.90,30557.69,32016.00,50,3376907,3793352,10247700480,36259921920
2025-05-14 06:30:07,38.429,3.746,0,0,99.80,30557.69,32016.00,50,3377109,3793554,10247700480,36259921920
2025-05-14 06:30:07,38.658,3.853,0,0,49.90,30557.69,32016.00,50,3377310,3793755,10247700480,36259921920
2025-05-14 06:30:07,40.352,3.840,0,0,49.90,30557.69,32016.00,50,3377511,3793956,10247700480,36259921920
2025-05-14 06:30:07,41.144,3.840,0,0,89.80,30557.69,32016.00,50,3377712,3794157,10247700480,36259921920
2025-05-14 06:30:08,42.892,4.377,0,0,169.70,30557.69,32016.00,50,3377912,3794357,10247700480,36259921920
2025-05-14 06:30:08,44.263,4.342,0,0,159.70,30557.69,32016.00,50,3378113,3794558,10247700480,36259921920
2025-05-14 06:30:08,42.358,4.104,0,0,179.70,30557.69,32016.00,50,3378314,3794759,10247700480,36259921920
2025-05-14 06:30:08,42.464,4.072,0,0,189.60,30557.69,32016.00,50,3378515,3794960,10247700480,36259921920
2025-05-14 06:30:08,44.842,4.039,0,0,169.70,30557.69,32016.00,50,3378716,3795161,10247700480,36259921920
2025-05-14 06:30:09,42.731,3.965,0,0,159.70,30557.69,32016.00,50,3378917,3795362,10247700480,36259921920
2025-05-14 06:30:09,42.510,3.850,0,0,149.70,30557.69,32016.00,50,3379118,3795563,10247700480,36259921920
2025-05-14 06:30:09,42.770,3.977,0,0,169.70,30557.69,32016.00,50,3379319,3795764,10247700480,36259921920
2025-05-14 06:30:09,42.077,3.845,0,0,169.70,30557.69,32016.00,50,3379527,3795974,10247700480,36259930112
2025-05-14 06:30:09,44.430,3.976,0,8192,169.80,30557.69,32016.00,50,3379728,3796175,10247700480,36259930112
2025-05-14 06:30:10,43.162,4.007,0,0,169.70,30557.60,31999.99,48,3379929,3796376,10247700480,36259930112
2025-05-14 06:30:10,42.460,3.839,0,0,169.70,30557.60,31999.99,48,3380130,3796577,10247700480,36259930112
2025-05-14 06:30:10,43.114,3.964,0,0,159.70,30557.60,31999.99,48,3380335,3796782,10247700480,36259930112
2025-05-14 06:30:10,42.375,3.916,0,0,159.80,30557.60,31999.99,48,3380535,3796982,10247700480,36259930112
2025-05-14 06:30:10,42.387,4.001,0,0,49.90,30557.56,31991.99,47,3380737,3797184,10247700480,36259930112
2025-05-14 06:30:11,39.722,3.798,0,0,79.90,30557.56,31991.99,47,3380938,3797385,10247700480,36259930112
2025-05-14 06:30:11,40.532,3.846,0,0,69.90,30557.56,31991.99,47,3381139,3797586,10247700480,36259930112
2025-05-14 06:30:11,40.660,3.892,0,32768,59.90,30557.45,31967.98,44,3381342,3797790,10247700480,36259962880
2025-05-14 06:30:11,41.595,3.936,0,0,49.90,30557.45,31967.98,44,3381540,3797988,10247700480,36259962880
2025-05-14 06:30:11,46.315,4.032,0,0,69.90,30557.45,31967.98,44,3381739,3798187,10247700480,36259962880
2025-05-14 06:30:12,42.618,3.785,0,0,50.00,30557.45,31967.98,44,3381940,3798388,10247700480,36259962880
2025-05-14 06:30:12,39.652,3.754,0,0,49.90,30557.45,31967.98,44,3382141,3798589,10247700480,36259962880
2025-05-14 06:30:12,40.997,3.766,0,0,59.90,30557.45,31967.98,44,3382342,3798790,10247700480,36259962880
2025-05-14 06:30:12,40.006,3.762,0,0,49.90,30557.45,31967.98,44,3382542,3798990,10247700480,36259962880
2025-05-14 06:30:12,42.792,3.777,0,0,59.90,30557.45,31967.98,44,3382744,3799192,10247700480,36259962880
2025-05-14 06:30:13,38.805,3.673,0,0,99.80,30557.45,31967.98,44,3382977,3799437,10247700480,36260925440
2025-05-14 06:30:13,40.243,3.808,0,1445888,59.80,30557.45,31967.98,44,3383188,3799654,10247700480,36261408768
2025-05-14 06:30:13,42.335,4.160,0,0,69.90,30557.45,31967.98,44,3383387,3799853,10247700480,36261408768
2025-05-14 06:30:13,45.636,4.062,0,0,49.90,30557.45,31967.98,44,3383588,3800054,10247700480,36261408768
2025-05-14 06:30:13,43.919,3.925,0,0,99.80,30557.45,31967.98,44,3383789,3800255,10247700480,36261408768
2025-05-14 06:30:14,42.299,3.950,0,0,59.90,30557.45,31967.98,44,3383991,3800457,10247700480,36261408768
2025-05-14 06:30:14,39.098,3.776,0,0,59.90,30557.45,31967.98,44,3384192,3800658,10247700480,36261408768
2025-05-14 06:30:14,38.259,3.779,0,0,59.90,30557.45,31967.98,44,3384393,3800859,10247700480,36261408768
2025-05-14 06:30:14,41.587,4.077,0,0,179.70,30557.45,31967.98,44,3384591,3801057,10247700480,36261408768
2025-05-14 06:30:14,46.683,4.396,0,0,159.70,30557.45,31967.98,44,3384791,3801257,10247700480,36261408768
2025-05-14 06:30:15,42.601,3.981,0,0,169.70,30557.45,31967.98,44,3384993,3801459,10247700480,36261408768
2025-05-14 06:30:15,42.460,4.034,0,0,169.70,30557.45,31967.98,44,3385194,3801660,10247700480,36261408768
2025-05-14 06:30:15,41.840,3.971,0,0,149.70,30557.45,31967.98,44,3385395,3801861,10247700480,36261408768
2025-05-14 06:30:15,42.240,3.924,0,0,169.70,30557.45,31967.98,44,3385596,3802062,10247700480,36261408768
2025-05-14 06:30:15,45.261,4.041,0,0,159.70,30557.45,31967.98,44,3385797,3802263,10247700480,36261408768
2025-05-14 06:30:16,43.394,3.978,0,0,169.70,30557.45,31967.98,44,3385999,3802465,10247700480,36261408768
2025-05-14 06:30:16,43.475,3.875,0,0,179.70,30557.45,31967.98,44,3386200,3802666,10247700480,36261408768
2025-05-14 06:30:16,42.249,3.875,0,0,159.70,30557.16,31919.95,38,3386401,3802867,10247700480,36261408768
2025-05-14 06:30:16,42.464,3.919,0,0,169.70,30557.16,31919.95,38,3386601,3803067,10247700480,36261408768
2025-05-14 06:30:16,43.309,3.917,0,0,159.70,30557.16,31919.95,38,3386802,3803268,10247700480,36261408768
2025-05-14 06:30:17,42.573,3.917,0,0,159.70,30557.16,31919.95,38,3387004,3803470,10247700480,36261408768
2025-05-14 06:30:17,42.231,3.922,0,0,149.70,30557.16,31919.95,38,3387205,3803671,10247700480,36261408768
2025-05-14 06:30:17,40.274,3.804,0,0,49.90,30557.16,31919.95,38,3387406,3803872,10247700480,36261408768
2025-05-14 06:30:17,39.368,3.755,0,0,79.90,30557.16,31919.95,38,3387603,3804069,10247700480,36261408768
2025-05-14 06:30:17,45.331,3.953,0,0,59.90,30557.16,31919.95,38,3387805,3804271,10247700480,36261408768
2025-05-14 06:30:18,40.562,3.833,0,0,79.80,30557.16,31919.95,38,3388006,3804472,10247700480,36261408768
2025-05-14 06:30:18,41.588,3.868,0,0,49.90,30557.16,31919.95,38,3388207,3804673,10247700480,36261408768
2025-05-14 06:30:18,40.746,3.832,0,0,79.90,30557.16,31919.95,38,3388408,3804874,10247700480,36261408768
2025-05-14 06:30:18,38.465,3.785,0,0,59.90,30557.16,31919.95,38,3388608,3805074,10247700480,36261408768
2025-05-14 06:30:18,43.700,3.873,0,0,69.90,30557.16,31919.95,38,3388809,3805275,10247700480,36261408768
2025-05-14 06:30:19,39.497,3.762,0,0,49.90,30557.16,31919.95,38,3389011,3805477,10247700480,36261408768
2025-05-14 06:30:19,42.113,3.806,0,0,49.90,30557.16,31919.95,38,3389212,3805678,10247700480,36261408768
2025-05-14 06:30:19,38.838,3.673,0,0,49.90,30557.16,31919.95,38,3389413,3805879,10247700480,36261408768
2025-05-14 06:30:19,38.607,3.672,0,0,79.90,30557.16,31919.95,38,3389612,3806077,10247700480,36261408768
2025-05-14 06:30:19,43.928,3.862,0,1351680,69.90,30557.16,31919.95,38,3389855,3806345,10247700480,36262825984
2025-05-14 06:30:20,42.822,4.073,0,65536,79.80,30557.16,31919.95,38,3390056,3806546,10247700480,36262825984
2025-05-14 06:30:20,46.393,4.036,0,0,49.90,30557.16,31919.95,38,3390257,3806747,10247700480,36262825984
2025-05-14 06:30:20,40.420,3.822,0,0,139.80,30557.16,31919.95,38,3390458,3806948,10247700480,36262825984
2025-05-14 06:30:20,42.433,4.359,0,0,149.70,30557.16,31919.95,38,3390657,3807147,10247700480,36262825984
2025-05-14 06:30:20,45.626,4.904,0,0,89.90,30557.16,31919.95,38,3390858,3807348,10247700480,36262825984
2025-05-14 06:30:21,39.947,3.946,0,0,59.90,30557.16,31919.95,38,3391059,3807549,10247700480,36262825984
2025-05-14 06:30:21,43.527,4.132,0,0,199.60,30557.16,31919.95,38,3391258,3807748,10247700480,36262825984
2025-05-14 06:30:21,44.741,4.266,0,0,169.70,30557.16,31919.95,38,3391459,3807949,10247700480,36262825984
2025-05-14 06:30:21,43.160,4.039,0,0,149.70,30557.16,31919.95,38,3391660,3808150,10247700480,36262825984
2025-05-14 06:30:21,47.480,4.422,0,0,149.80,30557.16,31919.95,38,3391860,3808350,10247700480,36262825984
2025-05-14 06:30:22,43.845,3.843,0,0,159.70,30557.16,31919.95,38,3392061,3808551,10247700480,36262825984
2025-05-14 06:30:22,43.123,4.105,0,0,159.70,30557.16,31919.95,38,3392261,3808751,10247700480,36262825984
2025-05-14 06:30:22,42.422,3.881,0,0,159.70,30557.16,31919.95,38,3392462,3808952,10247700480,36262825984
2025-05-14 06:30:22,42.712,3.927,0,0,169.70,30557.16,31919.95,38,3392659,3809149,10247700480,36262825984
2025-05-14 06:30:22,43.404,3.915,0,0,159.70,30557.16,31919.95,38,3392860,3809350,10247700480,36262825984
2025-05-14 06:30:23,43.091,3.983,0,0,159.70,30557.16,31919.95,38,3393061,3809551,10247700480,36262825984
2025-05-14 06:30:23,42.625,3.872,0,0,149.70,30557.16,31919.95,38,3393262,3809752,10247700480,36262825984
2025-05-14 06:30:23,42.425,3.871,0,0,159.70,30557.16,31919.95,38,3393464,3809954,10247700480,36262825984
2025-05-14 06:30:23,44.300,3.964,0,0,179.60,30557.16,31919.95,38,3393664,3810155,10247700480,36262825984
2025-05-14 06:30:23,40.488,3.923,0,0,169.70,30557.16,31919.95,38,3393866,3810356,10247700480,36262825984
2025-05-14 06:30:24,42.122,3.964,0,0,69.90,30557.16,31919.95,38,3394067,3810557,10247700480,36262825984
2025-05-14 06:30:24,39.954,3.810,0,0,69.90,30557.16,31919.95,38,3394269,3810759,10247700480,36262825984
2025-05-14 06:30:24,39.970,3.799,0,0,99.80,30557.16,31919.95,38,3394470,3810960,10247700480,36262825984
2025-05-14 06:30:24,41.907,3.847,0,0,59.20,30557.16,31919.95,38,3394670,3811160,10247700480,36262825984
2025-05-14 06:30:24,46.962,3.953,0,0,59.90,30557.16,31919.95,38,3394871,3811361,10247700480,36262825984
2025-05-14 06:30:25,39.538,3.672,0,0,59.90,30557.16,31919.95,38,3395072,3811562,10247700480,36262825984
2025-05-14 06:30:25,39.679,3.814,0,0,49.90,30557.16,31919.95,38,3395273,3811763,10247700480,36262825984
2025-05-14 06:30:25,39.895,3.751,0,0,59.90,30557.16,31919.95,38,3395474,3811964,10247700480,36262825984
2025-05-14 06:30:25,41.043,3.793,0,0,59.90,30557.16,31919.95,38,3395675,3812165,10247700480,36262825984
2025-05-14 06:30:25,42.922,3.793,0,0,59.90,30557.16,31919.95,38,3395877,3812367,10247700480,36262825984
2025-05-14 06:30:26,39.419,3.686,0,0,59.90,30557.16,31919.95,38,3396078,3812568,10247700480,36262825984
2025-05-14 06:30:26,39.498,3.720,0,0,59.90,30557.16,31919.95,38,3396318,3812825,10247700480,36264312832
2025-05-14 06:30:26,40.321,3.777,0,2011136,119.80,30557.16,31919.95,38,3396520,3813032,10247700480,36264837120
2025-05-14 06:30:26,45.708,4.320,0,0,69.90,30557.16,31919.95,38,3396719,3813231,10247700480,36264837120
2025-05-14 06:30:26,44.156,3.920,0,0,39.90,30557.16,31919.95,38,3396920,3813432,10247700480,36264837120
2025-05-14 06:30:27,40.469,3.834,0,0,49.90,30557.16,31919.95,38,3397122,3813634,10247700480,36264837120
2025-05-14 06:30:27,38.070,3.710,0,0,99.80,30557.16,31919.95,38,3397416,3813960,10247700480,36266659840
2025-05-14 06:30:27,39.993,3.810,4096,2797568,79.90,30557.16,31919.95,38,3397856,3814484,10247704576,36267831296
2025-05-14 06:30:27,41.369,3.913,0,196608,139.80,30557.16,31919.95,38,3398056,3814684,10247704576,36267831296
2025-05-14 06:30:27,48.033,4.352,0,0,159.70,30557.16,31919.95,38,3398248,3814876,10247704576,36267831296
2025-05-14 06:30:28,46.033,4.066,0,0,159.70,30557.16,31919.95,38,3398450,3815078,10247704576,36267831296
2025-05-14 06:30:28,44.971,3.932,0,8192,169.70,30557.16,31919.95,38,3398657,3815287,10247704576,36267839488
2025-05-14 06:30:28,43.546,3.983,0,0,179.70,30557.16,31919.95,38,3398858,3815488,10247704576,36267839488
2025-05-14 06:30:28,44.021,4.012,0,0,179.70,30557.16,31919.95,38,3399052,3815682,10247704576,36267839488
2025-05-14 06:30:28,46.130,4.036,0,0,179.60,30557.16,31919.95,38,3399254,3815884,10247704576,36267839488
2025-05-14 06:30:29,42.487,3.863,0,0,169.70,30557.16,31919.95,38,3399455,3816085,10247704576,36267839488
2025-05-14 06:30:29,42.936,3.846,0,0,169.70,30557.16,31919.95,38,3399656,3816286,10247704576,36267839488
2025-05-14 06:30:29,42.553,3.834,0,0,159.70,30557.16,31919.95,38,3399857,3816487,10247704576,36267839488
2025-05-14 06:30:29,43.635,3.914,0,0,169.70,30557.16,31919.95,38,3400057,3816689,10247704576,36267851776
2025-05-14 06:30:29,43.303,3.909,0,12288,159.70,30557.16,31919.95,38,3400258,3816890,10247704576,36267851776
2025-05-14 06:30:30,42.396,3.875,0,0,169.70,30557.16,31919.95,38,3400459,3817091,10247704576,36267851776
2025-05-14 06:30:30,43.846,3.897,0,0,159.70,30557.16,31919.95,38,3400660,3817292,10247704576,36267851776
2025-05-14 06:30:30,42.300,3.774,0,0,99.80,30557.16,31919.95,38,3400861,3817493,10247704576,36267851776
2025-05-14 06:30:30,41.721,3.770,0,0,49.90,30557.16,31919.95,38,3401061,3817693,10247704576,36267851776
2025-05-14 06:30:30,39.454,3.794,0,0,69.90,30557.16,31919.95,38,3401266,3817898,10247704576,36267851776
2025-05-14 06:30:31,41.587,3.820,0,0,59.90,30557.16,31919.95,38,3401467,3818099,10247704576,36267851776
2025-05-14 06:30:31,40.646,3.798,0,0,59.90,30557.16,31919.95,38,3401668,3818300,10247704576,36267851776
2025-05-14 06:30:31,40.258,3.763,0,0,59.90,30557.16,31919.95,38,3401870,3818502,10247704576,36267851776
2025-05-14 06:30:31,41.871,3.759,0,0,49.90,30557.16,31919.95,38,3402064,3818696,10247704576,36267851776
2025-05-14 06:30:31,45.440,4.044,0,0,59.90,30557.16,31919.95,38,3402264,3818896,10247704576,36267851776
2025-05-14 06:30:32,40.869,3.727,0,0,39.90,30557.16,31919.95,38,3402465,3819097,10247704576,36267851776
2025-05-14 06:30:32,41.034,3.777,0,0,59.90,30557.16,31919.95,38,3402666,3819298,10247704576,36267851776
2025-05-14 06:30:32,41.211,3.767,0,0,59.90,30557.16,31919.95,38,3402868,3819500,10247704576,36267851776
2025-05-14 06:30:32,41.880,3.728,0,8192,59.90,30557.16,31919.95,38,3403072,3819706,10247704576,36267859968
2025-05-14 06:30:32,40.083,3.736,0,0,79.90,30557.16,31919.95,38,3403326,3819978,10247704576,36269690880
2025-05-14 06:30:33,39.830,3.807,0,1835008,139.70,30557.16,31919.95,38,3403531,3820186,10247704576,36269694976
2025-05-14 06:30:33,45.644,4.262,0,12288,69.90,30557.16,31919.95,38,3403737,3820393,10247704576,36269707264
2025-05-14 06:30:33,40.343,3.836,0,0,49.90,30557.16,31919.95,38,3403938,3820594,10247704576,36269707264
2025-05-14 06:30:33,42.502,4.005,0,0,49.90,30557.16,31919.95,38,3404138,3820794,10247704576,36269707264
2025-05-14 06:30:34,42.584,3.845,0,0,59.90,30557.16,31919.95,38,3404344,3821000,10247704576,36269707264
2025-05-14 06:30:34,39.762,3.778,0,0,69.90,30557.16,31919.95,38,3404545,3821201,10247704576,36269707264
2025-05-14 06:30:34,38.839,3.691,0,0,129.80,30557.16,31919.95,38,3404747,3821403,10247704576,36269707264
2025-05-14 06:30:34,43.783,4.229,0,0,159.70,30557.16,31919.95,38,3404943,3821599,10247704576,36269707264
2025-05-14 06:30:34,45.690,4.110,0,0,169.70,30557.16,31919.95,38,3405142,3821798,10247704576,36269707264
2025-05-14 06:30:35,44.291,4.093,0,0,169.70,30557.16,31919.95,38,3405343,3821999,10247704576,36269707264
2025-05-14 06:30:35,42.270,3.920,0,0,289.50,30557.16,31919.95,38,3405541,3822197,10247704576,36269707264
2025-05-14 06:30:35,45.499,4.317,0,0,169.70,30557.16,31919.95,38,3405743,3822399,10247704576,36269707264
2025-05-14 06:30:35,42.587,3.827,0,0,159.70,30557.16,31919.95,38,3405944,3822600,10247704576,36269707264
2025-05-14 06:30:35,44.832,3.985,0,0,159.70,30557.16,31919.95,38,3406140,3822796,10247704576,36269707264
2025-05-14 06:30:36,43.793,3.843,0,0,149.70,30557.16,31919.95,38,3406341,3822997,10247704576,36269707264
2025-05-14 06:30:36,42.659,3.793,0,0,169.70,30557.16,31919.95,38,3406543,3823199,10247704576,36269707264
2025-05-14 06:30:36,42.857,3.897,0,0,169.70,30557.16,31919.95,38,3406744,3823400,10247704576,36269707264
2025-05-14 06:30:36,42.409,3.835,0,0,159.70,30557.16,31919.95,38,3406944,3823600,10247704576,36269707264
2025-05-14 06:30:36,44.264,4.018,0,0,169.70,30557.16,31919.95,38,3407145,3823801,10247704576,36269707264
2025-05-14 06:30:37,42.502,3.834,0,0,139.80,30557.16,31919.95,38,3407346,3824002,10247704576,36269707264
2025-05-14 06:30:37,42.380,3.789,0,0,149.80,30557.16,31919.95,38,3407548,3824204,10247704576,36269707264
2025-05-14 06:30:37,41.744,3.882,0,0,59.90,30557.16,31919.95,38,3407749,3824405,10247704576,36269707264
2025-05-14 06:30:37,39.685,3.868,0,0,59.90,30557.16,31919.95,38,3407950,3824606,10247704576,36269707264
2025-05-14 06:30:37,44.225,3.816,0,0,79.90,30557.16,31919.95,38,3408152,3824808,10247704576,36269707264
2025-05-14 06:30:38,42.065,3.894,0,0,59.90,30557.16,31919.95,38,3408354,3825010,10247704576,36269707264
2025-05-14 06:30:38,41.405,3.803,0,0,59.90,30557.16,31919.95,38,3408557,3825214,10247704576,36269711360
2025-05-14 06:30:38,40.211,3.707,0,4096,79.90,30557.16,31919.95,38,3408758,3825415,10247704576,36269711360
2025-05-14 06:30:38,39.554,3.768,0,0,89.80,30557.16,31919.95,38,3408958,3825615,10247704576,36269711360
2025-05-14 06:30:38,44.299,3.891,0,0,59.90,30557.16,31919.95,38,3409158,3825815,10247704576,36269711360
2025-05-14 06:30:39,42.098,3.838,0,0,59.90,30557.16,31919.95,38,3409359,3826016,10247704576,36269711360
2025-05-14 06:30:39,40.746,3.737,0,0,59.90,30557.16,31919.95,38,3409561,3826218,10247704576,36269711360
2025-05-14 06:30:39,38.339,3.674,0,0,59.90,30557.16,31919.95,38,3409762,3826419,10247704576,36269711360
2025-05-14 06:30:39,39.133,3.720,0,0,59.90,30557.16,31919.95,38,3410022,3826702,10247704576,36271120384
2025-05-14 06:30:39,42.615,3.783,0,1409024,79.90,30557.16,31919.95,38,3410224,3826904,10247704576,36271120384
2025-05-14 06:30:40,44.608,4.551,0,0,149.70,30557.16,31919.95,38,3410423,3827103,10247704576,36271120384
2025-05-14 06:30:40,45.931,4.672,0,0,139.70,30557.16,31919.95,38,3410633,3827313,10247704576,36271120384
2025-05-14 06:30:40,42.022,4.209,0,0,89.90,30557.16,31919.95,38,3410835,3827515,10247704576,36271120384
2025-05-14 06:30:40,37.580,3.772,0,0,69.90,30557.16,31919.95,38,3411035,3827715,10247704576,36271120384
2025-05-14 06:30:40,43.667,3.751,0,0,59.90,30557.16,31919.95,38,3411235,3827915,10247704576,36271120384
2025-05-14 06:30:41,44.886,3.787,0,0,59.90,30557.16,31919.95,38,3411436,3828116,10247704576,36271120384
2025-05-14 06:30:41,46.100,3.955,0,0,209.60,30557.16,31919.95,38,3411631,3828311,10247704576,36271120384
2025-05-14 06:30:41,45.958,4.304,0,0,179.60,30557.16,31919.95,38,3411831,3828511,10247704576,36271120384
2025-05-14 06:30:41,44.768,3.976,0,0,159.70,30557.16,31919.95,38,3412032,3828712,10247704576,36271120384
2025-05-14 06:30:41,45.319,4.015,0,0,159.80,30557.16,31919.95,38,3412234,3828914,10247704576,36271120384
2025-05-14 06:30:42,43.107,3.985,0,0,169.70,30557.16,31919.95,38,3412435,3829115,10247704576,36271120384
2025-05-14 06:30:42,42.418,3.919,0,0,159.70,30557.16,31919.95,38,3412636,3829316,10247704576,36271120384
2025-05-14 06:30:42,42.598,3.759,0,0,149.70,30557.16,31919.95,38,3412837,3829517,10247704576,36271120384
2025-05-14 06:30:42,42.928,3.869,0,0,159.70,30557.16,31919.95,38,3413038,3829718,10247704576,36271120384
2025-05-14 06:30:42,44.092,3.930,0,0,159.60,30557.16,31919.95,38,3413238,3829918,10247704576,36271120384
2025-05-14 06:30:43,42.051,3.815,0,0,149.70,30557.16,31919.95,38,3413439,3830119,10247704576,36271120384
2025-05-14 06:30:43,42.514,3.851,0,0,139.80,30557.16,31919.95,38,3413638,3830318,10247704576,36271120384
2025-05-14 06:30:43,42.467,3.862,0,12288,169.70,30557.16,31919.95,38,3413848,3830531,10247704576,36271132672
2025-05-14 06:30:43,42.073,3.902,0,0,169.80,30557.16,31919.95,38,3414049,3830732,10247704576,36271132672
2025-05-14 06:30:43,44.018,3.948,0,0,159.70,30557.16,31919.95,38,3414250,3830933,10247704576,36271132672
2025-05-14 06:30:44,43.315,4.097,0,0,109.80,30557.16,31919.95,38,3414451,3831134,10247704576,36271132672
2025-05-14 06:30:44,39.552,3.890,0,0,89.80,30557.16,31919.95,38,3414653,3831336,10247704576,36271132672
2025-05-14 06:30:44,39.897,3.806,0,0,59.90,30557.16,31919.95,38,3414860,3831548,10247704576,36271153152
2025-05-14 06:30:44,39.152,3.760,0,20480,89.80,30557.16,31919.95,38,3415060,3831748,10247704576,36271153152
2025-05-14 06:30:44,45.887,3.900,0,0,49.90,30557.16,31919.95,38,3415261,3831949,10247704576,36271153152
2025-05-14 06:30:45,41.317,3.813,0,0,49.90,30557.16,31919.95,38,3415462,3832150,10247704576,36271153152
2025-05-14 06:30:45,39.813,3.707,0,0,59.90,30557.16,31919.95,38,3415663,3832351,10247704576,36271153152
2025-05-14 06:30:45,40.308,3.754,0,0,49.90,30557.16,31919.95,38,3415864,3832552,10247704576,36271153152
2025-05-14 06:30:45,38.828,3.770,0,0,59.90,30557.16,31919.95,38,3416066,3832754,10247704576,36271153152
2025-05-14 06:30:45,43.569,3.835,0,0,59.90,30557.16,31919.95,38,3416267,3832955,10247704576,36271153152
2025-05-14 06:30:46,40.275,3.782,0,0,49.90,30557.16,31919.95,38,3416471,3833159,10247704576,36271153152
2025-05-14 06:30:46,38.130,3.762,0,0,89.80,30557.16,31919.95,38,3416676,3833363,10247704576,36271153152
2025-05-14 06:30:46,40.862,3.942,0,1622016,89.90,30557.16,31919.95,38,3416904,3833629,10247704576,36272775168
2025-05-14 06:30:46,43.450,4.272,0,0,69.90,30557.16,31919.95,38,3417104,3833829,10247704576,36272775168
2025-05-14 06:30:46,47.295,3.999,0,0,39.90,30557.16,31919.95,38,3417299,3834024,10247704576,36272775168
2025-05-14 06:30:47,42.238,3.820,0,0,69.90,30557.16,31919.95,38,3417500,3834225,10247704576,36272775168
2025-05-14 06:30:47,41.254,4.000,0,0,59.90,30557.16,31919.95,38,3417701,3834426,10247704576,36272775168
2025-05-14 06:30:47,38.322,3.793,0,0,59.90,30557.16,31919.95,38,3417902,3834627,10247704576,36272775168
2025-05-14 06:30:47,39.855,3.807,0,0,49.90,30557.16,31919.95,38,3418103,3834828,10247704576,36272775168
2025-05-14 06:30:47,44.777,3.890,0,0,139.80,30557.16,31919.95,38,3418295,3835020,10247704576,36272775168
2025-05-14 06:30:48,46.765,4.453,0,0,169.70,30557.16,31919.95,38,3418492,3835217,10247704576,36272775168
2025-05-14 06:30:48,43.394,4.156,0,0,169.70,30557.16,31919.95,38,3418693,3835418,10247704576,36272775168
2025-05-14 06:30:48,43.268,4.065,0,0,179.70,30557.16,31919.95,38,3418904,3835632,10247704576,36272787456
2025-05-14 06:30:48,42.630,3.957,0,12288,189.80,30557.16,31919.95,38,3419103,3835831,10247704576,36272787456
2025-05-14 06:30:48,45.881,4.152,0,0,169.70,30557.16,31919.95,38,3419301,3836029,10247704576,36272787456
2025-05-14 06:30:49,45.067,3.976,0,0,169.70,30557.16,31919.95,38,3419503,3836231,10247704576,36272787456
2025-05-14 06:30:49,42.484,3.871,0,0,159.70,30557.16,31919.95,38,3419704,3836432,10247704576,36272787456
2025-05-14 06:30:49,42.876,3.900,0,0,159.70,30557.16,31919.95,38,3419905,3836633,10247704576,36272787456
2025-05-14 06:30:49,42.216,3.851,0,0,159.70,30557.16,31919.95,38,3420106,3836834,10247704576,36272787456
2025-05-14 06:30:49,43.155,3.947,0,0,169.70,30557.16,31919.95,38,3420307,3837035,10247704576,36272787456
2025-05-14 06:30:50,42.580,3.856,0,0,169.70,30557.16,31919.95,38,3420509,3837237,10247704576,36272787456
2025-05-14 06:30:50,42.525,3.892,0,0,169.70,30557.16,31919.95,38,3420710,3837438,10247704576,36272787456
2025-05-14 06:30:50,42.699,3.954,0,0,169.70,30557.16,31919.95,38,3420915,3837643,10247704576,36272787456
2025-05-14 06:30:50,42.936,3.955,0,0,139.80,30557.16,31919.95,38,3421110,3837838,10247704576,36272787456
2025-05-14 06:30:50,44.354,4.048,0,0,49.90,30557.16,31919.95,38,3421311,3838039,10247704576,36272787456
2025-05-14 06:30:51,39.497,3.827,0,0,49.90,30557.16,31919.95,38,3421513,3838241,10247704576,36272787456
2025-05-14 06:30:51,39.739,3.722,0,0,69.90,30557.16,31919.95,38,3421714,3838442,10247704576,36272787456
2025-05-14 06:30:51,40.985,3.836,0,0,59.90,30557.16,31919.95,38,3421915,3838643,10247704576,36272787456
2025-05-14 06:30:51,41.227,3.760,0,0,59.90,30557.16,31919.95,38,3422116,3838844,10247704576,36272787456
2025-05-14 06:30:51,45.693,3.787,0,0,59.90,30557.16,31919.95,38,3422317,3839045,10247704576,36272787456
2025-05-14 06:30:52,39.971,3.797,0,0,49.90,30557.16,31919.95,38,3422517,3839245,10247704576,36272787456
2025-05-14 06:30:52,41.154,3.901,0,0,59.90,30557.16,31919.95,38,3422718,3839446,10247704576,36272787456
2025-05-14 06:30:52,39.851,3.694,0,0,59.90,30557.16,31919.95,38,3422919,3839647,10247704576,36272787456
2025-05-14 06:30:52,39.604,3.701,0,0,49.90,30557.16,31919.95,38,3423119,3839847,10247704576,36272787456
2025-05-14 06:30:52,42.955,3.733,0,0,49.90,30557.16,31919.95,38,3423321,3840049,10247704576,36272787456
2025-05-14 06:30:53,39.988,3.696,0,0,59.90,30557.16,31919.95,38,3423581,3840328,10247704576,36274663424
2025-05-14 06:30:53,39.997,3.747,0,1875968,159.70,30557.16,31919.95,38,3423780,3840527,10247704576,36274663424
2025-05-14 06:30:53,45.803,4.606,0,0,159.70,30557.16,31919.95,38,3423981,3840728,10247704576,36274663424
2025-05-14 06:30:53,46.523,4.819,0,0,59.90,30557.16,31919.95,38,3424183,3840930,10247704576,36274663424
2025-05-14 06:30:53,43.844,3.944,0,0,79.90,30557.16,31919.95,38,3424382,3841129,10247704576,36274663424
2025-05-14 06:30:54,40.223,3.865,0,0,59.90,30557.16,31919.95,38,3424583,3841330,10247704576,36274663424
2025-05-14 06:30:54,39.548,3.766,0,0,49.90,30557.16,31919.95,38,3424783,3841530,10247704576,36274663424
2025-05-14 06:30:54,39.716,3.755,0,0,129.80,30557.16,31919.95,38,3424985,3841732,10247704576,36274663424
2025-05-14 06:30:54,44.293,4.274,0,0,159.70,30557.16,31919.95,38,3425185,3841932,10247704576,36274663424
2025-05-14 06:30:54,46.924,4.216,0,0,159.70,30557.16,31919.95,38,3425386,3842133,10247704576,36274663424
2025-05-14 06:30:55,43.243,4.061,0,0,169.70,30557.16,31919.95,38,3425587,3842334,10247704576,36274663424
2025-05-14 06:30:55,42.522,3.956,0,0,159.70,30557.16,31919.95,38,3425789,3842536,10247704576,36274663424
2025-05-14 06:30:55,42.971,3.965,0,0,169.70,30557.16,31919.95,38,3425990,3842737,10247704576,36274663424
2025-05-14 06:30:55,43.054,3.850,0,0,159.70,30557.16,31919.95,38,3426191,3842938,10247704576,36274663424
2025-05-14 06:30:55,44.167,3.948,0,0,159.70,30557.16,31919.95,38,3426392,3843139,10247704576,36274663424
2025-05-14 06:30:56,42.667,3.917,0,0,159.70,30557.16,31919.95,38,3426593,3843340,10247704576,36274663424
2025-05-14 06:30:56,42.153,3.836,0,0,149.80,30557.16,31919.95,38,3426795,3843542,10247704576,36274663424
2025-05-14 06:30:56,42.450,3.869,0,0,159.70,30557.16,31919.95,38,3426996,3843743,10247704576,36274663424
2025-05-14 06:30:56,42.449,3.871,0,0,169.70,30557.16,31919.95,38,3427196,3843943,10247704576,36274663424
2025-05-14 06:30:56,43.214,3.912,0,0,169.70,30557.16,31919.95,38,3427397,3844144,10247704576,36274663424
2025-05-14 06:30:57,43.017,3.893,0,0,159.70,30557.16,31919.95,38,3427598,3844345,10247704576,36274663424
2025-05-14 06:30:57,42.230,3.902,0,0,49.90,30557.16,31919.95,38,3427800,3844547,10247704576,36274663424
2025-05-14 06:30:57,38.649,3.773,0,0,59.90,30557.16,31919.95,38,3428001,3844748,10247704576,36274663424
2025-05-14 06:30:57,39.334,3.727,0,0,69.90,30557.16,31919.95,38,3428197,3844944,10247704576,36274663424
2025-05-14 06:30:57,43.931,3.896,0,0,69.90,30557.16,31919.95,38,3428399,3845146,10247704576,36274663424
2025-05-14 06:30:58,39.679,3.856,0,0,59.90,30557.16,31919.95,38,3428600,3845347,10247704576,36274663424
2025-05-14 06:30:58,40.379,3.780,0,0,69.60,30557.16,31919.95,38,3428801,3845548,10247704576,36274663424
2025-05-14 06:30:58,40.617,3.775,0,0,89.90,30557.16,31919.95,38,3429002,3845749,10247704576,36274663424
2025-05-14 06:30:58,41.536,3.859,0,0,49.90,30557.16,31919.95,38,3429193,3845940,10247704576,36274663424
2025-05-14 06:30:58,42.519,3.850,0,0,69.90,30557.16,31919.95,38,3429394,3846141,10247704576,36274663424
2025-05-14 06:30:59,40.318,3.827,0,0,59.90,30557.16,31919.95,38,3429595,3846342,10247704576,36274663424
2025-05-14 06:30:59,39.546,3.753,0,0,59.90,30557.16,31919.95,38,3429796,3846543,10247704576,36274663424
2025-05-14 06:30:59,38.801,3.770,0,0,59.90,30557.16,31919.95,38,3430054,3846824,10247704576,36276527104
2025-05-14 06:30:59,41.576,3.794,0,1863680,99.80,30557.16,31919.95,38,3430253,3847023,10247704576,36276527104
2025-05-14 06:30:59,44.459,4.209,0,0,69.90,30557.16,31919.95,38,3430454,3847224,10247704576,36276527104
2025-05-14 06:31:00,40.930,3.905,0,0,49.90,30557.16,31919.95,38,3430657,3847427,10247704576,36276527104
2025-05-14 06:31:00,41.662,3.922,0,0,59.90,30557.16,31919.95,38,3430859,3847629,10247704576,36276527104
2025-05-14 06:31:00,38.054,3.724,0,73728,59.90,30557.16,31919.95,38,3431069,3847842,10247704576,36276600832
2025-05-14 06:31:00,43.142,3.873,0,0,49.90,30557.16,31919.95,38,3431266,3848039,10247704576,36276600832
2025-05-14 06:31:00,45.963,3.962,0,0,49.90,30557.16,31919.95,38,3431471,3848244,10247704576,36276600832
2025-05-14 06:31:01,43.650,4.030,0,2613248,249.60,30557.16,31919.95,38,3431726,3848554,10247704576,36279218176
2025-05-14 06:31:01,45.709,4.722,0,4096,159.70,30557.16,31919.95,38,3431928,3848756,10247704576,36279218176
2025-05-14 06:31:01,42.635,3.971,0,0,159.70,30557.16,31919.95,38,3432129,3848957,10247704576,36279218176
2025-05-14 06:31:01,43.397,3.995,0,0,159.70,30557.16,31919.95,38,3432330,3849158,10247704576,36279218176
2025-05-14 06:31:01,44.324,3.933,0,0,159.70,30557.16,31919.95,38,3432531,3849359,10247704576,36279218176
2025-05-14 06:31:02,42.534,3.956,0,20480,179.70,30557.16,31919.95,38,3432739,3849569,10247704576,36279369728
2025-05-14 06:31:02,42.681,3.899,0,131072,159.70,30557.16,31919.95,38,3432940,3849770,10247704576,36279369728
2025-05-14 06:31:02,42.792,3.907,0,0,159.70,30557.16,31919.95,38,3433141,3849971,10247704576,36279369728
2025-05-14 06:31:02,43.547,3.979,0,0,169.70,30557.16,31919.95,38,3433347,3850179,10247704576,36279377920
2025-05-14 06:31:02,42.197,3.959,0,8192,159.70,30557.16,31919.95,38,3433549,3850381,10247704576,36279377920
2025-05-14 06:31:03,42.735,3.869,0,0,159.70,30557.16,31919.95,38,3433750,3850582,10247704576,36279377920
2025-05-14 06:31:03,42.675,3.813,0,0,159.80,30557.16,31919.95,38,3433951,3850783,10247704576,36279377920
2025-05-14 06:31:03,42.418,3.925,0,0,169.70,30557.16,31919.95,38,3434152,3850984,10247704576,36279377920
2025-05-14 06:31:03,43.680,3.890,0,0,169.70,30557.16,31919.95,38,3434353,3851185,10247704576,36279377920
2025-05-14 06:31:03,42.432,3.973,0,0,59.90,30557.16,31919.95,38,3434554,3851386,10247704576,36279377920
2025-05-14 06:31:04,39.475,3.767,0,0,79.90,30557.16,31919.95,38,3434756,3851588,10247704576,36279377920
2025-05-14 06:31:04,40.192,3.774,0,0,69.90,30557.16,31919.95,38,3434957,3851789,10247704576,36279377920
2025-05-14 06:31:04,40.648,3.806,0,0,49.90,30557.16,31919.95,38,3435158,3851990,10247704576,36279377920
2025-05-14 06:31:04,43.403,3.811,0,0,59.90,30557.16,31919.95,38,3435356,3852188,10247704576,36279377920
2025-05-14 06:31:04,44.586,3.817,0,0,49.90,30557.16,31919.95,38,3435557,3852390,10247704576,36279377920
2025-05-14 06:31:05,40.393,3.756,0,0,89.80,30557.16,31919.95,38,3435759,3852591,10247704576,36279377920
2025-05-14 06:31:05,42.361,3.923,0,2236416,69.90,30557.16,31919.95,38,3435980,3852828,10247704576,36281614336
2025-05-14 06:31:05,41.086,3.792,0,0,69.90,30557.16,31919.95,38,3436181,3853029,10247704576,36281614336
2025-05-14 06:31:05,42.534,3.767,0,0,39.90,30557.16,31919.95,38,3436376,3853224,10247704576,36281614336
2025-05-14 06:31:06,42.909,3.728,0,0,69.90,30557.16,31919.95,38,3436577,3853425,10247704576,36281614336
2025-05-14 06:31:06,40.419,3.832,0,1388544,59.90,30557.16,31919.95,38,3436833,3853713,10247704576,36283002880
2025-05-14 06:31:06,39.695,3.690,0,0,69.90,30557.16,31919.95,38,3437034,3853914,10247704576,36283002880
2025-05-14 06:31:06,39.088,3.732,0,0,59.90,30557.16,31919.95,38,3437234,3854115,10247704576,36283002880
2025-05-14 06:31:06,40.276,3.748,0,0,59.90,30557.16,31919.95,38,3437436,3854316,10247704576,36283002880
2025-05-14 06:31:07,40.736,3.779,0,0,59.90,30557.16,31919.95,38,3437637,3854517,10247704576,36283002880
2025-05-14 06:31:07,40.862,3.794,0,0,60.00,30557.16,31919.95,38,3437838,3854718,10247704576,36283002880
2025-05-14 06:31:07,40.216,3.650,0,12288,49.90,30557.16,31919.95,38,3438047,3854930,10247704576,36283015168
2025-05-14 06:31:07,39.441,3.723,0,0,49.90,30557.16,31919.95,38,3438248,3855131,10247704576,36283015168
2025-05-14 06:31:07,40.245,3.722,0,0,49.90,30557.16,31919.95,38,3438450,3855333,10247704576,36283015168
2025-05-14 06:31:08,41.870,3.768,0,0,59.90,30557.16,31919.95,38,3438650,3855533,10247704576,36283015168
2025-05-14 06:31:08,46.495,3.730,0,0,59.90,30557.16,31919.95,38,3438855,3855738,10247704576,36283015168
2025-05-14 06:31:08,43.212,3.661,0,0,59.90,30557.16,31919.95,38,3439057,3855940,10247704576,36283015168
2025-05-14 06:31:08,39.709,3.693,0,0,69.90,30557.16,31919.95,38,3439257,3856140,10247704576,36283015168
2025-05-14 06:31:08,42.818,3.750,0,0,49.90,30557.16,31919.95,38,3439458,3856341,10247704576,36283015168
2025-05-14 06:31:09,43.244,3.817,0,0,49.90,30557.16,31919.95,38,3439655,3856538,10247704576,36283015168
2025-05-14 06:31:09,45.515,3.880,0,0,79.90,30557.16,31919.95,38,3439855,3856738,10247704576,36283015168
2025-05-14 06:31:09,41.688,3.791,0,0,99.80,30557.16,31919.95,38,3440056,3856939,10247704576,36283015168
2025-05-14 06:31:09,45.703,4.604,0,0,159.70,30557.16,31919.95,38,3440258,3857141,10247704576,36283015168
2025-05-14 06:31:09,47.957,5.001,0,0,69.90,30557.16,31919.95,38,3440453,3857336,10247704576,36283015168
2025-05-14 06:31:10,42.396,3.963,0,0,49.90,30557.16,31919.95,38,3440655,3857538,10247704576,36283015168
2025-05-14 06:31:10,40.154,3.840,0,0,99.80,30557.16,31919.95,38,3440860,3857743,10247704576,36283015168
2025-05-14 06:31:10,38.879,3.737,0,0,89.90,30557.16,31919.95,38,3441061,3857944,10247704576,36283015168
2025-05-14 06:31:10,38.192,3.712,0,0,59.90,30557.16,31919.95,38,3441260,3858143,10247704576,36283015168
2025-05-14 06:31:10,43.842,3.953,0,28672,79.90,30557.16,31919.95,38,3441457,3858342,10247704576,36283043840
2025-05-14 06:31:11,47.967,4.387,0,0,169.80,30557.16,31919.95,38,3441661,3858546,10247704576,36283043840
2025-05-14 06:31:11,44.836,4.113,0,0,159.70,30557.16,31919.95,38,3441862,3858747,10247704576,36283043840
2025-05-14 06:31:11,43.317,4.181,0,0,169.70,30557.16,31919.95,38,3442063,3858948,10247704576,36283043840
2025-05-14 06:31:11,42.643,3.820,0,0,179.70,30557.16,31919.95,38,3442265,3859150,10247704576,36283043840
2025-05-14 06:31:11,43.252,4.028,0,0,159.70,30557.16,31919.95,38,3442466,3859351,10247704576,36283043840
2025-05-14 06:31:12,43.211,3.886,0,0,159.70,30557.16,31919.95,38,3442667,3859552,10247704576,36283043840
2025-05-14 06:31:12,43.034,3.929,0,0,169.70,30557.16,31919.95,38,3442868,3859753,10247704576,36283043840
2025-05-14 06:31:12,42.798,3.858,0,0,159.70,30557.16,31919.95,38,3443070,3859955,10247704576,36283043840
2025-05-14 06:31:12,42.701,3.861,0,0,169.70,30557.16,31919.95,38,3443270,3860155,10247704576,36283043840
2025-05-14 06:31:12,43.587,3.963,0,0,169.70,30557.16,31919.95,38,3443471,3860356,10247704576,36283043840
2025-05-14 06:31:13,43.061,3.846,0,0,159.70,30557.16,31919.95,38,3443672,3860557,10247704576,36283043840
2025-05-14 06:31:13,42.928,3.931,0,0,159.70,30557.16,31919.95,38,3443871,3860756,10247704576,36283043840
2025-05-14 06:31:13,45.578,4.118,0,0,159.70,30557.16,31919.95,38,3444073,3860958,10247704576,36283043840
2025-05-14 06:31:13,44.079,3.970,0,0,139.80,30557.16,31919.95,38,3444274,3861159,10247704576,36283043840
2025-05-14 06:31:13,43.348,3.991,0,0,59.90,30557.16,31919.95,38,3444474,3861359,10247704576,36283043840
2025-05-14 06:31:14,39.146,3.744,0,0,69.90,30557.16,31919.95,38,3444676,3861561,10247704576,36283043840
2025-05-14 06:31:14,44.339,3.808,0,0,69.90,30557.16,31919.95,38,3444877,3861762,10247704576,36283043840
2025-05-14 06:31:14,42.092,3.792,0,0,99.80,30557.16,31919.95,38,3445078,3861963,10247704576,36283043840
2025-05-14 06:31:14,43.930,3.879,0,0,49.90,30557.16,31919.95,38,3445278,3862163,10247704576,36283043840
2025-05-14 06:31:14,45.261,3.858,0,0,59.90,30557.16,31919.95,38,3445475,3862360,10247704576,36283043840
2025-05-14 06:31:15,43.490,3.757,0,0,69.90,30557.16,31919.95,38,3445676,3862561,10247704576,36283043840
2025-05-14 06:31:15,41.208,3.741,0,0,59.90,30557.16,31919.95,38,3445877,3862762,10247704576,36283043840
2025-05-14 06:31:15,39.450,3.699,0,0,59.90,30557.16,31919.95,38,3446078,3862963,10247704576,36283043840
2025-05-14 06:31:15,40.109,3.717,0,0,59.90,30557.16,31919.95,38,3446277,3863162,10247704576,36283043840
2025-05-14 06:31:15,43.828,3.856,0,0,49.90,30557.16,31919.95,38,3446475,3863360,10247704576,36283043840
2025-05-14 06:31:16,40.125,3.735,0,0,69.90,30556.32,31767.88,19,3446676,3863561,10247704576,36283043840
2025-05-14 06:31:16,40.751,3.869,0,1691648,49.90,30556.25,31751.87,17,3446955,3863865,10247704576,36284739584
2025-05-14 06:31:16,40.651,3.768,0,4096,109.80,30556.25,31751.87,17,3447156,3864066,10247704576,36284739584
2025-05-14 06:31:16,46.088,4.224,0,0,59.90,30556.25,31751.87,17,3447353,3864263,10247704576,36284739584
2025-05-14 06:31:16,46.427,3.930,0,0,49.90,30556.25,31751.87,17,3447552,3864462,10247704576,36284739584
2025-05-14 06:31:17,44.346,3.843,0,0,69.90,30556.25,31751.87,17,3447754,3864664,10247704576,36284739584
2025-05-14 06:31:17,39.732,3.751,0,0,59.90,30556.25,31751.87,17,3447955,3864865,10247704576,36284739584
2025-05-14 06:31:17,39.892,3.738,0,0,49.90,30556.25,31751.87,17,3448156,3865066,10247704576,36284739584
2025-05-14 06:31:17,39.437,3.753,0,0,139.80,30556.25,31751.87,17,3448354,3865264,10247704576,36284739584
2025-05-14 06:31:17,46.947,4.354,0,0,169.70,30556.25,31751.87,17,3448544,3865454,10247704576,36284739584
2025-05-14 06:31:18,44.703,4.118,0,0,169.70,30556.25,31751.87,17,3448745,3865655,10247704576,36284739584
2025-05-14 06:31:18,43.228,4.078,0,0,169.70,30556.25,31751.87,17,3448946,3865856,10247704576,36284739584
2025-05-14 06:31:18,42.573,3.928,0,0,169.70,30556.25,31751.87,17,3449147,3866057,10247704576,36284739584
2025-05-14 06:31:18,43.108,3.964,0,0,179.70,30556.25,31751.87,17,3449345,3866255,10247704576,36284739584
2025-05-14 06:31:18,45.451,4.001,0,0,169.70,30556.25,31751.87,17,3449547,3866457,10247704576,36284739584
2025-05-14 06:31:19,42.972,3.873,0,0,149.70,30556.25,31751.87,17,3449748,3866658,10247704576,36284739584
2025-05-14 06:31:19,42.921,3.866,0,0,159.70,30556.25,31751.87,17,3449949,3866859,10247704576,36284739584
2025-05-14 06:31:19,42.586,3.859,0,0,159.70,30556.25,31751.87,17,3450150,3867060,10247704576,36284739584
2025-05-14 06:31:19,42.903,3.922,0,0,159.70,30556.25,31751.87,17,3450351,3867261,10247704576,36284739584
2025-05-14 06:31:19,43.505,3.887,0,0,159.70,30556.25,31751.87,17,3450552,3867462,10247704576,36284739584
2025-05-14 06:31:20,42.251,3.889,0,0,149.70,30556.25,31751.87,17,3450754,3867664,10247704576,36284739584
2025-05-14 06:31:20,42.546,3.946,0,0,169.70,30556.25,31751.87,17,3450955,3867865,10247704576,36284739584
2025-05-14 06:31:20,42.366,3.841,0,0,149.70,30556.25,31751.87,17,3451160,3868070,10247704576,36284739584
2025-05-14 06:31:20,42.321,3.903,0,0,39.90,30556.25,31751.87,17,3451346,3868256,10247704576,36284739584
2025-05-14 06:31:20,43.211,3.810,0,0,59.90,30556.25,31751.87,17,3451549,3868459,10247704576,36284739584
2025-05-14 06:31:21,40.010,3.767,0,0,69.90,30556.25,31751.87,17,3451750,3868660,10247704576,36284739584
2025-05-14 06:31:21,40.897,3.890,0,0,49.90,30556.25,31751.87,17,3451951,3868861,10247704576,36284739584
2025-05-14 06:31:21,42.442,3.987,0,0,59.90,30556.25,31751.87,17,3452152,3869062,10247704576,36284739584
2025-05-14 06:31:21,38.733,3.705,0,0,59.90,30556.25,31751.87,17,3452354,3869264,10247704576,36284739584
2025-05-14 06:31:21,46.383,3.805,0,0,59.90,30556.25,31751.87,17,3452554,3869464,10247704576,36284739584
2025-05-14 06:31:22,41.401,3.744,0,0,59.90,30556.25,31751.87,17,3452755,3869665,10247704576,36284739584
2025-05-14 06:31:22,40.496,3.782,0,0,59.90,30556.25,31751.87,17,3452956,3869866,10247704576,36284739584
2025-05-14 06:31:22,39.934,3.761,0,0,59.90,30556.25,31751.87,17,3453157,3870067,10247704576,36284739584
2025-05-14 06:31:22,39.437,3.682,0,0,59.90,30556.25,31751.87,17,3453358,3870268,10247704576,36284739584
2025-05-14 06:31:22,43.565,3.915,0,1646592,49.90,30556.25,31751.87,17,3453665,3870608,10247704576,36286451712
2025-05-14 06:31:23,40.136,3.803,0,65536,169.70,30556.25,31751.87,17,3453865,3870808,10247704576,36286451712
2025-05-14 06:31:23,47.360,4.757,0,0,149.70,30556.25,31751.87,17,3454069,3871012,10247704576,36286451712
2025-05-14 06:31:23,44.553,4.833,0,0,69.90,30556.25,31751.87,17,3454270,3871213,10247704576,36286451712
2025-05-14 06:31:23,39.163,3.795,0,0,49.90,30556.25,31751.87,17,3454471,3871414,10247704576,36286451712
2025-05-14 06:31:23,42.006,3.726,0,0,49.90,30556.25,31751.87,17,3454672,3871615,10247704576,36286451712
2025-05-14 06:31:24,41.637,3.877,0,0,59.90,30556.25,31751.87,17,3454874,3871817,10247704576,36286451712
2025-05-14 06:31:24,40.280,3.840,0,0,209.60,30556.25,31751.87,17,3455080,3872025,10247704576,36286459904
2025-05-14 06:31:24,44.232,4.359,0,8192,169.70,30556.25,31751.87,17,3455281,3872226,10247704576,36286459904
2025-05-14 06:31:24,43.285,3.948,0,0,149.70,30556.25,31751.87,17,3455481,3872426,10247704576,36286459904
2025-05-14 06:31:24,47.261,4.034,0,0,159.70,30556.25,31751.87,17,3455674,3872619,10247704576,36286459904
2025-05-14 06:31:25,43.558,3.917,0,0,159.70,30556.25,31751.87,17,3455876,3872821,10247704576,36286459904
2025-05-14 06:31:25,42.920,3.918,0,0,159.80,30556.25,31751.87,17,3456077,3873022,10247704576,36286459904
2025-05-14 06:31:25,42.717,3.854,0,0,159.80,30556.25,31751.87,17,3456278,3873223,10247704576,36286459904
2025-05-14 06:31:25,43.064,3.914,0,0,149.70,30556.25,31751.87,17,3456479,3873424,10247704576,36286459904
2025-05-14 06:31:25,44.955,3.884,0,4096,169.70,30556.25,31751.87,17,3456683,3873629,10247704576,36286464000
2025-05-14 06:31:26,42.137,3.854,0,0,169.70,30556.25,31751.87,17,3456884,3873830,10247704576,36286464000
2025-05-14 06:31:26,42.700,3.923,0,0,159.70,30556.25,31751.87,17,3457085,3874031,10247704576,36286464000
2025-05-14 06:31:26,42.463,3.816,0,0,159.70,30556.25,31751.87,17,3457286,3874232,10247704576,36286464000
2025-05-14 06:31:26,42.530,3.913,0,0,159.70,30556.25,31751.87,17,3457487,3874433,10247704576,36286464000
2025-05-14 06:31:26,43.425,3.910,0,0,169.70,30556.25,31751.87,17,3457688,3874634,10247704576,36286464000
2025-05-14 06:31:27,42.717,3.866,0,0,79.90,30556.25,31751.87,17,3457889,3874835,10247704576,36286464000
2025-05-14 06:31:27,42.182,3.792,0,0,99.80,30556.25,31751.87,17,3458090,3875036,10247704576,36286464000
2025-05-14 06:31:27,42.927,4.059,0,2002944,159.70,30556.00,31751.87,17,3458984,3876167,10247704576,36289253376
2025-05-14 06:31:27,43.097,3.757,0,1732608,129.80,30556.00,31751.87,17,3459869,3877301,10247704576,36290916352
2025-05-14 06:31:27,47.940,4.005,0,1216512,159.70,30556.00,31751.87,17,3460760,3878441,10247704576,36292235264
2025-05-14 06:31:28,43.177,3.834,0,1716224,159.70,30556.00,31751.87,17,3461935,3879956,10247704576,36294008832
2025-05-14 06:31:28,42.920,3.846,0,1888256,159.70,30556.00,31751.87,17,3463167,3881550,10247704576,36295897088
2025-05-14 06:31:28,43.273,3.775,0,2019328,169.70,30555.99,31751.87,17,3464604,3883413,10247704576,36298436608
2025-05-14 06:31:28,43.140,3.888,0,2666496,179.70,30555.99,31751.87,17,3466024,3885265,10247704576,36300906496
2025-05-14 06:31:28,42.923,3.848,0,2990080,179.70,30555.99,31751.87,17,3467540,3887254,10247704576,36304347136
2025-05-14 06:31:29,42.669,3.835,0,2220032,49.90,30555.99,31751.87,17,3467943,3887727,10247704576,36304916480
2025-05-14 06:31:29,39.723,3.775,0,0,59.90,30555.99,31751.87,17,3468144,3887928,10247704576,36304916480
2025-05-14 06:31:29,38.814,3.722,0,0,99.80,30555.99,31751.87,17,3468368,3888161,10247704576,36305305600
2025-05-14 06:31:29,41.067,3.819,0,847872,59.90,30555.99,31751.87,17,3468579,3888377,10247704576,36305764352
2025-05-14 06:31:29,42.867,3.958,0,0,79.90,30555.99,31751.87,17,3468788,3888589,10247704576,36305780736
2025-05-14 06:31:30,44.263,3.995,0,20480,49.90,30555.99,31751.87,17,3468992,3888794,10247704576,36305784832
2025-05-14 06:31:30,40.693,3.721,0,0,69.90,30555.99,31751.87,17,3469193,3888995,10247704576,36305784832
2025-05-14 06:31:30,40.263,3.830,0,0,49.90,30555.99,31751.87,17,3469394,3889196,10247704576,36305784832
2025-05-14 06:31:30,40.108,3.741,0,0,59.90,30555.99,31751.87,17,3469599,3889401,10247704576,36305784832
2025-05-14 06:31:30,44.792,3.877,0,0,49.90,30555.99,31751.87,17,3469800,3889602,10247704576,36305784832
2025-05-14 06:31:31,40.673,3.810,0,0,229.60,30555.99,31751.87,17,3470001,3889803,10247704576,36305784832
2025-05-14 06:31:31,44.062,4.275,0,0,159.70,30555.99,31751.87,17,3470202,3890004,10247704576,36305784832
2025-05-14 06:31:31,43.377,4.094,0,0,149.70,30555.99,31751.87,17,3470403,3890205,10247704576,36305784832
2025-05-14 06:31:31,43.778,4.053,0,0,159.70,30555.99,31751.87,17,3470605,3890407,10247704576,36305784832
2025-05-14 06:31:31,43.191,3.941,0,0,159.80,30555.99,31751.87,17,3470806,3890608,10247704576,36305784832
2025-05-14 06:31:32,42.723,3.932,0,0,169.70,30555.99,31751.87,17,3471007,3890809,10247704576,36305784832
2025-05-14 06:31:32,42.713,3.861,0,4096,159.70,30555.99,31751.87,17,3471211,3891014,10247704576,36305788928
2025-05-14 06:31:32,42.382,3.948,0,0,159.70,30555.99,31751.87,17,3471412,3891215,10247704576,36305788928
2025-05-14 06:31:32,43.401,3.936,0,0,159.70,30555.99,31751.87,17,3471613,3891416,10247704576,36305788928
2025-05-14 06:31:32,42.789,3.925,0,0,159.70,30555.99,31751.87,17,3471814,3891617,10247704576,36305788928
2025-05-14 06:31:33,42.772,3.903,0,12288,169.70,30555.99,31751.87,17,3472019,3891824,10247704576,36305801216
2025-05-14 06:31:33,42.788,3.895,0,0,169.70,30555.99,31751.87,17,3472220,3892025,10247704576,36305801216
2025-05-14 06:31:33,43.872,3.912,0,0,169.70,30555.99,31751.87,17,3472421,3892226,10247704576,36305801216
2025-05-14 06:31:33,43.761,3.945,0,0,159.70,30555.99,31751.87,17,3472622,3892427,10247704576,36305801216
2025-05-14 06:31:33,42.440,3.968,0,0,59.90,30555.99,31751.87,17,3472824,3892629,10247704576,36305801216
2025-05-14 06:31:34,40.171,3.879,0,0,89.80,30555.99,31751.87,17,3473025,3892830,10247704576,36305801216
2025-05-14 06:31:34,42.214,3.875,0,0,79.90,30555.99,31751.87,17,3473226,3893031,10247704576,36305801216
2025-05-14 06:31:34,39.669,3.822,0,0,49.90,30555.99,31751.87,17,3473427,3893232,10247704576,36305801216
2025-05-14 06:31:34,42.673,3.869,0,0,139.70,30555.99,31751.87,17,3473613,3893418,10247704576,36305801216
2025-05-14 06:31:34,45.282,4.069,0,0,59.90,30555.99,31751.87,17,3473814,3893619,10247704576,36305801216
2025-05-14 06:31:35,38.921,3.766,0,8192,79.90,30555.99,31751.87,17,3474022,3893829,10247704576,36305809408
2025-05-14 06:31:35,40.901,3.847,0,0,69.90,30555.99,31751.87,17,3474223,3894030,10247704576,36305809408
2025-05-14 06:31:35,39.715,3.722,0,0,59.90,30555.99,31751.87,17,3474425,3894232,10247704576,36305809408
2025-05-14 06:31:35,42.376,3.806,0,0,49.90,30555.99,31751.87,17,3474624,3894431,10247704576,36305809408
2025-05-14 06:31:35,43.052,3.756,0,0,139.80,30555.99,31751.87,17,3474825,3894632,10247704576,36305809408
2025-05-14 06:31:36,41.375,3.981,0,0,309.50,30555.99,31751.87,17,3475239,3895098,10247704576,36310507520
2025-05-14 06:31:36,44.717,4.167,0,5226496,149.70,30555.99,31751.87,17,3475451,3895316,10247704576,36311035904
2025-05-14 06:31:36,44.646,4.419,0,0,259.50,30555.99,31751.87,17,3475651,3895516,10247704576,36311076864
2025-05-14 06:31:36,48.256,4.945,0,61440,129.80,30555.99,31751.87,17,3475858,3895728,10247704576,36311097344
2025-05-14 06:31:37,43.915,4.254,0,0,49.90,30555.99,31751.87,17,3476060,3895930,10247704576,36311097344
2025-05-14 06:31:37,41.027,3.892,0,0,169.70,30555.99,31751.87,17,3476261,3896131,10247704576,36311097344
2025-05-14 06:31:37,38.700,3.916,0,0,50.00,30555.99,31751.87,17,3476462,3896332,10247704576,36311097344
2025-05-14 06:31:37,41.710,3.812,0,0,59.90,30555.99,31751.87,17,3476663,3896533,10247704576,36311097344
2025-05-14 06:31:37,41.852,3.785,0,0,199.60,30555.99,31751.87,17,3476864,3896734,10247704576,36311097344
2025-05-14 06:31:38,46.972,4.367,0,0,169.70,30555.99,31751.87,17,3477064,3896934,10247704576,36311097344
2025-05-14 06:31:38,43.374,4.049,0,0,179.70,30555.99,31751.87,17,3477265,3897135,10247704576,36311097344
2025-05-14 06:31:38,43.068,4.016,0,0,159.70,30555.99,31751.87,17,3477466,3897336,10247704576,36311097344
2025-05-14 06:31:38,42.872,3.911,0,0,159.70,30555.99,31751.87,17,3477666,3897536,10247704576,36311097344
2025-05-14 06:31:38,45.001,4.039,0,0,169.80,30555.99,31751.87,17,3477867,3897737,10247704576,36311097344
2025-05-14 06:31:39,45.440,3.979,0,0,159.70,30555.99,31751.87,17,3478068,3897938,10247704576,36311097344
2025-05-14 06:31:39,43.005,3.865,0,0,179.70,30555.99,31751.87,17,3478269,3898139,10247704576,36311097344
2025-05-14 06:31:39,41.648,3.844,0,0,169.70,30555.99,31751.87,17,3478470,3898340,10247704576,36311097344
2025-05-14 06:31:39,42.371,3.853,0,0,159.70,30555.99,31751.87,17,3478671,3898541,10247704576,36311097344
2025-05-14 06:31:39,44.122,3.865,0,0,169.70,30555.99,31751.87,17,3478873,3898743,10247704576,36311097344
2025-05-14 06:31:40,42.417,3.901,0,0,159.70,30555.99,31751.87,17,3479077,3898947,10247704576,36311097344
2025-05-14 06:31:40,43.151,3.959,0,20480,169.70,30555.99,31751.87,17,3479287,3899160,10247704576,36311117824
2025-05-14 06:31:40,42.620,3.894,0,0,159.70,30555.99,31751.87,17,3479488,3899361,10247704576,36311117824
2025-05-14 06:31:40,42.655,3.832,0,0,109.80,30555.99,31751.87,17,3479687,3899560,10247704576,36311117824
2025-05-14 06:31:40,43.415,3.894,0,0,69.90,30555.99,31751.87,17,3479888,3899761,10247704576,36311117824
2025-05-14 06:31:41,40.380,3.772,0,0,79.90,30555.99,31751.87,17,3480089,3899962,10247704576,36311117824
2025-05-14 06:31:41,39.813,3.781,0,0,59.90,30555.99,31751.87,17,3480289,3900162,10247704576,36311117824
2025-05-14 06:31:41,41.660,3.786,0,0,59.90,30555.99,31751.87,17,3480490,3900363,10247704576,36311117824
2025-05-14 06:31:41,40.978,3.809,0,0,49.90,30555.99,31751.87,17,3480691,3900564,10247704576,36311117824
2025-05-14 06:31:41,43.783,3.904,0,0,59.90,30555.99,31751.87,17,3480889,3900762,10247704576,36311117824
2025-05-14 06:31:42,40.466,3.787,0,0,69.90,30555.99,31751.87,17,3481104,3900986,10247704576,36311158784
2025-05-14 06:31:42,40.446,3.717,0,40960,59.90,30555.99,31751.87,17,3481305,3901187,10247704576,36311158784
2025-05-14 06:31:42,39.470,3.715,0,0,49.90,30555.99,31751.87,17,3481506,3901388,10247704576,36311158784
2025-05-14 06:31:42,39.029,3.694,0,0,59.90,30555.99,31751.87,17,3481706,3901588,10247704576,36311158784
2025-05-14 06:31:42,41.709,3.675,0,0,139.80,30555.99,31751.87,17,3482195,3902144,10247704576,36314451968
2025-05-14 06:31:43,41.852,3.754,0,3358720,49.90,30555.99,31751.87,17,3482400,3902350,10247704576,36314517504
2025-05-14 06:31:43,38.817,3.673,0,0,69.90,30555.99,31751.87,17,3482601,3902551,10247704576,36314517504
2025-05-14 06:31:43,39.983,3.731,0,0,69.90,30555.99,31751.87,17,3482802,3902752,10247704576,36314517504
2025-05-14 06:31:43,39.777,3.731,0,0,59.90,30555.99,31751.87,17,3483003,3902953,10247704576,36314517504
2025-05-14 06:31:43,41.759,3.718,0,0,69.90,30555.99,31751.87,17,3483204,3903154,10247704576,36314517504
2025-05-14 06:31:44,43.673,3.763,0,0,59.90,30555.99,31751.87,17,3483405,3903355,10247704576,36314517504
2025-05-14 06:31:44,40.219,3.679,0,4096,159.70,30555.99,31751.87,17,3483615,3903568,10247704576,36314529792
2025-05-14 06:31:44,43.896,3.952,0,8192,49.90,30555.99,31751.87,17,3483816,3903769,10247704576,36314529792
2025-05-14 06:31:44,41.620,3.782,0,0,49.90,30555.99,31751.87,17,3484012,3903965,10247704576,36314529792
2025-05-14 06:31:44,47.772,3.916,0,0,59.90,30555.99,31751.87,17,3484212,3904165,10247704576,36314529792
2025-05-14 06:31:45,43.000,3.744,0,0,89.90,30555.99,31751.87,17,3484423,3904380,10247704576,36314542080
2025-05-14 06:31:45,42.842,4.261,0,12288,79.90,30555.99,31751.87,17,3484625,3904582,10247704576,36314542080
2025-05-14 06:31:45,46.661,3.931,0,0,59.90,30555.99,31751.87,17,3484826,3904783,10247704576,36314542080
2025-05-14 06:31:45,41.300,3.701,0,0,89.90,30555.99,31751.87,17,3485027,3904984,10247704576,36314542080
2025-05-14 06:31:45,43.462,3.867,0,0,49.90,30555.99,31751.87,17,3485228,3905185,10247704576,36314542080
2025-05-14 06:31:46,43.331,3.767,0,0,59.90,30555.99,31751.87,17,3485429,3905386,10247704576,36314542080
2025-05-14 06:31:46,39.968,3.739,0,0,69.90,30555.99,31751.87,17,3485631,3905588,10247704576,36314542080
2025-05-14 06:31:46,40.921,3.817,0,0,269.50,30555.99,31751.87,17,3485832,3905789,10247704576,36314542080
2025-05-14 06:31:46,45.083,4.314,0,0,179.70,30555.99,31751.87,17,3486032,3905989,10247704576,36314542080
2025-05-14 06:31:46,45.447,4.084,0,0,169.70,30555.99,31751.87,17,3486231,3906188,10247704576,36314542080
2025-05-14 06:31:47,44.742,3.961,0,0,159.70,30555.99,31751.87,17,3486432,3906389,10247704576,36314542080
2025-05-14 06:31:47,43.028,3.863,0,0,159.70,30555.99,31751.87,17,3486633,3906590,10247704576,36314542080
2025-05-14 06:31:47,42.763,3.936,0,0,159.70,30555.99,31751.87,17,3486834,3906791,10247704576,36314542080
2025-05-14 06:31:47,42.884,3.916,0,0,169.70,30555.99,31751.87,17,3487031,3906988,10247704576,36314542080
2025-05-14 06:31:47,45.307,4.009,0,0,169.70,30555.99,31751.87,17,3487223,3907180,10247704576,36314542080
2025-05-14 06:31:48,44.380,3.933,0,0,149.80,30555.99,31751.87,17,3487425,3907382,10247704576,36314542080
2025-05-14 06:31:48,42.668,3.840,0,0,159.70,30555.99,31751.87,17,3487626,3907583,10247704576,36314542080
2025-05-14 06:31:48,42.459,3.923,0,0,169.70,30555.99,31751.87,17,3487827,3907784,10247704576,36314542080
2025-05-14 06:31:48,41.823,3.911,0,0,189.60,30555.99,31751.87,17,3488029,3907986,10247704576,36314542080
2025-05-14 06:31:48,42.980,3.942,0,0,159.80,30555.99,31751.87,17,3488230,3908187,10247704576,36314542080
2025-05-14 06:31:49,44.695,4.014,0,0,149.80,30555.99,31751.87,17,3488431,3908388,10247704576,36314542080
2025-05-14 06:31:49,42.624,3.873,0,0,119.80,30555.99,31751.87,17,3488633,3908590,10247704576,36314542080
2025-05-14 06:31:49,40.537,3.791,0,0,59.90,30555.99,31751.87,17,3488833,3908790,10247704576,36314542080
2025-05-14 06:31:49,40.490,3.741,0,0,49.90,30555.99,31751.87,17,3489034,3908991,10247704576,36314542080
2025-05-14 06:31:49,45.167,3.754,0,0,69.90,30555.99,31751.87,17,3489235,3909192,10247704576,36314542080
2025-05-14 06:31:50,40.992,3.735,0,0,79.90,30555.99,31751.87,17,3489440,3909398,10247704576,36314546176
2025-05-14 06:31:50,41.287,3.774,0,4096,59.90,30555.99,31751.87,17,3489642,3909600,10247704576,36314546176
2025-05-14 06:31:50,40.581,3.739,0,0,59.90,30555.99,31751.87,17,3489836,3909794,10247704576,36314546176
2025-05-14 06:31:50,40.069,3.747,0,0,59.90,30555.99,31751.87,17,3490033,3909991,10247704576,36314546176
2025-05-14 06:31:50,43.047,3.807,0,0,59.90,30555.99,31751.87,17,3490234,3910192,10247704576,36314546176
2025-05-14 06:31:51,39.446,3.682,0,0,59.90,30555.99,31751.87,17,3490436,3910394,10247704576,36314546176
2025-05-14 06:31:51,39.400,3.671,0,0,59.90,30555.99,31751.87,17,3490637,3910595,10247704576,36314546176
2025-05-14 06:31:51,38.872,3.684,0,0,59.90,30555.99,31751.87,17,3490838,3910796,10247704576,36314546176
2025-05-14 06:31:51,38.344,3.649,0,0,69.90,30555.99,31751.87,17,3491038,3910996,10247704576,36314546176
2025-05-14 06:31:51,46.029,4.072,0,3584000,59.90,30555.99,31751.87,17,3491264,3911458,10247704576,36318130176
2025-05-14 06:31:52,40.813,3.731,0,0,189.60,30555.99,31751.87,17,3491465,3911659,10247704576,36318130176
2025-05-14 06:31:52,46.316,4.870,0,0,159.70,30555.99,31751.87,17,3491668,3911863,10247704576,36318134272
2025-05-14 06:31:52,41.338,4.484,0,4096,89.90,30555.99,31751.87,17,3491869,3912064,10247704576,36318134272
2025-05-14 06:31:52,39.917,3.786,0,0,59.90,30555.99,31751.87,17,3492070,3912265,10247704576,36318134272
2025-05-14 06:31:52,43.208,3.741,0,0,49.90,30555.99,31751.87,17,3492271,3912466,10247704576,36318134272
2025-05-14 06:31:53,42.585,3.690,0,0,49.90,30555.99,31751.87,17,3492472,3912667,10247704576,36318134272
2025-05-14 06:31:53,42.372,3.970,0,0,189.60,30555.99,31751.87,17,3492673,3912868,10247704576,36318134272
2025-05-14 06:31:53,46.774,4.134,0,0,159.70,30555.99,31751.87,17,3492875,3913070,10247704576,36318134272
2025-05-14 06:31:53,45.406,3.945,0,0,149.80,30555.99,31751.87,17,3493071,3913266,10247704576,36318134272
2025-05-14 06:31:53,45.471,3.942,0,0,169.90,30555.99,31751.87,17,3493267,3913462,10247704576,36318134272
2025-05-14 06:31:54,42.517,3.860,0,0,159.70,30555.99,31751.87,17,3493468,3913663,10247704576,36318134272
2025-05-14 06:31:54,42.488,3.834,0,0,189.70,30555.99,31751.87,17,3493669,3913864,10247704576,36318134272
2025-05-14 06:31:54,42.938,3.862,0,0,139.80,30555.99,31751.87,17,3493871,3914066,10247704576,36318134272
2025-05-14 06:31:54,43.094,3.898,0,0,199.70,30555.99,31751.87,17,3494097,3914300,10247704576,36318253056
2025-05-14 06:31:54,44.502,3.910,0,118784,169.70,30555.99,31751.87,17,3494298,3914501,10247704576,36318253056
2025-05-14 06:31:55,42.559,3.811,0,0,149.80,30555.99,31751.87,17,3494499,3914702,10247704576,36318253056
2025-05-14 06:31:55,42.802,3.882,0,16384,159.70,30555.99,31751.87,17,3494708,3914914,10247704576,36318269440
2025-05-14 06:31:55,41.683,3.849,0,0,169.70,30555.99,31751.87,17,3494910,3915116,10247704576,36318269440
2025-05-14 06:31:55,43.154,3.927,0,0,149.80,30555.99,31751.87,17,3495111,3915317,10247704576,36318269440
2025-05-14 06:31:55,43.691,3.929,0,0,149.70,30555.99,31751.87,17,3495312,3915518,10247704576,36318269440
2025-05-14 06:31:56,42.091,3.885,0,0,59.90,30555.99,31751.87,17,3495512,3915718,10247704576,36318269440
2025-05-14 06:31:56,41.449,3.775,0,0,89.90,30555.99,31751.87,17,3495713,3915919,10247704576,36318269440
2025-05-14 06:31:56,41.315,3.762,0,0,79.90,30555.99,31751.87,17,3495915,3916121,10247704576,36318269440
2025-05-14 06:31:56,40.624,3.816,0,0,79.90,30555.99,31751.87,17,3496114,3916320,10247704576,36318269440
2025-05-14 06:31:56,47.068,3.865,0,0,49.90,30555.99,31751.87,17,3496315,3916521,10247704576,36318269440
2025-05-14 06:31:57,42.303,3.668,0,0,59.90,30555.99,31751.87,17,3496516,3916722,10247704576,36318269440
2025-05-14 06:31:57,39.643,3.650,0,0,59.90,30555.99,31751.87,17,3496717,3916923,10247704576,36318269440
2025-05-14 06:31:57,40.241,3.753,0,151552,79.90,30555.99,31751.87,17,3496970,3917196,10247704576,36318420992
2025-05-14 06:31:57,41.097,3.717,0,0,59.90,30555.99,31751.87,17,3497172,3917398,10247704576,36318420992
2025-05-14 06:31:57,42.685,3.761,0,0,49.90,30555.99,31751.87,17,3497373,3917599,10247704576,36318420992
2025-05-14 06:31:58,39.426,3.633,0,0,59.90,30555.99,31751.87,17,3497574,3917800,10247704576,36318420992
2025-05-14 06:31:58,38.277,3.643,0,0,159.70,30555.99,31751.87,17,3497888,3918145,10247704576,36321300480
2025-05-14 06:31:58,40.581,3.919,0,2945024,79.90,30555.99,31751.87,17,3498092,3918350,10247704576,36321366016
2025-05-14 06:31:58,41.933,4.088,0,0,89.80,30555.99,31751.87,17,3498291,3918549,10247704576,36321366016
2025-05-14 06:31:58,46.503,4.031,0,0,69.90,30555.99,31751.87,17,3498491,3918749,10247704576,36321366016
2025-05-14 06:31:59,40.168,3.748,0,57344,99.80,30555.99,31751.87,17,3498710,3918978,10247704576,36321423360
2025-05-14 06:31:59,41.694,3.845,0,0,69.90,30555.99,31751.87,17,3498911,3919179,10247704576,36321423360
2025-05-14 06:31:59,39.735,3.752,0,0,69.90,30555.99,31751.87,17,3499112,3919380,10247704576,36321423360
2025-05-14 06:31:59,38.763,3.740,0,0,49.90,30555.99,31751.87,17,3499309,3919577,10247704576,36321423360
2025-05-14 06:31:59,46.035,3.875,0,0,209.60,30555.99,31751.87,17,3499521,3919789,10247704576,36321423360
2025-05-14 06:32:00,48.132,4.378,0,8192,169.70,30555.99,31751.87,17,3499722,3919998,10247704576,36321955840
2025-05-14 06:32:00,45.300,4.097,4096,552960,159.70,30555.99,31751.87,17,3499939,3920221,10247708672,36321984512
2025-05-14 06:32:00,42.426,3.964,0,0,159.70,30555.99,31751.87,17,3500140,3920422,10247708672,36321984512
2025-05-14 06:32:00,43.484,3.968,0,0,169.70,30555.99,31751.87,17,3500334,3920616,10247708672,36321984512
2025-05-14 06:32:00,46.727,3.992,0,69632,159.70,30555.99,31751.87,17,3500553,3920843,10247708672,36322054144
2025-05-14 06:32:01,42.779,3.878,0,0,169.70,30555.99,31751.87,17,3500754,3921044,10247708672,36322054144
2025-05-14 06:32:01,42.984,3.973,0,0,209.60,30555.99,31751.87,17,3500955,3921245,10247708672,36322054144
2025-05-14 06:32:01,42.747,3.947,0,0,179.70,30555.99,31751.87,17,3501157,3921447,10247708672,36322054144
2025-05-14 06:32:01,43.385,3.926,0,0,169.70,30555.99,31751.87,17,3501354,3921644,10247708672,36322054144
2025-05-14 06:32:01,44.742,4.318,0,118784,169.70,30555.99,31751.87,17,3501579,3921877,10247708672,36322172928
2025-05-14 06:32:02,42.566,3.844,0,0,159.70,30555.99,31751.87,17,3501780,3922078,10247708672,36322172928
2025-05-14 06:32:02,42.896,3.918,0,0,169.70,30555.99,31751.87,17,3501981,3922279,10247708672,36322172928
2025-05-14 06:32:02,41.183,3.868,0,0,159.70,30555.99,31751.87,17,3502183,3922481,10247708672,36322172928
2025-05-14 06:32:02,41.388,3.997,0,0,69.90,30555.99,31751.87,17,3502383,3922681,10247708672,36322172928
2025-05-14 06:32:02,40.384,3.719,0,0,79.90,30555.99,31751.87,17,3502584,3922882,10247708672,36322172928
2025-05-14 06:32:03,40.264,3.777,0,0,69.90,30555.99,31751.87,17,3502785,3923083,10247708672,36322172928
2025-05-14 06:32:03,39.916,3.758,0,0,59.90,30555.99,31751.87,17,3502986,3923284,10247708672,36322172928
2025-05-14 06:32:03,41.245,3.785,0,65536,49.90,30555.99,31751.87,17,3503189,3923488,10247708672,36322238464
2025-05-14 06:32:03,42.301,3.737,0,0,59.90,30555.99,31751.87,17,3503392,3923691,10247708672,36322238464
2025-05-14 06:32:03,45.964,3.820,0,0,49.90,30555.99,31751.87,17,3503593,3923892,10247708672,36322238464
2025-05-14 06:32:04,42.629,3.777,0,0,59.90,30555.99,31751.87,17,3503794,3924093,10247708672,36322238464
2025-05-14 06:32:04,40.925,3.771,0,0,59.90,30555.99,31751.87,17,3504012,3924319,10247708672,36322308096
2025-05-14 06:32:04,39.731,3.670,0,69632,49.90,30555.99,31751.87,17,3504213,3924520,10247708672,36322308096
2025-05-14 06:32:04,41.132,3.706,0,0,109.80,30555.99,31751.87,17,3504414,3924721,10247708672,36322308096
2025-05-14 06:32:04,43.694,3.795,0,0,59.90,30555.99,31751.87,17,3504615,3924922,10247708672,36322308096
2025-05-14 06:32:05,41.407,3.808,0,2265088,69.70,30555.99,31751.87,17,3504948,3925301,10247708672,36324638720
2025-05-14 06:32:05,43.165,4.100,0,2134016,229.60,30555.99,31751.87,17,3505238,3925635,10247708672,36326854656
2025-05-14 06:32:05,46.483,4.627,0,147456,149.90,30555.99,31751.87,17,3505439,3925836,10247708672,36326854656
2025-05-14 06:32:05,47.726,4.786,0,0,59.90,30555.99,31751.87,17,3505643,3926040,10247708672,36326854656
2025-05-14 06:32:05,42.012,3.895,0,0,49.90,30555.99,31751.87,17,3505836,3926233,10247708672,36326854656
2025-05-14 06:32:06,38.696,3.742,0,0,149.70,30555.99,31751.87,17,3506037,3926434,10247708672,36326854656
2025-05-14 06:32:06,39.975,3.828,0,0,69.90,30555.99,31751.87,17,3506238,3926635,10247708672,36326854656
2025-05-14 06:32:06,39.911,3.800,0,0,239.60,30555.99,31751.87,17,3506455,3926857,10247708672,36326887424
2025-05-14 06:32:06,45.854,4.295,0,32768,159.70,30555.99,31751.87,17,3506655,3927057,10247708672,36326887424
2025-05-14 06:32:06,47.361,4.034,0,0,159.60,30555.99,31751.87,17,3506854,3927256,10247708672,36326887424
2025-05-14 06:32:07,44.297,4.019,0,0,179.70,30555.99,31751.87,17,3507055,3927457,10247708672,36326887424
2025-05-14 06:32:07,43.322,4.164,0,0,319.30,30555.99,31751.87,17,3507256,3927658,10247708672,36326887424
2025-05-14 06:32:07,46.252,4.594,0,0,299.50,30555.99,31751.87,17,3507467,3927871,10247708672,36326916096
2025-05-14 06:32:07,45.936,4.596,0,643072,349.40,30555.99,31751.87,17,3507714,3928141,10247708672,36327579648
2025-05-14 06:32:07,46.730,4.764,0,626688,429.20,30555.99,31751.87,17,3508029,3928438,10247729152,36328157184
2025-05-14 06:32:08,47.399,4.936,20480,53248,489.40,30555.99,31751.87,17,3508306,3928742,10247733248,36328968192
2025-05-14 06:32:08,48.711,5.337,32768,970752,589.00,30555.99,31751.87,17,3508592,3929053,10247761920,36329775104
2025-05-14 06:32:08,48.289,5.316,4096,913408,539.10,30555.99,31751.87,17,3508898,3929379,10247786496,36330536960
2025-05-14 06:32:08,49.114,5.471,507904,1175552,449.30,30555.99,31751.87,17,3509217,3929723,10248355840,36331585536
2025-05-14 06:32:08,46.977,4.763,81920,647168,459.20,30555.99,31751.87,17,3509458,3929979,10248355840,36331917312
2025-05-14 06:32:09,46.424,4.674,0,49152,459.20,30555.99,31751.87,17,3509780,3930321,10248355840,36332732416
2025-05-14 06:32:09,46.261,4.777,0,3989504,519.20,30555.99,31751.87,17,3510286,3930885,10248355840,36336095232
2025-05-14 06:32:09,47.392,4.789,0,679936,419.30,30555.99,31751.87,17,3510513,3931122,10248355840,36336721920
2025-05-14 06:32:09,46.987,4.805,0,253952,549.10,30555.99,31751.87,17,3510745,3931358,10248441856,36337008640
2025-05-14 06:32:10,47.975,5.000,86016,118784,249.60,30555.99,31751.87,17,3510946,3931559,10248441856,36337008640
2025-05-14 06:32:10,44.924,4.023,0,0,269.60,30555.99,31751.87,17,3511153,3931764,10248523776,36337008640
2025-05-14 06:32:10,45.911,4.817,229376,253952,469.20,30555.99,31751.87,17,3511666,3932264,10249101312,36338188288
2025-05-14 06:32:10,49.559,5.964,458752,1376256,469.20,30555.99,31751.87,17,3512176,3932802,10249129984,36339499008
2025-05-14 06:32:10,47.347,5.222,0,1126400,469.60,30555.99,31751.87,17,3512397,3933035,10249129984,36339765248
2025-05-14 06:32:11,47.155,4.565,0,0,359.30,30555.99,31751.87,17,3512613,3933248,10249129984,36339765248
2025-05-14 06:32:11,45.623,4.918,0,204800,409.30,30555.99,31751.87,17,3512833,3933476,10249129984,36340121600
2025-05-14 06:32:11,46.241,5.056,0,757760,359.40,30555.99,31751.87,17,3513063,3933721,10249129984,36340727808
2025-05-14 06:32:11,46.487,4.785,0,20480,339.40,30555.99,31751.87,17,3513281,3933944,10249129984,36340994048
2025-05-14 06:32:11,46.730,4.680,0,245760,319.50,30555.99,31751.87,17,3513479,3934142,10249129984,36340994048
2025-05-14 06:32:12,45.821,5.138,0,0,319.50,30555.99,31751.87,17,3513688,3934347,10249129984,36340994048
2025-05-14 06:32:12,45.451,4.684,0,0,329.40,30555.99,31751.87,17,3513893,3934552,10249129984,36340994048
2025-05-14 06:32:12,45.513,4.586,4096,20480,289.40,30555.99,31751.87,17,3514100,3934761,10249134080,36341014528
2025-05-14 06:32:12,45.287,4.599,0,0,289.50,30555.99,31751.87,17,3514300,3934961,10249134080,36341014528
2025-05-14 06:32:12,46.892,4.563,0,0,289.50,30555.99,31751.87,17,3514502,3935163,10249134080,36341014528
2025-05-14 06:32:13,45.120,4.587,0,0,289.50,30555.99,31751.87,17,3514703,3935364,10249134080,36341014528
2025-05-14 06:32:13,44.852,4.517,0,0,339.30,30555.99,31751.87,17,3514909,3935570,10249134080,36341014528
2025-05-14 06:32:13,45.341,4.608,0,0,289.50,30555.99,31751.87,17,3515110,3935771,10249134080,36341014528
2025-05-14 06:32:13,45.045,4.508,0,0,319.50,30555.99,31751.87,17,3515310,3935971,10249134080,36341014528
2025-05-14 06:32:13,45.713,4.652,0,0,339.40,30555.99,31751.87,17,3515511,3936172,10249134080,36341014528
2025-05-14 06:32:14,44.314,4.764,0,0,319.40,30555.99,31751.87,17,3515712,3936373,10249134080,36341014528
2025-05-14 06:32:14,45.290,4.569,0,0,339.40,30555.99,31751.87,17,3515913,3936574,10249134080,36341014528
2025-05-14 06:32:14,45.376,4.684,0,0,309.50,30555.99,31751.87,17,3516115,3936776,10249134080,36341014528
2025-05-14 06:32:14,45.992,4.629,0,0,229.60,30555.99,31751.87,17,3516314,3936975,10249134080,36341014528
2025-05-14 06:32:14,47.567,4.688,0,0,299.40,30555.99,31751.87,17,3516507,3937168,10249134080,36341014528
2025-05-14 06:32:15,46.264,4.707,0,0,329.40,30555.99,31751.87,17,3516709,3937370,10249134080,36341014528
2025-05-14 06:32:15,45.513,4.610,0,0,309.50,30555.99,31751.87,17,3516908,3937569,10249134080,36341014528
2025-05-14 06:32:15,45.449,4.787,0,0,309.50,30555.99,31751.87,17,3517118,3937790,10249134080,36341047296
2025-05-14 06:32:15,45.537,4.756,0,32768,339.40,30555.99,31751.87,17,3517319,3937991,10249134080,36341047296
2025-05-14 06:32:15,47.198,4.843,0,0,349.40,30555.99,31751.87,17,3517539,3938210,10249134080,36341047296
2025-05-14 06:32:16,47.466,4.941,0,0,399.30,30555.99,31751.87,17,3518254,3939032,10249134080,36345827328
2025-05-14 06:32:16,46.828,4.852,0,5304320,299.50,30555.99,31751.87,17,3518485,3939270,10249138176,36346523648
2025-05-14 06:32:16,45.835,4.584,8192,274432,279.40,30555.99,31751.87,17,3518719,3939522,10249142272,36346626048
2025-05-14 06:32:16,45.285,4.636,0,0,299.50,30555.99,31751.87,17,3518917,3939720,10249142272,36346626048
2025-05-14 06:32:16,45.039,4.589,0,0,279.50,30555.99,31751.87,17,3519121,3939924,10249142272,36346626048
2025-05-14 06:32:17,44.520,4.670,0,0,289.50,30555.99,31751.87,17,3519321,3940124,10249142272,36346626048
2025-05-14 06:32:17,44.451,4.657,0,0,329.30,30555.99,31751.87,17,3519522,3940325,10249142272,36346626048
2025-05-14 06:32:17,46.448,4.696,0,0,269.50,30555.99,31751.87,17,3519723,3940526,10249142272,36346626048
2025-05-14 06:32:17,44.578,4.668,0,0,329.40,30555.99,31751.87,17,3519924,3940727,10249142272,36346626048
2025-05-14 06:32:17,46.010,4.732,0,0,299.50,30555.99,31751.87,17,3520123,3940926,10249142272,36346626048
2025-05-14 06:32:18,44.948,4.654,0,0,319.70,30555.99,31751.87,17,3520327,3941130,10249142272,36346626048
2025-05-14 06:32:18,45.343,4.602,0,0,299.50,30555.99,31751.87,17,3520528,3941331,10249142272,36346626048
2025-05-14 06:32:18,45.276,4.651,0,0,319.50,30555.99,31751.87,17,3520730,3941533,10249142272,36346626048
2025-05-14 06:32:18,45.199,4.683,0,0,289.50,30555.99,31751.87,17,3520925,3941728,10249142272,36346626048
2025-05-14 06:32:18,45.081,4.675,0,0,299.50,30555.99,31751.87,17,3521133,3941936,10249142272,36346626048
2025-05-14 06:32:19,45.533,4.635,0,0,319.40,30555.99,31751.87,17,3521338,3942140,10249142272,36346626048
2025-05-14 06:32:19,45.471,4.652,0,0,299.70,30555.99,31751.87,17,3521542,3942344,10249142272,36346626048
2025-05-14 06:32:19,43.609,4.740,0,0,289.40,30555.99,31751.87,17,3521743,3942545,10249142272,36346626048
2025-05-14 06:32:19,44.836,4.617,0,0,329.40,30555.99,31751.87,17,3521940,3942742,10249142272,36346626048
2025-05-14 06:32:19,46.005,4.749,0,0,349.40,30555.99,31751.87,17,3522141,3942943,10249142272,36346626048
2025-05-14 06:32:20,45.959,4.847,0,0,299.50,30555.99,31751.87,17,3522342,3943144,10249142272,36346626048
2025-05-14 06:32:20,45.137,4.747,0,0,319.50,30555.99,31751.87,17,3522547,3943349,10249142272,36346626048
2025-05-14 06:32:20,45.774,4.816,0,0,309.40,30555.99,31751.87,17,3522754,3943558,10249142272,36346634240
2025-05-14 06:32:20,45.530,4.799,0,8192,279.50,30555.99,31751.87,17,3522955,3943759,10249142272,36346634240
2025-05-14 06:32:20,46.979,4.658,0,0,309.50,30555.99,31751.87,17,3523157,3943961,10249142272,36346634240
2025-05-14 06:32:21,45.981,4.552,0,0,329.40,30555.99,31751.87,17,3523359,3944163,10249142272,36346634240
2025-05-14 06:32:21,45.082,4.507,0,0,289.40,30555.99,31751.87,17,3523560,3944364,10249142272,36346634240
2025-05-14 06:32:21,45.143,4.589,0,0,299.50,30555.99,31751.87,17,3523766,3944570,10249142272,36346634240
2025-05-14 06:32:21,45.489,4.509,0,0,289.50,30555.99,31751.87,17,3523973,3944777,10249142272,36346634240
2025-05-14 06:32:21,46.108,4.564,0,0,299.50,30555.99,31751.87,17,3524176,3944980,10249142272,36346634240
2025-05-14 06:32:22,45.634,4.707,0,0,289.50,30555.99,31751.87,17,3524377,3945181,10249142272,36346634240
2025-05-14 06:32:22,45.265,4.588,0,0,309.50,30555.99,31751.87,17,3524685,3945454,10249142272,36346634240
2025-05-14 06:32:22,44.699,4.086,0,0,249.50,30555.99,31751.87,17,3524896,3945662,10249220096,36346634240
2025-05-14 06:32:22,44.076,4.219,77824,73728,319.40,30555.99,31751.87,17,3525269,3946235,10249220096,36350304256
2025-05-14 06:32:22,46.500,4.522,0,3596288,279.50,30555.99,31751.87,17,3525469,3946435,10249220096,36350304256
2025-05-14 06:32:23,45.630,4.522,0,0,299.50,30555.99,31751.87,17,3525671,3946637,10249220096,36350304256
2025-05-14 06:32:23,44.365,4.521,0,0,319.80,30555.99,31751.87,17,3525870,3946836,10249220096,36350304256
2025-05-14 06:32:23,45.899,4.543,0,0,299.40,30555.99,31751.87,17,3526071,3947037,10249220096,36350304256
2025-05-14 06:32:23,45.206,4.443,0,0,299.50,30555.99,31751.87,17,3526267,3947233,10249220096,36350304256
2025-05-14 06:32:23,45.822,4.607,0,0,289.50,30555.99,31751.87,17,3526466,3947432,10249220096,36350304256
2025-05-14 06:32:24,45.240,4.512,0,0,299.50,30555.99,31751.87,17,3526666,3947632,10249220096,36350304256
2025-05-14 06:32:24,44.839,4.528,0,0,319.50,30555.99,31751.87,17,3526871,3947837,10249220096,36350304256
2025-05-14 06:32:24,45.103,4.577,0,0,269.60,30555.99,31751.87,17,3527068,3948034,10249220096,36350304256
2025-05-14 06:32:24,45.174,4.468,0,0,269.50,30555.99,31751.87,17,3527246,3948212,10249220096,36350304256
2025-05-14 06:32:24,45.633,4.527,0,0,299.50,30555.99,31751.87,17,3527447,3948413,10249220096,36350304256
2025-05-14 06:32:25,44.904,4.546,0,0,299.50,30555.99,31751.87,17,3527644,3948610,10249220096,36350304256
2025-05-14 06:32:25,43.912,4.609,0,0,309.40,30555.99,31751.87,17,3527840,3948806,10249220096,36350304256
2025-05-14 06:32:25,45.631,4.591,0,0,309.40,30555.99,31751.87,17,3528044,3949011,10249220096,36350308352
2025-05-14 06:32:25,45.362,4.541,0,4096,269.50,30555.99,31751.87,17,3528233,3949200,10249220096,36350308352
2025-05-14 06:32:25,45.181,4.588,0,0,299.50,30555.99,31751.87,17,3528432,3949399,10249220096,36350308352
2025-05-14 06:32:26,44.737,4.505,0,0,289.50,30555.99,31751.87,17,3528634,3949601,10249220096,36350308352
2025-05-14 06:32:26,44.681,4.498,0,0,349.40,30555.99,31751.87,17,3528841,3949811,10249220096,36350447616
2025-05-14 06:32:26,45.837,4.621,0,139264,349.30,30555.99,31751.87,17,3529127,3950124,10249220096,36350607360
2025-05-14 06:32:26,46.018,4.638,0,159744,249.60,30555.99,31751.87,17,3529316,3950313,10249220096,36350607360
2025-05-14 06:32:26,48.371,4.577,0,0,299.50,30555.99,31751.87,17,3529516,3950513,10249220096,36350607360
2025-05-14 06:32:27,45.238,4.602,0,0,299.50,30555.99,31751.87,17,3529717,3950714,10249220096,36350607360
2025-05-14 06:32:27,45.803,4.713,0,0,309.40,30555.99,31751.87,17,3529914,3950911,10249220096,36350607360
2025-05-14 06:32:27,46.787,4.766,0,0,289.50,30555.99,31751.87,17,3530115,3951113,10249220096,36350611456
2025-05-14 06:32:27,45.788,4.696,0,4096,269.50,30555.99,31751.87,17,3530306,3951305,10249220096,36350640128
2025-05-14 06:32:27,48.384,4.602,0,28672,309.60,30555.99,31751.87,17,3530517,3951516,10249220096,36350640128
2025-05-14 06:32:28,45.148,4.436,0,0,289.40,30555.99,31751.87,17,3530721,3951720,10249220096,36350640128
2025-05-14 06:32:28,44.536,4.489,0,0,319.50,30555.99,31751.87,17,3530922,3951921,10249220096,36350640128
2025-05-14 06:32:28,45.463,4.355,0,0,309.50,30555.99,31751.87,17,3531123,3952122,10249220096,36350640128
2025-05-14 06:32:28,44.808,4.437,0,0,289.50,30555.99,31751.87,17,3531322,3952321,10249220096,36350640128
2025-05-14 06:32:28,44.978,4.454,0,0,349.40,30555.99,31751.87,17,3531523,3952522,10249220096,36350640128
2025-05-14 06:32:29,44.202,4.532,0,0,299.40,30555.99,31751.87,17,3531731,3952735,10249220096,36350668800
2025-05-14 06:32:29,47.794,4.738,0,28672,319.50,30555.99,31751.87,17,3531934,3952938,10249220096,36350668800
2025-05-14 06:32:29,47.991,5.033,0,0,319.40,30555.99,31751.87,17,3532130,3953134,10249220096,36350668800
2025-05-14 06:32:29,46.247,4.853,0,0,279.50,30555.99,31751.87,17,3532329,3953333,10249220096,36350668800
2025-05-14 06:32:29,48.498,4.823,0,0,329.40,30555.99,31751.87,17,3532537,3953541,10249220096,36350668800
2025-05-14 06:32:30,45.075,4.841,0,0,289.80,30555.99,31751.87,17,3532736,3953740,10249220096,36350668800
2025-05-14 06:32:30,45.704,4.814,0,0,319.40,30555.99,31751.87,17,3532945,3953952,10249220096,36350701568
2025-05-14 06:32:30,46.198,4.931,0,32768,349.40,30555.99,31751.87,17,3533152,3954159,10249220096,36350701568
2025-05-14 06:32:30,45.439,4.891,0,0,259.50,30555.99,31751.87,17,3533345,3954352,10249220096,36350701568
2025-05-14 06:32:30,43.732,4.577,0,0,309.50,30555.99,31751.87,17,3533547,3954554,10249220096,36350701568
2025-05-14 06:32:31,45.375,4.566,0,0,299.50,30555.99,31751.87,17,3533748,3954755,10249220096,36350701568
2025-05-14 06:32:31,45.439,4.417,0,0,309.50,30555.99,31751.87,17,3533947,3954954,10249220096,36350701568
2025-05-14 06:32:31,45.142,4.454,0,0,319.50,30555.99,31751.87,17,3534148,3955155,10249220096,36350701568
2025-05-14 06:32:31,45.435,4.530,0,0,299.40,30555.99,31751.87,17,3534349,3955356,10249220096,36350701568
2025-05-14 06:32:31,44.334,4.593,0,2523136,309.40,30555.99,31751.87,17,3534767,3955811,10249220096,36353224704
2025-05-14 06:32:32,45.539,4.769,0,0,309.40,30555.99,31751.87,17,3534969,3956013,10249220096,36353224704
2025-05-14 06:32:32,45.723,4.651,0,0,319.50,30555.99,31751.87,17,3535170,3956214,10249220096,36353224704
2025-05-14 06:32:32,46.854,4.600,0,208896,289.70,30555.99,31751.87,17,3535378,3956426,10249220096,36353433600
2025-05-14 06:32:32,46.972,4.681,0,28672,259.60,30555.99,31751.87,17,3535592,3956644,10249220096,36353527808
2025-05-14 06:32:32,45.041,4.674,0,65536,219.60,30555.99,31751.87,17,3535796,3956847,10249220096,36353527808
2025-05-14 06:32:33,46.912,4.678,0,20480,129.80,30555.99,31751.87,17,3536005,3957064,10249220096,36354072576
2025-05-14 06:32:33,43.057,3.793,0,524288,69.90,30555.99,31751.87,17,3536240,3957322,10249220096,36354191360
2025-05-14 06:32:33,38.969,3.706,0,118784,49.90,30555.99,31751.87,17,3536441,3957523,10249220096,36354191360
2025-05-14 06:32:33,41.027,3.713,0,0,49.90,30555.99,31751.87,17,3536643,3957725,10249220096,36354191360
2025-05-14 06:32:33,43.706,3.807,0,0,49.90,30555.99,31751.87,17,3536844,3957926,10249220096,36354191360
2025-05-14 06:32:34,45.351,3.822,0,0,59.90,30555.99,31751.87,17,3537044,3958126,10249220096,36354191360
2025-05-14 06:32:34,40.813,3.793,0,0,109.80,30555.99,31751.87,17,3537246,3958328,10249220096,36354191360
2025-05-14 06:32:34,44.325,4.212,0,0,59.90,30555.99,31751.87,17,3537447,3958529,10249220096,36354191360
2025-05-14 06:32:34,46.066,3.822,0,0,49.90,30555.99,31751.87,17,3537647,3958729,10249220096,36354191360
2025-05-14 06:32:34,43.140,3.863,0,0,89.90,30555.99,31751.87,17,3537848,3958930,10249220096,36354191360
2025-05-14 06:32:35,38.695,3.742,0,0,79.90,30555.99,31751.87,17,3538049,3959131,10249220096,36354191360
2025-05-14 06:32:35,44.390,3.976,0,0,249.60,30555.99,31751.87,17,3538246,3959327,10249220096,36354191360
2025-05-14 06:32:35,39.991,3.853,0,12288,99.80,30555.99,31751.87,17,3538456,3959540,10249220096,36354203648
2025-05-14 06:32:35,46.602,4.239,0,0,149.70,30555.99,31751.87,17,3538649,3959733,10249220096,36354203648
2025-05-14 06:32:35,47.406,4.100,0,0,149.70,30555.99,31751.87,17,3538850,3959934,10249220096,36354203648
2025-05-14 06:32:36,43.358,3.936,0,0,169.70,30555.99,31751.87,17,3539052,3960136,10249220096,36354203648
2025-05-14 06:32:36,42.579,3.895,0,8192,159.70,30555.99,31751.87,17,3539259,3960345,10249220096,36354211840
2025-05-14 06:32:36,42.699,3.929,0,0,179.70,30555.99,31751.87,17,3539460,3960546,10249220096,36354211840
2025-05-14 06:32:36,44.609,3.884,0,0,159.70,30555.99,31751.87,17,3539660,3960746,10249220096,36354211840
2025-05-14 06:32:36,44.036,3.890,0,0,149.70,30555.99,31751.87,17,3539862,3960948,10249220096,36354211840
2025-05-14 06:32:37,42.270,3.845,0,0,149.70,30555.99,31751.87,17,3540063,3961149,10249220096,36354211840
2025-05-14 06:32:37,42.661,3.810,0,0,149.70,30555.99,31751.87,17,3540264,3961350,10249220096,36354211840
2025-05-14 06:32:37,42.507,3.805,0,0,159.70,30555.99,31751.87,17,3540465,3961551,10249220096,36354211840
2025-05-14 06:32:37,43.731,3.868,0,0,159.70,30555.99,31751.87,17,3540666,3961752,10249220096,36354211840
2025-05-14 06:32:37,42.729,3.841,0,0,149.70,30555.99,31751.87,17,3540870,3961957,10249220096,36354215936
2025-05-14 06:32:38,42.302,3.878,0,4096,149.70,30555.99,31751.87,17,3541071,3962158,10249220096,36354215936
2025-05-14 06:32:38,44.735,3.948,0,0,119.70,30555.99,31751.87,17,3541272,3962359,10249220096,36354215936
2025-05-14 06:32:38,41.948,3.818,0,0,69.80,30555.99,31751.87,17,3541474,3962561,10249220096,36354215936
2025-05-14 06:32:38,40.092,3.736,0,0,89.80,30555.99,31751.87,17,3541674,3962761,10249220096,36354215936
2025-05-14 06:32:38,44.589,3.881,0,0,59.90,30555.99,31751.87,17,3541876,3962963,10249220096,36354215936
2025-05-14 06:32:39,39.637,3.704,0,0,79.90,30555.99,31751.87,17,3542077,3963164,10249220096,36354215936
2025-05-14 06:32:39,40.747,3.750,0,0,59.90,30555.99,31751.87,17,3542282,3963372,10249220096,36354228224
2025-05-14 06:32:39,40.404,3.766,0,12288,109.80,30555.99,31751.87,17,3542481,3963571,10249220096,36354228224
2025-05-14 06:32:39,42.135,3.834,0,0,49.90,30555.99,31751.87,17,3542682,3963772,10249220096,36354228224
2025-05-14 06:32:39,46.204,3.863,0,0,59.90,30555.99,31751.87,17,3542883,3963973,10249220096,36354228224
2025-05-14 06:32:40,38.823,3.738,0,0,49.90,30555.99,31751.87,17,3543084,3964174,10249220096,36354228224
2025-05-14 06:32:40,40.695,3.771,0,0,49.90,30555.99,31751.87,17,3543286,3964376,10249220096,36354228224
2025-05-14 06:32:40,39.813,3.735,0,0,69.90,30555.99,31751.87,17,3543487,3964577,10249220096,36354228224
2025-05-14 06:32:40,40.470,3.742,0,0,109.80,30555.99,31751.87,17,3543743,3964924,10249220096,36356194304
2025-05-14 06:32:40,43.788,3.931,0,2031616,49.90,30555.99,31751.87,17,3543947,3965129,10249220096,36356259840
2025-05-14 06:32:41,42.767,4.108,0,0,69.90,30555.99,31751.87,17,3544142,3965324,10249220096,36356259840
2025-05-14 06:32:41,45.549,4.129,0,0,59.90,30555.99,31751.87,17,3544343,3965525,10249220096,36356259840
2025-05-14 06:32:41,39.006,3.693,0,0,99.80,30555.99,31751.87,17,3544545,3965727,10249220096,36356259840
2025-05-14 06:32:41,41.540,3.842,0,0,49.90,30555.99,31751.87,17,3544745,3965927,10249220096,36356259840
2025-05-14 06:32:42,45.074,3.790,0,12288,39.90,30555.99,31751.87,17,3544956,3966144,10249220096,36356272128
2025-05-14 06:32:42,41.900,3.735,0,0,59.90,30555.99,31751.87,17,3545157,3966345,10249220096,36356272128
2025-05-14 06:32:42,42.987,3.959,0,0,139.70,30555.99,31751.87,17,3545353,3966541,10249220096,36356272128
2025-05-14 06:32:42,44.399,4.111,0,0,159.70,30555.99,31751.87,17,3545553,3966741,10249220096,36356272128
2025-05-14 06:32:42,45.104,3.977,0,0,159.70,30555.99,31751.87,17,3545740,3966928,10249220096,36356272128
2025-05-14 06:32:43,45.348,3.951,0,0,149.80,30555.99,31751.87,17,3545941,3967129,10249220096,36356272128
2025-05-14 06:32:43,42.396,3.876,0,0,159.70,30555.99,31751.87,17,3546142,3967330,10249220096,36356272128
2025-05-14 06:32:43,41.241,3.870,0,0,179.70,30555.99,31751.87,17,3546343,3967531,10249220096,36356272128
2025-05-14 06:32:43,42.460,3.861,0,0,149.80,30555.99,31751.87,17,3546544,3967732,10249220096,36356272128
2025-05-14 06:32:43,43.992,3.921,0,0,159.70,30555.99,31751.87,17,3546745,3967934,10249220096,36356272128
2025-05-14 06:32:44,43.219,3.906,0,0,169.70,30555.99,31751.87,17,3546947,3968135,10249220096,36356272128
2025-05-14 06:32:44,42.548,3.854,0,0,149.70,30555.99,31751.87,17,3547148,3968336,10249220096,36356272128
2025-05-14 06:32:44,43.047,3.984,0,4096,149.70,30555.99,31751.87,17,3547352,3968541,10249220096,36356276224
2025-05-14 06:32:44,42.079,3.790,0,0,159.70,30555.99,31751.87,17,3547552,3968741,10249220096,36356276224
2025-05-14 06:32:44,44.202,3.863,0,0,159.70,30555.99,31751.87,17,3547746,3968935,10249220096,36356276224
2025-05-14 06:32:45,42.694,3.787,0,0,159.70,30555.99,31751.87,17,3547948,3969137,10249220096,36356276224
2025-05-14 06:32:45,41.525,3.827,0,0,59.90,30555.99,31751.87,17,3548149,3969338,10249220096,36356276224
2025-05-14 06:32:45,37.547,3.687,0,0,89.80,30555.99,31751.87,17,3548350,3969539,10249220096,36356276224
2025-05-14 06:32:45,41.959,3.813,0,0,69.90,30555.99,31751.87,17,3548551,3969740,10249220096,36356276224
2025-05-14 06:32:45,44.375,3.879,0,0,79.80,30555.99,31751.87,17,3548747,3969936,10249220096,36356276224
2025-05-14 06:32:46,43.193,3.852,0,0,39.90,30555.99,31751.87,17,3548948,3970137,10249220096,36356276224
2025-05-14 06:32:46,40.405,3.718,0,0,59.90,30555.99,31751.87,17,3549149,3970338,10249220096,36356276224
2025-05-14 06:32:46,39.735,3.699,0,0,49.90,30555.99,31751.87,17,3549350,3970539,10249220096,36356276224
2025-05-14 06:32:46,39.235,3.727,0,0,59.90,30555.99,31751.87,17,3549550,3970739,10249220096,36356276224
2025-05-14 06:32:46,44.157,3.787,0,0,49.90,30555.99,31751.87,17,3549753,3970942,10249220096,36356276224
2025-05-14 06:32:47,43.238,3.787,0,0,39.90,30555.99,31751.87,17,3549955,3971144,10249220096,36356276224
2025-05-14 06:32:47,38.418,3.689,0,4096,109.80,30555.99,31751.87,17,3550225,3971440,10249220096,36357832704
2025-05-14 06:32:47,39.601,3.812,0,2076672,69.90,30555.99,31751.87,17,3550430,3971650,10249220096,36358356992
2025-05-14 06:32:47,42.219,4.111,0,0,59.90,30555.99,31751.87,17,3550631,3971851,10249220096,36358356992
2025-05-14 06:32:47,46.973,3.954,0,0,49.90,30555.99,31751.87,17,3550831,3972051,10249220096,36358356992
2025-05-14 06:32:48,45.139,3.899,0,0,59.90,30555.99,31751.87,17,3551037,3972257,10249220096,36358356992
2025-05-14 06:32:48,41.863,4.123,0,0,129.80,30555.99,31751.87,17,3551241,3972462,10249220096,36358361088
2025-05-14 06:32:48,42.716,5.094,0,12288,139.80,30555.99,31751.87,17,3551445,3972667,10249220096,36358369280
2025-05-14 06:32:48,42.715,4.900,0,0,139.80,30555.99,31751.87,17,3551645,3972867,10249220096,36358369280
2025-05-14 06:32:48,46.162,5.693,0,0,109.80,30555.99,31751.87,17,3551847,3973069,10249220096,36358369280
2025-05-14 06:32:49,46.662,4.295,0,0,179.70,30555.99,31751.87,17,3552047,3973269,10249220096,36358369280
2025-05-14 06:32:49,43.863,4.321,0,0,459.20,30555.99,31751.87,17,3552246,3973468,10249220096,36358369280
2025-05-14 06:32:49,43.165,4.197,0,0,159.70,30555.99,31751.87,17,3552447,3973669,10249220096,36358369280
2025-05-14 06:32:49,42.706,3.902,0,0,159.70,30555.99,31751.87,17,3552649,3973871,10249220096,36358369280
2025-05-14 06:32:49,45.226,3.960,0,0,169.70,30555.99,31751.87,17,3552844,3974066,10249220096,36358369280
2025-05-14 06:32:50,42.939,3.881,0,0,159.70,30555.99,31751.87,17,3553045,3974267,10249220096,36358369280
2025-05-14 06:32:50,43.492,4.267,0,0,239.60,30555.99,31751.87,17,3553250,3974472,10249220096,36358369280
2025-05-14 06:32:50,43.259,4.079,0,8192,149.70,30555.99,31751.87,17,3553456,3974680,10249220096,36358377472
2025-05-14 06:32:50,42.678,3.768,0,0,159.70,30555.99,31751.87,17,3553653,3974877,10249220096,36358377472
2025-05-14 06:32:50,43.921,3.906,0,0,149.70,30555.99,31751.87,17,3553854,3975078,10249220096,36358377472
2025-05-14 06:32:51,42.312,3.836,0,0,169.70,30555.99,31751.87,17,3554055,3975279,10249220096,36358377472
2025-05-14 06:32:51,43.416,4.228,0,0,289.50,30555.99,31751.87,17,3554254,3975478,10249220096,36358377472
2025-05-14 06:32:51,43.304,4.175,0,0,149.70,30555.99,31751.87,17,3554456,3975680,10249220096,36358377472
2025-05-14 06:32:51,42.470,3.872,0,0,89.80,30555.99,31751.87,17,3554652,3975876,10249220096,36358377472
2025-05-14 06:32:51,43.406,3.848,0,0,59.90,30555.99,31751.87,17,3554853,3976077,10249220096,36358377472
2025-05-14 06:32:52,41.601,3.900,0,0,39.90,30555.99,31751.87,17,3555054,3976278,10249220096,36358377472
2025-05-14 06:32:52,41.957,3.980,0,0,89.90,30555.99,31751.87,17,3555264,3976491,10249220096,36358389760
2025-05-14 06:32:52,40.332,3.819,0,12288,49.90,30555.99,31751.87,17,3555465,3976692,10249220096,36358389760
2025-05-14 06:32:52,40.127,3.772,0,0,39.90,30555.99,31751.87,17,3555662,3976889,10249220096,36358389760
2025-05-14 06:32:52,43.212,3.780,0,0,59.90,30555.99,31751.87,17,3555863,3977090,10249220096,36358389760
2025-05-14 06:32:53,39.747,3.770,0,0,49.90,30555.99,31751.87,17,3556064,3977291,10249220096,36358389760
2025-05-14 06:32:53,40.207,3.739,0,0,49.90,30555.99,31751.87,17,3556265,3977492,10249220096,36358389760
2025-05-14 06:32:53,40.641,3.744,0,0,69.90,30555.99,31751.87,17,3556467,3977694,10249220096,36358389760
2025-05-14 06:32:53,37.392,3.695,0,0,109.80,30555.99,31751.87,17,3556764,3978026,10249220096,36359942144
2025-05-14 06:32:53,43.152,3.880,0,2080768,59.90,30555.99,31751.87,17,3556974,3978242,10249220096,36360470528
2025-05-14 06:32:54,41.381,4.064,0,0,69.90,30555.99,31751.87,17,3557175,3978443,10249220096,36360470528
2025-05-14 06:32:54,45.930,3.951,0,0,39.90,30555.99,31751.87,17,3557376,3978644,10249220096,36360470528
2025-05-14 06:32:54,40.650,3.787,0,0,89.90,30555.99,31751.87,17,3557577,3978845,10249220096,36360470528
2025-05-14 06:32:54,40.757,3.840,0,0,69.90,30555.99,31751.87,17,3557776,3979044,10249220096,36360470528
2025-05-14 06:32:54,45.305,3.878,0,0,49.90,30555.99,31751.87,17,3557974,3979242,10249220096,36360470528
2025-05-14 06:32:55,46.324,3.858,0,0,49.90,30555.99,31751.87,17,3558175,3979443,10249220096,36360470528
2025-05-14 06:32:55,46.233,3.885,0,0,219.60,30555.99,31751.87,17,3558373,3979641,10249220096,36360470528
2025-05-14 06:32:55,44.492,4.258,0,0,169.70,30555.99,31751.87,17,3558573,3979841,10249220096,36360470528
2025-05-14 06:32:55,43.052,4.013,0,0,149.70,30555.99,31751.87,17,3558774,3980042,10249220096,36360470528
2025-05-14 06:32:55,44.337,3.935,0,0,159.70,30555.99,31751.87,17,3558975,3980243,10249220096,36360470528
2025-05-14 06:32:56,42.904,3.929,0,0,159.80,30555.99,31751.87,17,3559176,3980444,10249220096,36360470528
2025-05-14 06:32:56,42.694,3.951,0,0,169.70,30555.99,31751.87,17,3559381,3980650,10249220096,36360474624
2025-05-14 06:32:56,42.084,3.901,0,4096,159.70,30555.99,31751.87,17,3559582,3980851,10249220096,36360474624
2025-05-14 06:32:56,42.851,3.980,0,0,149.70,30555.99,31751.87,17,3559781,3981050,10249220096,36360474624
2025-05-14 06:32:56,44.473,4.016,0,0,149.80,30555.99,31751.87,17,3559982,3981251,10249220096,36360474624
2025-05-14 06:32:57,42.458,3.858,0,0,159.70,30555.99,31751.87,17,3560184,3981453,10249220096,36360474624
2025-05-14 06:32:57,43.995,3.881,0,0,149.70,30555.99,31751.87,17,3560385,3981654,10249220096,36360474624
2025-05-14 06:32:57,42.479,3.831,0,0,159.70,30555.99,31751.87,17,3560586,3981855,10249220096,36360474624
2025-05-14 06:32:57,42.397,3.885,0,0,159.70,30555.99,31751.87,17,3560778,3982047,10249220096,36360474624
2025-05-14 06:32:57,44.118,3.850,0,0,159.80,30555.99,31751.87,17,3560980,3982249,10249220096,36360474624
2025-05-14 06:32:58,41.994,3.860,0,0,69.90,30555.99,31751.87,17,3561181,3982450,10249220096,36360474624
2025-05-14 06:32:58,37.236,3.719,0,0,79.90,30555.99,31751.87,17,3561382,3982651,10249220096,36360474624
2025-05-14 06:32:58,40.062,3.782,0,0,59.90,30555.99,31751.87,17,3561583,3982852,10249220096,36360474624
2025-05-14 06:32:58,40.483,3.732,0,0,69.90,30555.99,31751.87,17,3561783,3983052,10249220096,36360474624
2025-05-14 06:32:58,46.705,3.901,0,0,39.90,30555.99,31751.87,17,3561980,3983249,10249220096,36360474624
2025-05-14 06:32:59,44.178,3.711,0,0,59.90,30555.99,31751.87,17,3562181,3983450,10249220096,36360474624
2025-05-14 06:32:59,40.242,3.646,0,0,39.90,30555.99,31751.87,17,3562382,3983651,10249220096,36360474624
2025-05-14 06:32:59,40.150,3.716,0,0,69.90,30555.99,31751.87,17,3562583,3983852,10249220096,36360474624
2025-05-14 06:32:59,39.853,3.797,0,0,49.90,30555.99,31751.87,17,3562779,3984048,10249220096,36360474624
2025-05-14 06:32:59,47.074,3.897,0,0,89.80,30555.99,31751.87,17,3562978,3984247,10249220096,36360474624
2025-05-14 06:33:00,40.439,3.760,0,0,69.90,30555.99,31751.87,17,3563226,3984518,10249220096,36361936896
2025-05-14 06:33:00,39.351,3.729,0,1986560,99.80,30555.99,31751.87,17,3563433,3984733,10249220096,36362489856
2025-05-14 06:33:00,38.697,3.755,0,458752,59.90,30555.99,31751.87,17,3563653,3984961,10249220096,36362919936
2025-05-14 06:33:00,42.578,3.945,0,0,109.80,30555.99,31751.87,17,3563851,3985159,10249220096,36362919936
2025-05-14 06:33:00,48.174,4.260,0,0,49.90,30555.99,31751.87,17,3564052,3985360,10249220096,36362919936
2025-05-14 06:33:01,45.784,3.851,0,0,49.90,30555.99,31751.87,17,3564253,3985561,10249220096,36362919936
2025-05-14 06:33:01,41.567,3.892,0,0,59.90,30555.99,31751.87,17,3564454,3985762,10249220096,36362919936
2025-05-14 06:33:01,39.146,3.855,0,0,49.90,30555.99,31751.87,17,3564655,3985963,10249220096,36362919936
2025-05-14 06:33:01,40.563,3.756,0,0,49.90,30555.99,31751.87,17,3564855,3986163,10249220096,36362919936
2025-05-14 06:33:01,46.436,3.933,0,1843200,239.50,30555.99,31751.87,17,3565038,3986385,10249220096,36364763136
2025-05-14 06:33:02,47.817,4.499,0,0,169.70,30555.99,31751.87,17,3565235,3986582,10249220096,36364763136
2025-05-14 06:33:02,47.257,4.279,0,0,279.50,30555.99,31751.87,17,3565436,3986783,10249220096,36364763136
2025-05-14 06:33:02,45.056,4.199,0,0,159.80,30555.99,31751.87,17,3565638,3986985,10249220096,36364763136
2025-05-14 06:33:02,43.184,3.963,0,0,149.70,30555.99,31751.87,17,3565837,3987184,10249220096,36364763136
2025-05-14 06:33:02,44.596,3.912,0,0,149.70,30555.99,31751.87,17,3566038,3987385,10249220096,36364763136
2025-05-14 06:33:03,42.501,3.863,0,0,159.70,30555.99,31751.87,17,3566239,3987586,10249220096,36364763136
2025-05-14 06:33:03,41.870,3.842,0,0,159.70,30555.99,31751.87,17,3566441,3987788,10249220096,36364763136
2025-05-14 06:33:03,42.463,3.863,0,0,149.70,30555.99,31751.87,17,3566642,3987989,10249220096,36364763136
2025-05-14 06:33:03,43.064,3.884,0,0,149.70,30555.99,31751.87,17,3566843,3988190,10249220096,36364763136
2025-05-14 06:33:03,45.140,3.993,0,0,149.80,30555.99,31751.87,17,3567044,3988391,10249220096,36364763136
2025-05-14 06:33:04,42.860,3.929,0,0,169.70,30555.99,31751.87,17,3567246,3988593,10249220096,36364763136
2025-05-14 06:33:04,42.181,3.859,0,0,159.70,30555.99,31751.87,17,3567450,3988798,10249220096,36364767232
2025-05-14 06:33:04,42.579,3.898,0,4096,159.70,30555.99,31751.87,17,3567651,3988999,10249220096,36364767232
2025-05-14 06:33:04,42.628,3.853,0,0,59.90,30555.99,31751.87,17,3567851,3989199,10249220096,36364767232
2025-05-14 06:33:04,40.513,3.705,0,0,49.90,30555.99,31751.87,17,3568053,3989401,10249220096,36364767232
2025-05-14 06:33:05,40.078,3.833,0,0,39.90,30555.99,31751.87,17,3568254,3989602,10249220096,36364767232
2025-05-14 06:33:05,42.690,3.934,0,0,369.40,30555.99,31751.87,17,3568455,3989803,10249220096,36364767232
2025-05-14 06:33:05,43.585,3.957,0,0,49.90,30555.99,31751.87,17,3568656,3990004,10249220096,36364767232
2025-05-14 06:33:05,43.211,3.753,0,0,39.90,30555.99,31751.87,17,3568849,3990197,10249220096,36364767232
2025-05-14 06:33:05,45.165,3.682,0,0,59.90,30555.99,31751.87,17,3569051,3990399,10249220096,36364767232
2025-05-14 06:33:06,38.438,3.743,0,0,49.90,30555.99,31751.87,17,3569252,3990600,10249220096,36364767232
2025-05-14 06:33:06,41.228,3.761,0,0,69.90,30555.99,31751.87,17,3569453,3990801,10249220096,36364767232
2025-05-14 06:33:06,39.855,3.806,0,0,59.90,30555.99,31751.87,17,3569654,3991002,10249220096,36364767232
2025-05-14 06:33:06,40.239,3.712,0,0,49.90,30555.99,31751.87,17,3569853,3991201,10249220096,36364767232
2025-05-14 06:33:06,41.619,3.698,0,0,69.90,30555.99,31751.87,17,3570054,3991402,10249220096,36364767232
2025-05-14 06:33:07,38.819,3.852,0,1544192,59.90,30555.99,31751.87,17,3570351,3991736,10249220096,36366819328
2025-05-14 06:33:07,38.819,3.745,0,507904,59.90,30555.99,31751.87,17,3570552,3991937,10249220096,36366819328
2025-05-14 06:33:07,38.735,3.760,0,0,49.90,30555.99,31751.87,17,3570754,3992139,10249220096,36366819328
2025-05-14 06:33:07,40.539,3.744,0,0,49.90,30555.99,31751.87,17,3570954,3992339,10249220096,36366819328
2025-05-14 06:33:07,38.965,3.791,0,0,59.90,30555.99,31751.87,17,3571155,3992540,10249220096,36366819328
2025-05-14 06:33:08,42.960,3.841,0,0,49.90,30555.99,31751.87,17,3571356,3992741,10249220096,36366819328
2025-05-14 06:33:08,42.885,3.778,0,8192,59.90,30555.99,31751.87,17,3571564,3992951,10249220096,36366827520
2025-05-14 06:33:08,38.313,3.761,0,0,49.90,30555.99,31751.87,17,3571765,3993152,10249220096,36366827520
2025-05-14 06:33:08,40.731,3.716,0,0,49.90,30555.99,31751.87,17,3571962,3993349,10249220096,36366827520
2025-05-14 06:33:08,46.750,3.798,0,0,69.90,30555.99,31751.87,17,3572157,3993544,10249220096,36366827520
2025-05-14 06:33:09,45.787,3.831,0,0,59.90,30555.99,31751.87,17,3572358,3993745,10249220096,36366827520
2025-05-14 06:33:09,40.903,3.832,0,4096,109.80,30555.99,31751.87,17,3572562,3993950,10249220096,36366831616
2025-05-14 06:33:09,45.718,4.248,0,0,79.90,30555.99,31751.87,17,3572763,3994151,10249220096,36366831616
2025-05-14 06:33:09,44.745,3.869,0,0,39.90,30555.99,31751.87,17,3572964,3994352,10249220096,36366831616
2025-05-14 06:33:09,41.855,3.812,0,0,109.80,30555.99,31751.87,17,3573165,3994553,10249220096,36366831616
2025-05-14 06:33:10,38.696,3.932,0,0,69.90,30555.99,31751.87,17,3573366,3994754,10249220096,36366831616
2025-05-14 06:33:10,39.428,3.779,0,0,69.90,30555.99,31751.87,17,3573567,3994955,10249220096,36366831616
2025-05-14 06:33:10,38.718,3.747,0,0,109.80,30555.99,31751.87,17,3573767,3995155,10249220096,36366831616
2025-05-14 06:33:10,45.645,4.453,0,28672,159.70,30555.99,31751.87,17,3573968,3995358,10249220096,36366860288
2025-05-14 06:33:10,46.120,4.172,0,0,179.70,30555.99,31751.87,17,3574170,3995560,10249220096,36366860288
2025-05-14 06:33:11,43.530,4.128,0,0,159.70,30555.99,31751.87,17,3574372,3995762,10249220096,36366860288
2025-05-14 06:33:11,42.467,4.029,0,0,149.70,30555.99,31751.87,17,3574573,3995963,10249220096,36366860288
2025-05-14 06:33:11,43.058,4.200,0,0,169.70,30555.99,31751.87,17,3574774,3996164,10249220096,36366860288
2025-05-14 06:33:11,44.462,4.046,0,0,169.80,30555.99,31751.87,17,3574975,3996365,10249220096,36366860288
2025-05-14 06:33:11,45.617,3.942,0,0,169.70,30555.99,31751.87,17,3575176,3996566,10249220096,36366860288
2025-05-14 06:33:12,41.018,3.917,0,0,159.70,30555.99,31751.87,17,3575377,3996768,10249220096,36366860288
2025-05-14 06:33:12,41.804,3.911,0,0,159.70,30555.99,31751.87,17,3575579,3996969,10249220096,36366860288
2025-05-14 06:33:12,42.477,3.833,0,0,169.70,30555.99,31751.87,17,3575780,3997170,10249220096,36366860288
2025-05-14 06:33:12,43.701,3.901,0,0,149.80,30555.99,31751.87,17,3575980,3997370,10249220096,36366860288
2025-05-14 06:33:12,42.067,3.804,0,0,159.70,30555.99,31751.87,17,3576181,3997571,10249220096,36366860288
2025-05-14 06:33:13,41.631,3.978,0,0,169.70,30555.99,31751.87,17,3576381,3997771,10249220096,36366860288
2025-05-14 06:33:13,44.130,4.108,0,0,159.70,30555.99,31751.87,17,3576582,3997972,10249220096,36366860288
2025-05-14 06:33:13,40.937,3.933,0,0,69.90,30555.99,31751.87,17,3576783,3998173,10249220096,36366860288
2025-05-14 06:33:13,41.010,3.757,0,0,59.90,30555.99,31751.87,17,3576984,3998374,10249220096,36366860288
2025-05-14 06:33:13,41.664,3.933,163840,0,159.70,30555.99,31751.87,17,3577203,3998588,10249383936,36366860288
2025-05-14 06:33:14,42.711,4.071,0,12288,59.90,30555.99,31751.87,17,3577412,3998800,10249383936,36366872576
2025-05-14 06:33:14,42.156,4.125,81920,1490944,69.90,30555.99,31751.87,17,3577716,3999116,10249465856,36368941056
2025-05-14 06:33:14,42.018,3.808,0,577536,59.90,30555.99,31751.87,17,3577916,3999316,10249465856,36368941056
2025-05-14 06:33:14,42.241,3.698,0,0,49.90,30555.99,31751.87,17,3578113,3999513,10249465856,36368941056
2025-05-14 06:33:15,40.739,3.734,0,0,59.90,30555.99,31751.87,17,3578314,3999714,10249465856,36368941056
2025-05-14 06:33:15,39.924,3.701,0,0,59.90,30555.99,31751.87,17,3578516,3999916,10249465856,36368941056
2025-05-14 06:33:15,38.270,3.663,0,0,59.90,30555.99,31751.87,17,3578717,4000117,10249465856,36368941056
2025-05-14 06:33:15,39.970,3.711,0,0,59.90,30555.99,31751.87,17,3578918,4000318,10249465856,36368941056
2025-05-14 06:33:15,42.233,3.756,0,0,49.90,30555.99,31751.87,17,3579117,4000517,10249465856,36368941056
2025-05-14 06:33:16,42.379,3.750,0,0,79.90,30555.99,31751.87,17,3579321,4000720,10249465856,36368941056
2025-05-14 06:33:16,41.412,3.995,16384,3293184,49.90,30555.99,31751.87,17,3579615,4001060,10249482240,36372430848
2025-05-14 06:33:16,40.378,3.666,0,217088,79.90,30555.99,31751.87,17,3579837,4001279,10249494528,36372451328
2025-05-14 06:33:16,41.190,3.911,1077248,0,159.70,30555.99,31751.87,17,3580195,4001586,10250977280,36372459520
2025-05-14 06:33:16,45.684,4.099,434176,8192,149.70,30555.99,31751.87,17,3580463,4001855,10251034624,36372578304
2025-05-14 06:33:17,42.302,4.121,147456,270336,219.70,30555.99,31751.87,17,3580741,4002132,10251177984,36373061632
2025-05-14 06:33:17,44.959,4.470,94208,507904,249.60,30555.99,31751.87,17,3581032,4002431,10251309056,36373835776
2025-05-14 06:33:17,43.329,4.309,151552,847872,219.60,30555.99,31751.87,17,3581332,4002736,10251456512,36374294528
2025-05-14 06:33:17,44.780,4.463,487424,528384,309.50,30555.99,31751.87,17,3581723,4003134,10251923456,36375293952
2025-05-14 06:33:17,45.743,4.886,151552,872448,279.50,30555.99,31751.87,17,3582080,4003499,10252226560,36375826432
2025-05-14 06:33:18,47.941,5.038,200704,823296,608.90,30555.99,31751.87,17,3582664,4004055,10252226560,36377014272
2025-05-14 06:33:18,49.236,5.802,0,1359872,499.10,30555.99,31751.87,17,3583053,4004483,10252226560,36378120192
2025-05-14 06:33:18,47.961,5.584,0,790528,539.00,30555.99,31751.87,17,3584130,4005830,10252226560,36386856960
2025-05-14 06:33:18,49.272,5.415,4096,9232384,329.40,30555.99,31751.87,17,3584543,4006287,10252255232,36388495360
2025-05-14 06:33:18,45.611,4.664,32768,1101824,169.70,30555.99,31751.87,17,3584912,4006655,10252283904,36389015552
2025-05-14 06:33:19,43.658,4.444,61440,364544,189.70,30555.99,31751.87,17,3585250,4006990,10252333056,36389363712
2025-05-14 06:33:19,44.529,4.344,8192,970752,199.60,30555.99,31751.87,17,3585549,4007328,10252333056,36390412288
2025-05-14 06:33:19,45.244,4.541,0,626688,179.70,30555.99,31751.87,17,3585830,4007640,10252333056,36391223296
2025-05-14 06:33:19,42.789,4.141,188416,585728,189.70,30555.99,31751.87,17,3586083,4007888,10252591104,36391362560
2025-05-14 06:33:19,43.190,4.052,237568,360448,169.70,30555.99,31751.87,17,3586353,4008156,10252779520,36391862272
2025-05-14 06:33:20,42.779,4.304,40960,643072,159.70,30555.99,31751.87,17,3586635,4008443,10252910592,36392620032
2025-05-14 06:33:20,42.002,4.007,172032,643072,459.20,30555.99,31751.87,17,3586995,4008787,10253008896,36393578496
2025-05-14 06:33:20,49.795,5.502,102400,1167360,569.00,30555.99,31751.87,17,3587536,4009265,10253082624,36394422272
2025-05-14 06:33:20,49.902,5.546,94208,1286144,549.10,30555.99,31751.87,17,3587965,4009690,10253168640,36395773952
2025-05-14 06:33:20,48.030,5.448,0,745472,479.00,30555.99,31751.87,17,3588286,4010027,10253168640,36396605440
2025-05-14 06:33:21,47.497,5.361,4096,1122304,529.00,30555.99,31751.87,17,3588597,4010369,10253189120,36397703168
2025-05-14 06:33:21,48.029,5.321,20480,622592,598.90,30555.99,31751.87,17,3588900,4010693,10253205504,36398309376
2025-05-14 06:33:21,49.120,5.477,20480,663552,519.10,30555.99,31751.87,17,3589336,4011140,10253238272,36399013888
2025-05-14 06:33:21,48.417,5.732,45056,815104,559.10,30555.99,31751.87,17,3589733,4011578,10253279232,36399902720
2025-05-14 06:33:21,47.662,5.225,24576,770048,479.10,30555.99,31751.87,17,3590049,4011917,10253283328,36400377856
2025-05-14 06:33:22,47.906,5.207,0,491520,469.10,30555.99,31751.87,17,3590397,4012311,10253283328,36401115136
2025-05-14 06:33:22,47.327,5.313,8192,888832,419.30,30555.99,31751.87,17,3590664,4012581,10253312000,36401561600
2025-05-14 06:33:22,46.463,4.962,180224,53248,449.10,30555.99,31751.87,17,3590914,4012843,10253471744,36401717248
2025-05-14 06:33:22,47.968,5.254,53248,8568832,459.10,30555.99,31815.90,29,3591769,4014134,10253524992,36410699776
2025-05-14 06:33:22,47.125,5.421,0,708608,588.80,30555.99,31815.90,29,3592122,4014514,10253524992,36411727872
2025-05-14 06:33:23,49.530,5.689,28672,1110016,509.00,30555.99,31815.90,29,3592553,4015012,10253553664,36415070208
2025-05-14 06:33:23,47.550,5.127,0,3645440,499.10,30555.99,31815.90,29,3592787,4015265,10253553664,36416176128
2025-05-14 06:33:23,47.028,5.064,0,569344,459.10,30555.99,31815.90,29,3593041,4015531,10253553664,36416737280
2025-05-14 06:33:23,47.916,5.267,32768,1204224,479.10,30555.99,31815.90,29,3593380,4015914,10253594624,36417777664
2025-05-14 06:33:23,47.180,5.045,8192,540672,409.20,30555.99,31815.90,29,3593654,4016200,10253594624,36418035712
2025-05-14 06:33:24,45.606,4.942,0,90112,449.00,30555.99,31815.90,29,3593870,4016423,10253594624,36418252800
2025-05-14 06:33:24,46.259,5.033,0,331776,409.20,30555.99,31815.90,29,3594111,4016669,10253598720,36418498560
2025-05-14 06:33:24,46.821,5.164,4096,180224,439.30,30555.99,31815.90,29,3594308,4016870,10253598720,36418584576
2025-05-14 06:33:24,45.731,4.953,0,479232,379.30,30555.99,31815.90,29,3594513,4017080,10253598720,36419043328
2025-05-14 06:33:24,45.623,5.042,0,106496,469.10,30555.99,31815.90,29,3594834,4017435,10253598720,36419756032
2025-05-14 06:33:25,47.851,5.245,0,954368,399.30,30555.99,31815.90,29,3595114,4017733,10253598720,36420366336
2025-05-14 06:33:25,47.705,4.994,0,466944,389.30,30555.99,31815.90,29,3595330,4017954,10253598720,36420702208
2025-05-14 06:33:25,48.448,5.250,0,131072,279.40,30555.99,31815.90,29,3595530,4018154,10253598720,36420702208
2025-05-14 06:33:25,48.117,4.688,0,12288,369.30,30555.99,31815.90,29,3595734,4018360,10253598720,36420780032
2025-05-14 06:33:25,48.414,4.586,0,65536,289.50,30555.99,31815.90,29,3595922,4018550,10253598720,36420800512
2025-05-14 06:33:26,48.642,4.738,0,176128,419.10,30555.99,31815.90,29,3596141,4018775,10253615104,36421349376
2025-05-14 06:33:26,46.839,5.044,774144,446464,509.10,30555.99,31815.90,29,3596433,4019069,10254454784,36421873664
2025-05-14 06:33:26,47.754,5.062,81920,581632,369.30,30555.99,31815.90,29,3596675,4019326,10254454784,36422144000
2025-05-14 06:33:26,46.938,5.245,0,7700480,269.50,30556.00,31815.90,29,3597456,4020296,10254454784,36429975552
2025-05-14 06:33:26,48.155,4.445,0,376832,269.70,30556.00,31815.90,29,3597656,4020505,10254454784,36430127104
2025-05-14 06:33:27,46.269,4.726,0,65536,349.40,30556.00,31815.90,29,3597861,4020710,10254454784,36430127104
2025-05-14 06:33:27,45.643,4.530,0,0,349.40,30556.00,31815.90,29,3598072,4020917,10254475264,36430127104
2025-05-14 06:33:27,45.736,4.566,20480,0,339.40,30556.00,31815.90,29,3598279,4021126,10254475264,36430266368
2025-05-14 06:33:27,45.192,4.869,12288,143360,349.40,30556.00,31815.90,29,3598504,4021351,10254491648,36430467072
2025-05-14 06:33:27,46.041,4.705,4096,237568,359.40,30556.00,31815.90,29,3598718,4021571,10254491648,36430770176
2025-05-14 06:33:28,45.205,4.700,0,262144,299.50,30556.00,31815.90,29,3598922,4021774,10254491648,36430770176
2025-05-14 06:33:28,45.561,4.607,0,45056,309.50,30556.00,31815.90,29,3599138,4021999,10254495744,36431024128
2025-05-14 06:33:28,44.777,4.601,4096,208896,299.50,30556.00,31815.90,29,3599338,4022200,10254495744,36431044608
2025-05-14 06:33:28,45.840,4.664,0,86016,319.50,30556.00,31815.90,29,3599545,4022409,10254495744,36431114240
2025-05-14 06:33:28,44.382,4.617,0,200704,289.50,30556.00,31815.90,29,3599751,4022618,10254495744,36431310848
2025-05-14 06:33:29,45.887,4.642,0,45056,309.40,30556.00,31815.90,29,3599979,4022845,10254495744,36431364096
2025-05-14 06:33:29,45.215,4.626,0,16384,319.50,30556.00,31815.90,29,3600186,4023054,10254495744,36431503360
2025-05-14 06:33:29,45.378,4.591,0,131072,329.40,30556.00,31815.90,29,3600390,4023259,10254495744,36431511552
2025-05-14 06:33:29,45.117,4.587,0,73728,309.50,30556.00,31815.90,29,3600595,4023465,10254495744,36431577088
2025-05-14 06:33:29,45.295,4.540,0,12288,329.40,30556.00,31815.90,29,3600800,4023672,10254495744,36431589376
2025-05-14 06:33:30,46.008,4.673,0,0,259.50,30556.00,31815.90,29,3601001,4023873,10254495744,36431589376
2025-05-14 06:33:30,45.388,4.603,0,0,279.50,30556.00,31815.90,29,3601200,4024073,10254495744,36431589376
2025-05-14 06:33:30,44.515,4.770,0,0,239.60,30556.00,31815.90,29,3601402,4024275,10254495744,36431609856
2025-05-14 06:33:30,44.868,4.618,0,86016,299.40,30556.00,31815.90,29,3601604,4024478,10254495744,36431675392
2025-05-14 06:33:30,45.652,4.608,0,0,359.40,30556.00,31815.90,29,3602062,4025204,10254495744,36436279296
2025-05-14 06:33:31,45.420,4.622,0,4734976,299.50,30556.00,31815.90,29,3602270,4025414,10254495744,36436418560
2025-05-14 06:33:31,44.757,4.532,0,73728,319.50,30556.00,31815.90,29,3602474,4025619,10254495744,36436484096
2025-05-14 06:33:31,45.208,4.524,0,0,329.40,30556.00,31815.90,29,3602675,4025820,10254495744,36436484096
2025-05-14 06:33:31,45.100,4.579,0,0,299.50,30556.00,31815.90,29,3602882,4026029,10254495744,36436512768
2025-05-14 06:33:31,45.369,4.728,0,159744,309.40,30556.00,31815.90,29,3603086,4026235,10254495744,36436643840
2025-05-14 06:33:32,45.208,4.849,0,8192,339.60,30556.00,31815.90,29,3603296,4026448,10254495744,36436848640
2025-05-14 06:33:32,45.036,4.826,0,196608,309.40,30556.00,31815.90,29,3603500,4026653,10254495744,36436852736
2025-05-14 06:33:32,44.803,4.584,0,266240,329.40,30556.00,31815.90,29,3603705,4026861,10254495744,36437114880
2025-05-14 06:33:32,44.435,4.741,0,0,329.40,30556.00,31815.90,29,3603910,4027068,10254495744,36437139456
2025-05-14 06:33:32,45.034,4.608,0,159744,309.50,30556.00,31815.90,29,3604118,4027278,10254495744,36437274624
2025-05-14 06:33:33,45.344,4.692,0,36864,309.40,30556.00,31815.90,29,3604342,4027510,10254495744,36437508096
2025-05-14 06:33:33,44.264,4.940,0,290816,299.50,30556.00,31815.90,29,3604555,4027728,10254495744,36437602304
2025-05-14 06:33:33,45.283,4.778,0,24576,279.50,30556.00,31815.90,29,3604771,4027949,10254495744,36437762048
2025-05-14 06:33:33,45.583,4.560,0,135168,289.50,30556.00,31815.90,29,3604973,4028151,10254495744,36437762048
2025-05-14 06:33:33,45.104,4.575,0,28672,239.60,30556.00,31815.90,29,3605196,4028382,10254495744,36437876736
2025-05-14 06:33:34,44.341,4.509,0,98304,279.50,30556.00,31815.90,29,3605404,4028593,10254495744,36437889024
2025-05-14 06:33:34,45.179,4.636,0,102400,269.50,30556.00,31815.90,29,3605617,4028808,10254495744,36437991424
2025-05-14 06:33:34,44.333,4.477,0,4096,299.40,30556.00,31815.90,29,3605827,4029022,10254495744,36438192128
2025-05-14 06:33:34,44.882,4.586,0,196608,359.30,30556.00,31815.90,29,3606035,4029231,10254499840,36438265856
2025-05-14 06:33:34,45.095,4.670,4096,86016,349.30,30556.00,31815.90,29,3606262,4029469,10254499840,36438638592
2025-05-14 06:33:35,45.470,4.599,0,425984,389.30,30556.00,31815.90,29,3606693,4029943,10254499840,36441812992
2025-05-14 06:33:35,46.841,4.885,0,3432448,339.40,30556.00,31815.90,29,3606926,4030189,10254499840,36442226688
2025-05-14 06:33:35,45.505,4.646,0,94208,299.40,30556.00,31815.90,29,3607142,4030410,10254499840,36442259456
2025-05-14 06:33:35,45.348,4.711,0,159744,309.50,30556.00,31815.90,29,3607346,4030615,10254499840,36442390528
2025-05-14 06:33:35,44.863,4.638,0,0,269.50,30556.00,31815.90,29,3607547,4030816,10254499840,36442390528
2025-05-14 06:33:36,45.024,4.528,0,8192,349.30,30556.00,31815.90,29,3607755,4031026,10254499840,36442529792
2025-05-14 06:33:36,45.535,4.688,0,131072,319.40,30556.00,31815.90,29,3607962,4031235,10254503936,36442542080
2025-05-14 06:33:36,45.417,4.592,4096,12288,339.00,30556.00,31815.90,29,3608166,4031443,10254503936,36442578944
2025-05-14 06:33:36,45.989,4.640,0,364544,369.30,30556.00,31815.90,29,3608383,4031671,10254503936,36443193344
2025-05-14 06:33:36,45.430,4.776,0,286720,259.50,30556.00,31815.90,29,3608590,4031878,10254508032,36443197440
2025-05-14 06:33:37,44.964,4.718,20480,135168,329.40,30556.00,31815.90,29,3608828,4032122,10254524416,36443512832
2025-05-14 06:33:37,45.055,4.729,0,253952,339.40,30556.00,31815.90,29,3609046,4032347,10254524416,36443688960
2025-05-14 06:33:37,45.279,4.631,0,172032,349.30,30556.00,31815.90,29,3609256,4032560,10254524416,36443824128
2025-05-14 06:33:37,45.273,4.626,0,69632,419.20,30556.00,31815.90,29,3609497,4032815,10254524416,36444549120
2025-05-14 06:33:37,47.872,5.055,0,1056768,419.20,30556.00,31815.90,29,3609775,4033121,10254524416,36445184000
2025-05-14 06:33:38,47.153,4.924,0,368640,499.30,30556.00,31815.90,29,3610007,4033359,10254524416,36445372416
2025-05-14 06:33:38,47.802,5.145,0,253952,429.20,30556.00,31815.90,29,3610218,4033576,10254524416,36445659136
2025-05-14 06:33:38,46.336,5.234,0,155648,409.30,30556.00,31815.90,29,3610428,4033789,10254524416,36445696000
2025-05-14 06:33:38,47.794,5.131,4096,380928,299.50,30556.00,31815.90,29,3610654,4034024,10254528512,36446257152
2025-05-14 06:33:38,48.705,4.722,0,397312,359.40,30556.00,31815.90,29,3610894,4034273,10254528512,36446724096
2025-05-14 06:33:39,47.989,4.578,0,368640,409.10,30556.00,31815.90,29,3611148,4034545,10254528512,36447252480
2025-05-14 06:33:39,47.876,4.921,0,757760,429.20,30556.00,31815.90,29,3611858,4035366,10254528512,36452061184
2025-05-14 06:33:39,49.097,5.086,0,4816896,509.10,30556.00,31815.90,29,3612114,4035643,10254528512,36452651008
2025-05-14 06:33:39,48.230,5.265,0,897024,479.00,30556.00,31815.90,29,3612405,4035966,10254528512,36453888000
2025-05-14 06:33:39,48.609,5.315,0,1167360,359.30,30556.00,31815.90,29,3612667,4036254,10254528512,36454510592
2025-05-14 06:33:40,46.904,4.827,0,65536,389.40,30556.00,31815.90,29,3612868,4036455,10254528512,36454510592
2025-05-14 06:33:40,45.890,4.578,4096,12288,299.50,30556.00,31815.90,29,3613074,4036663,10254532608,36454522880
2025-05-14 06:33:40,45.697,4.558,0,106496,309.50,30556.00,31815.90,29,3613307,4036908,10254532608,36455116800
2025-05-14 06:33:40,46.357,4.677,0,618496,299.50,30556.00,31815.90,29,3613503,4037110,10254532608,36455268352
2025-05-14 06:33:40,46.651,4.648,0,28672,309.40,30556.00,31815.90,29,3613711,4037323,10254532608,36455604224
2025-05-14 06:33:41,44.482,4.679,0,327680,349.30,30556.00,31815.90,29,3613913,4037525,10254532608,36455604224
2025-05-14 06:33:41,44.615,4.721,0,0,349.40,30556.00,31815.90,29,3614114,4037726,10254532608,36455604224
2025-05-14 06:33:41,45.409,4.646,0,0,309.50,30556.00,31815.90,29,3614316,4037928,10254532608,36455604224
2025-05-14 06:33:41,45.903,4.601,0,0,309.50,30556.00,31815.90,29,3614512,4038124,10254532608,36455604224
2025-05-14 06:33:41,45.867,4.711,0,0,319.40,30556.00,31815.90,29,3614712,4038324,10254532608,36455604224
2025-05-14 06:33:42,43.939,4.598,0,0,299.50,30556.00,31815.90,29,3614913,4038525,10254532608,36455604224
2025-05-14 06:33:42,43.687,4.838,0,0,309.40,30556.00,31815.90,29,3615119,4038731,10254532608,36455604224
2025-05-14 06:33:42,45.557,4.830,0,0,279.50,30556.00,31815.90,29,3615321,4038933,10254532608,36455604224
2025-05-14 06:33:42,46.163,4.643,0,0,269.50,30556.00,31815.90,29,3615520,4039132,10254532608,36455604224
2025-05-14 06:33:42,45.563,4.707,0,0,309.50,30556.00,31815.90,29,3615722,4039334,10254532608,36455604224
2025-05-14 06:33:43,45.531,4.728,0,0,359.40,30556.00,31815.90,29,3615923,4039535,10254532608,36455604224
2025-05-14 06:33:43,45.459,4.636,0,0,269.50,30556.00,31815.90,29,3616123,4039735,10254532608,36455604224
2025-05-14 06:33:43,44.830,4.650,0,0,259.50,30556.00,31815.90,29,3616320,4039932,10254532608,36455604224
2025-05-14 06:33:43,47.008,4.672,0,0,269.50,30556.00,31815.90,29,3616525,4040137,10254532608,36455604224
2025-05-14 06:33:43,45.124,4.635,0,40960,289.50,30556.00,31815.90,29,3616742,4040365,10254532608,36455645184
2025-05-14 06:33:44,45.525,4.722,0,12288,289.50,30556.00,31815.90,29,3616952,4040578,10254532608,36455657472
2025-05-14 06:33:44,45.700,4.625,0,0,289.50,30556.00,31815.90,29,3617153,4040779,10254532608,36455657472
2025-05-14 06:33:44,44.784,4.700,0,0,339.40,30556.00,31815.90,29,3617354,4040980,10254532608,36455657472
2025-05-14 06:33:44,46.524,4.583,0,0,289.50,30556.00,31815.90,29,3617554,4041180,10254532608,36455657472
2025-05-14 06:33:44,45.410,4.745,0,0,259.50,30556.00,31815.90,29,3617756,4041382,10254532608,36455657472
2025-05-14 06:33:45,45.317,4.768,0,0,269.60,30556.00,31815.90,29,3617957,4041583,10254532608,36455657472
2025-05-14 06:33:45,43.821,4.818,0,0,339.40,30556.00,31815.90,29,3618158,4041784,10254532608,36455657472
2025-05-14 06:33:45,45.043,4.616,0,0,299.50,30556.00,31815.90,29,3618359,4041985,10254532608,36455657472
2025-05-14 06:33:45,46.668,4.596,0,0,289.50,30556.00,31815.90,29,3618556,4042182,10254532608,36455657472
2025-05-14 06:33:45,45.168,4.676,0,0,289.40,30556.00,31815.90,29,3618757,4042383,10254532608,36455657472
2025-05-14 06:33:46,45.520,4.746,0,0,239.60,30556.00,31815.90,29,3618958,4042584,10254532608,36455657472
2025-05-14 06:33:46,45.863,4.773,0,0,309.50,30556.00,31815.90,29,3619159,4042785,10254532608,36455657472
2025-05-14 06:33:46,45.622,4.637,0,0,309.40,30556.00,31815.90,29,3619360,4042986,10254532608,36455657472
2025-05-14 06:33:46,46.291,4.714,0,0,309.40,30556.00,31815.90,29,3619544,4043170,10254532608,36455657472
2025-05-14 06:33:47,46.105,4.886,0,0,279.50,30556.00,31815.90,29,3620036,4043703,10254532608,36459143168
2025-05-14 06:33:47,45.652,4.853,0,3645440,259.50,30556.00,31815.90,29,3620261,4043936,10254532608,36459642880
2025-05-14 06:33:47,45.084,4.809,0,352256,279.50,30556.00,31815.90,29,3620461,4044139,10254532608,36459732992
2025-05-14 06:33:47,45.737,5.009,0,495616,259.50,30556.00,31815.90,29,3620681,4044371,10254532608,36460609536
2025-05-14 06:33:47,45.411,4.804,0,741376,289.50,30556.00,31815.90,29,3620896,4044591,10254532608,36460892160
2025-05-14 06:33:48,45.025,4.632,0,135168,319.40,30556.00,31815.90,29,3621115,4044816,10254532608,36461117440
2025-05-14 06:33:48,45.524,4.606,0,159744,379.40,30556.00,31815.90,29,3621331,4045039,10254532608,36461518848
2025-05-14 06:33:48,45.941,4.671,0,331776,279.50,30556.00,31815.90,29,3621532,4045240,10254532608,36461518848
2025-05-14 06:33:48,43.857,4.721,0,311296,319.40,30556.00,31815.90,29,3621753,4045470,10254532608,36461830144
2025-05-14 06:33:48,46.164,4.516,0,0,329.40,30556.00,31815.90,29,3621973,4045696,10254532608,36462116864
2025-05-14 06:33:49,45.048,4.685,0,569344,319.50,30556.00,31815.90,29,3622204,4045940,10254532608,36462579712
2025-05-14 06:33:49,45.817,4.768,0,471040,279.50,30556.00,31815.90,29,3622434,4046186,10254532608,36463357952
2025-05-14 06:33:49,44.765,4.718,0,643072,329.40,30556.00,31815.90,29,3622660,4046422,10254532608,36463800320
2025-05-14 06:33:49,45.664,4.691,0,839680,329.40,30556.00,31815.90,29,3622874,4046651,10254532608,36464508928
2025-05-14 06:33:49,46.178,4.681,0,225280,359.20,30556.00,31815.90,29,3623096,4046880,10254532608,36464803840
2025-05-14 06:33:50,45.358,4.789,0,319488,329.40,30556.00,31815.90,29,3623326,4047121,10254532608,36465184768
2025-05-14 06:33:50,45.392,4.734,0,471040,349.40,30556.00,31815.90,29,3623553,4047358,10254532608,36465393664
2025-05-14 06:33:50,45.481,4.644,0,143360,349.30,30556.00,31815.90,29,3623788,4047606,10254532608,36465803264
2025-05-14 06:33:50,45.175,4.638,0,421888,339.40,30556.00,31815.90,29,3624005,4047826,10254532608,36465979392
2025-05-14 06:33:50,46.738,4.711,0,573440,309.40,30556.00,31815.90,29,3624217,4048047,10254532608,36466515968
2025-05-14 06:33:51,44.971,4.851,0,40960,419.20,30556.00,31815.90,29,3624709,4048594,10254548992,36469563392
2025-05-14 06:33:51,47.025,5.435,61440,3055616,379.30,30556.00,31815.90,29,3624981,4048877,10254663680,36469952512
2025-05-14 06:33:51,45.819,4.792,69632,614400,359.40,30556.00,31815.90,29,3625285,4049200,10254745600,36470681600
2025-05-14 06:33:51,47.287,4.871,114688,827392,598.80,30556.00,31815.90,29,3625595,4049509,10254942208,36471189504
2025-05-14 06:33:51,49.293,5.248,188416,585728,659.00,30556.00,31815.90,29,3625994,4049953,10254987264,36472147968
2025-05-14 06:33:52,49.389,5.794,24576,901120,489.10,30556.00,31815.90,29,3626320,4050316,10254991360,36472881152
2025-05-14 06:33:52,46.589,4.750,0,823296,459.10,30556.00,31815.90,29,3626563,4050577,10254991360,36473602048
2025-05-14 06:33:52,45.959,4.816,4096,364544,379.30,30556.00,31815.90,29,3626802,4050829,10254995456,36473827328
2025-05-14 06:33:52,46.121,4.929,0,282624,419.30,30556.00,31815.90,29,3627082,4051139,10254995456,36474228736
2025-05-14 06:33:52,47.824,5.008,0,708608,588.70,30556.00,31815.90,29,3627398,4051494,10254995456,36474998784
2025-05-14 06:33:53,48.738,5.365,0,688128,469.10,30556.00,31815.90,29,3627714,4051844,10254995456,36475600896
2025-05-14 06:33:53,47.675,4.856,0,397312,459.20,30556.00,31815.90,29,3627966,4052120,10254995456,36476379136
2025-05-14 06:33:53,46.926,4.623,0,708608,479.30,30556.00,31815.90,29,3628233,4052409,10254995456,36476698624
2025-05-14 06:33:53,47.653,4.984,0,716800,409.20,30556.00,31815.90,29,3628445,4052630,10254995456,36477288448
2025-05-14 06:33:53,48.510,4.496,0,651264,239.60,30556.00,31815.90,29,3628675,4052873,10254995456,36478005248
2025-05-14 06:33:54,44.649,4.206,0,200704,239.60,30556.00,31815.90,29,3628902,4053110,10254995456,36478599168
2025-05-14 06:33:54,44.385,4.139,0,589824,159.70,30556.00,31815.90,29,3629119,4053336,10254995456,36479188992
2025-05-14 06:33:54,42.483,3.867,0,524288,149.70,30556.00,31815.90,29,3629320,4053537,10254995456,36479188992
2025-05-14 06:33:54,44.133,4.140,0,0,329.40,30556.00,31815.90,29,3629522,4053739,10254995456,36479188992
2025-05-14 06:33:54,48.758,4.690,0,0,329.40,30556.00,31815.90,29,3629718,4053935,10254995456,36479188992
2025-05-14 06:33:55,46.015,4.613,0,0,109.80,30556.00,31815.90,29,3629922,4054139,10254995456,36479188992
2025-05-14 06:33:55,41.512,4.070,0,0,109.80,30556.00,31815.90,29,3630123,4054340,10254995456,36479188992
2025-05-14 06:33:55,42.848,4.070,0,0,69.90,30556.00,31815.90,29,3630312,4054529,10254995456,36479188992
2025-05-14 06:33:55,39.308,3.753,0,0,59.90,30556.00,31815.90,29,3630514,4054731,10254995456,36479188992
2025-05-14 06:33:55,42.796,3.751,0,0,59.90,30556.00,31815.90,29,3630715,4054932,10254995456,36479188992
2025-05-14 06:33:56,40.028,3.717,0,0,49.90,30556.00,31815.90,29,3630916,4055133,10254995456,36479188992
2025-05-14 06:33:56,39.160,3.690,0,0,59.90,30556.00,31815.90,29,3631123,4055342,10254999552,36479205376
2025-05-14 06:33:56,41.488,3.791,4096,16384,49.90,30556.00,31815.90,29,3631324,4055543,10254999552,36479205376
2025-05-14 06:33:56,39.379,3.717,0,0,89.90,30556.00,31815.90,29,3631533,4055752,10254999552,36479205376
2025-05-14 06:33:56,41.315,3.846,0,0,79.90,30556.00,31815.90,29,3631734,4055953,10254999552,36479205376
2025-05-14 06:33:57,40.661,3.820,0,0,59.90,30556.00,31815.90,29,3631935,4056154,10254999552,36479205376
2025-05-14 06:33:57,38.523,3.784,32768,0,59.90,30556.00,31815.90,29,3632139,4056357,10255032320,36479205376
2025-05-14 06:33:57,38.999,3.754,0,0,49.90,30556.00,31815.90,29,3632340,4056558,10255032320,36479205376
2025-05-14 06:33:57,39.266,3.730,0,0,49.90,30556.00,31815.90,29,3632541,4056759,10255032320,36479205376
2025-05-14 06:33:57,39.239,3.742,0,0,59.90,30556.00,31815.90,29,3632743,4056961,10255032320,36479205376
2025-05-14 06:33:58,38.056,3.738,0,12288,49.90,30556.00,31815.90,29,3632952,4057173,10255032320,36479217664
2025-05-14 06:33:58,40.291,3.814,466944,0,149.70,30556.00,31815.90,29,3633165,4057384,10255499264,36479217664
2025-05-14 06:33:58,43.897,4.296,0,0,209.60,30556.00,31815.90,29,3633366,4057585,10255499264,36479217664
2025-05-14 06:33:58,46.275,5.059,225280,7479296,359.30,30556.00,31815.90,29,3633925,4058609,10255998976,36486721536
2025-05-14 06:33:58,48.136,5.003,376832,53248,359.40,30556.00,31815.90,29,3634184,4058870,10256125952,36487168000
2025-05-14 06:33:59,46.202,5.043,24576,626688,409.20,30556.00,31815.90,29,3634472,4059152,10256306176,36487471104
2025-05-14 06:33:59,50.658,5.649,606208,491520,509.10,30556.00,31815.90,29,3634896,4059601,10257072128,36489379840
2025-05-14 06:33:59,46.042,4.638,344064,2232320,59.90,30556.00,31815.90,29,3635124,4059835,10257076224,36490166272
2025-05-14 06:33:59,39.426,3.665,0,65536,49.90,30556.00,31815.90,29,3635326,4060037,10257076224,36490166272
2025-05-14 06:33:59,41.722,3.683,0,0,49.90,30556.00,31815.90,29,3635526,4060237,10257076224,36490166272
2025-05-14 06:34:00,41.584,3.770,0,0,159.70,30556.00,31815.90,29,3635736,4060448,10257076224,36490178560
2025-05-14 06:34:00,42.255,4.282,0,540672,149.70,30556.00,31815.90,29,3635953,4060673,10257080320,36490723328
2025-05-14 06:34:00,43.551,4.135,4096,16384,49.90,30556.00,31815.90,29,3636155,4060875,10257080320,36490723328
2025-05-14 06:34:00,40.792,3.793,0,0,69.90,30556.00,31815.90,29,3636352,4061072,10257080320,36490723328
2025-05-14 06:34:00,46.300,3.792,0,0,59.90,30556.00,31815.90,29,3636550,4061270,10257080320,36490723328
2025-05-14 06:34:01,45.216,3.763,0,0,59.90,30556.00,31815.90,29,3636751,4061471,10257080320,36490723328
2025-05-14 06:34:01,41.631,3.911,0,45056,99.80,30556.00,31815.90,29,3636965,4061692,10257080320,36491161600
2025-05-14 06:34:01,39.713,3.758,0,393216,69.90,30556.00,31815.90,29,3637167,4061894,10257080320,36491161600
2025-05-14 06:34:01,38.579,3.787,0,0,59.90,30556.00,31815.90,29,3637368,4062095,10257080320,36491161600
2025-05-14 06:34:01,39.241,3.687,0,0,69.90,30556.00,31815.90,29,3637569,4062296,10257080320,36491161600
2025-05-14 06:34:02,40.275,3.915,0,0,49.90,30556.00,31815.90,29,3637770,4062497,10257080320,36491161600
2025-05-14 06:34:02,41.073,3.759,0,0,49.90,30556.00,31815.90,29,3637971,4062698,10257080320,36491161600
2025-05-14 06:34:02,40.753,3.806,0,0,79.90,30556.00,31815.90,29,3638173,4062900,10257080320,36491161600
2025-05-14 06:34:02,37.207,3.760,0,0,49.90,30556.00,31815.90,29,3638375,4063103,10257080320,36491161600
2025-05-14 06:34:02,40.500,3.638,0,0,69.90,30556.00,31815.90,29,3638577,4063304,10257080320,36491161600
2025-05-14 06:34:03,41.684,3.775,0,0,79.80,30556.00,31815.90,29,3638786,4063516,10257080320,36491173888
2025-05-14 06:34:03,38.781,3.711,0,12288,59.90,30556.00,31815.90,29,3638987,4063717,10257080320,36491173888
2025-05-14 06:34:03,37.791,3.710,0,0,49.90,30556.00,31815.90,29,3639189,4063919,10257080320,36491173888
2025-05-14 06:34:03,37.599,3.691,0,0,99.80,30556.00,31815.90,29,3639390,4064120,10257080320,36491173888
2025-05-14 06:34:03,43.897,4.252,0,1687552,269.50,30556.00,31815.90,29,3639636,4064389,10257080320,36493058048
2025-05-14 06:34:04,45.501,4.502,0,3862528,239.60,30556.00,31815.90,29,3640017,4064893,10257080320,36496789504
2025-05-14 06:34:04,45.395,4.407,0,65536,169.70,30556.00,31815.90,29,3640225,4065103,10257080320,36496797696
2025-05-14 06:34:04,45.820,4.363,0,241664,209.60,30556.00,31815.90,29,3640473,4065366,10257084416,36497125376
2025-05-14 06:34:04,42.695,4.072,4096,294912,49.90,30556.00,31815.90,29,3640683,4065583,10257084416,36497522688
2025-05-14 06:34:04,44.949,3.716,0,196608,59.90,30556.00,31815.90,29,3640883,4065783,10257084416,36497522688
2025-05-14 06:34:05,41.741,3.781,0,0,49.90,30556.00,31815.90,29,3641084,4065984,10257084416,36497522688
2025-05-14 06:34:05,41.546,3.796,0,0,399.20,30556.00,31815.90,29,3641286,4066186,10257084416,36497522688
2025-05-14 06:34:05,43.400,3.862,0,0,49.90,30556.00,31815.90,29,3641487,4066387,10257084416,36497522688
2025-05-14 06:34:05,40.628,3.750,0,0,49.90,30556.00,31815.90,29,3641684,4066584,10257084416,36497522688
2025-05-14 06:34:05,44.467,3.825,0,0,129.80,30556.00,31815.90,29,3641886,4066786,10257084416,36497522688
2025-05-14 06:34:06,45.950,4.245,0,0,49.90,30556.00,31815.90,29,3642087,4066987,10257084416,36497522688
2025-05-14 06:34:06,41.036,3.800,0,0,59.90,30556.00,31815.90,29,3642288,4067188,10257084416,36497522688
2025-05-14 06:34:06,40.149,3.921,0,0,69.90,30556.00,31815.90,29,3642490,4067390,10257084416,36497522688
2025-05-14 06:34:06,37.662,3.745,0,0,39.90,30556.00,31815.90,29,3642690,4067590,10257084416,36497522688
2025-05-14 06:34:06,43.197,3.712,0,0,69.90,30556.00,31815.90,29,3642891,4067791,10257084416,36497522688
2025-05-14 06:34:07,40.290,3.833,0,0,159.70,30556.00,31815.90,29,3643092,4067992,10257084416,36497522688
2025-05-14 06:34:07,47.070,4.295,0,0,179.60,30556.00,31815.90,29,3643282,4068182,10257084416,36497522688
2025-05-14 06:34:07,45.035,4.054,0,0,149.70,30556.00,31815.90,29,3643483,4068383,10257084416,36497522688
2025-05-14 06:34:07,43.165,4.016,0,0,149.80,30556.00,31815.90,29,3643685,4068585,10257084416,36497522688
2025-05-14 06:34:07,45.307,3.869,0,0,159.70,30556.00,31815.90,29,3643886,4068786,10257084416,36497522688
2025-05-14 06:34:08,42.810,3.923,0,0,159.70,30556.00,31815.90,29,3644087,4068987,10257084416,36497522688
2025-05-14 06:34:08,41.982,3.857,0,0,179.70,30556.00,31815.90,29,3644291,4069192,10257084416,36497526784
2025-05-14 06:34:08,39.584,3.923,0,4096,149.70,30556.00,31815.90,29,3644492,4069393,10257084416,36497526784
2025-05-14 06:34:08,43.073,3.910,0,0,149.70,30556.00,31815.90,29,3644693,4069594,10257084416,36497526784
2025-05-14 06:34:08,43.356,3.906,0,0,169.70,30556.00,31815.90,29,3644989,4069915,10257084416,36498149376
2025-05-14 06:34:09,43.406,4.081,0,3227648,249.50,30556.02,31815.90,29,3645327,4070286,10257084416,36500754432
2025-05-14 06:34:09,44.815,4.165,0,28672,159.70,30556.02,31815.90,29,3645538,4070503,10257084416,36501110784
2025-05-14 06:34:09,42.610,3.886,0,327680,239.60,30556.02,31815.90,29,3645740,4070705,10257084416,36501110784
2025-05-14 06:34:09,44.984,4.396,0,49152,259.50,30556.02,31815.90,29,3645963,4070938,10257084416,36501356544
2025-05-14 06:34:09,45.868,4.132,0,319488,149.80,30556.02,31815.90,29,3646184,4071166,10257084416,36501676032
2025-05-14 06:34:10,42.630,3.937,0,196608,139.80,30556.02,31815.90,29,3646385,4071367,10257084416,36501676032
2025-05-14 06:34:10,39.379,3.844,0,0,79.90,30556.02,31815.90,29,3646587,4071569,10257084416,36501676032
2025-05-14 06:34:10,40.344,3.898,0,0,149.70,30556.02,31815.90,29,3646792,4071774,10257084416,36501676032
2025-05-14 06:34:10,44.307,4.017,0,0,59.90,30556.02,31815.90,29,3646989,4071971,10257084416,36501676032
2025-05-14 06:34:10,46.290,4.070,0,0,59.90,30556.02,31815.90,29,3647190,4072172,10257084416,36501676032
2025-05-14 06:34:11,41.136,3.794,0,0,59.90,30556.02,31815.90,29,3647392,4072374,10257084416,36501676032
2025-05-14 06:34:11,38.865,3.784,0,0,59.90,30556.02,31815.90,29,3647593,4072575,10257084416,36501676032
2025-05-14 06:34:11,37.866,3.762,0,0,69.90,30556.02,31815.90,29,3647794,4072776,10257084416,36501676032
2025-05-14 06:34:11,40.297,3.761,0,0,59.90,30556.02,31815.90,29,3647995,4072977,10257084416,36501676032
2025-05-14 06:34:11,40.309,3.709,0,0,59.90,30556.02,31815.90,29,3648197,4073179,10257084416,36501676032
2025-05-14 06:34:12,41.126,3.946,0,32768,49.90,30556.02,31815.90,29,3648402,4073386,10257084416,36501708800
2025-05-14 06:34:12,40.934,3.775,0,0,159.70,30556.04,31815.90,29,3648626,4073619,10257084416,36501827584
2025-05-14 06:34:12,43.548,3.902,0,118784,69.90,30556.04,31815.90,29,3648830,4073822,10257088512,36501827584
2025-05-14 06:34:12,42.390,3.944,4096,53248,69.90,30556.04,31815.90,29,3649056,4074057,10257088512,36502351872
2025-05-14 06:34:12,43.835,3.758,0,798720,159.70,30556.04,31815.90,29,3649292,4074312,10257088512,36502835200
2025-05-14 06:34:13,38.402,3.796,0,155648,89.80,30556.04,31815.90,29,3649493,4074513,10257088512,36502835200
2025-05-14 06:34:13,37.045,3.763,0,0,89.90,30556.04,31815.90,29,3649694,4074714,10257088512,36502835200
2025-05-14 06:34:13,38.223,3.834,0,159744,89.90,30556.04,31815.90,29,3649931,4074967,10257088512,36502994944
2025-05-14 06:34:13,37.481,3.747,0,0,69.90,30556.04,31815.90,29,3650133,4075169,10257088512,36502994944
2025-05-14 06:34:13,36.913,3.736,0,0,79.90,30556.04,31815.90,29,3650334,4075370,10257088512,36502994944
2025-05-14 06:34:14,37.140,3.739,0,0,89.90,30556.04,31815.90,29,3650534,4075570,10257088512,36502994944
2025-05-14 06:34:14,38.450,3.758,0,0,189.70,30556.04,31815.90,29,3650738,4075773,10257088512,36502994944
2025-05-14 06:34:14,41.097,3.920,0,3207168,69.90,30556.04,31815.90,29,3651183,4076296,10257088512,36506202112
2025-05-14 06:34:14,37.083,3.728,0,0,149.70,30556.04,31815.90,29,3651383,4076496,10257088512,36506202112
2025-05-14 06:34:14,42.540,4.100,0,32768,179.70,30556.04,31815.90,29,3651599,4076717,10257088512,36506374144
2025-05-14 06:34:15,45.454,4.142,180224,270336,249.50,30556.04,31815.90,29,3651858,4076979,10257334272,36506587136
2025-05-14 06:34:15,48.097,4.590,65536,458752,479.10,30556.04,31815.90,29,3652225,4077386,10257334272,36507455488
2025-05-14 06:34:15,47.769,4.772,0,602112,389.30,30556.04,31815.90,29,3652460,4077631,10257334272,36507668480
2025-05-14 06:34:15,48.011,4.580,0,299008,289.50,30556.04,31815.90,29,3652669,4077843,10257334272,36507865088
2025-05-14 06:34:15,47.210,4.609,0,0,419.30,30556.04,31815.90,29,3652893,4078079,10257334272,36507951104
2025-05-14 06:34:16,47.381,4.959,0,307200,259.50,30556.04,31815.90,29,3653142,4078347,10257334272,36508434432
2025-05-14 06:34:16,44.995,4.262,0,270336,309.50,30556.04,31815.90,29,3653407,4078649,10257338368,36508876800
2025-05-14 06:34:16,46.611,5.111,4096,954368,568.90,30556.04,31815.90,29,3653742,4079022,10257338368,36510101504
2025-05-14 06:34:16,50.440,5.539,0,1314816,349.20,30556.04,31815.90,29,3654021,4079337,10257338368,36511043584
2025-05-14 06:34:16,48.629,4.670,0,589824,469.20,30556.04,31815.90,29,3654289,4079626,10257338368,36511580160
2025-05-14 06:34:17,48.251,5.093,0,753664,499.10,30556.04,31815.90,29,3654519,4079873,10257338368,36512641024
2025-05-14 06:34:17,47.767,4.905,0,1134592,459.20,30556.04,31815.90,29,3654845,4080244,10257338368,36513890304
2025-05-14 06:34:17,47.388,4.801,0,794624,349.30,30556.04,31815.90,29,3655063,4080473,10257338368,36514512896
2025-05-14 06:34:17,47.612,4.777,0,540672,429.30,30556.04,31815.90,29,3655276,4080689,10257338368,36514533376
2025-05-14 06:34:18,45.045,5.086,0,12288,439.20,30556.04,31815.90,29,3655487,4080903,10257338368,36514607104
2025-05-14 06:34:18,46.413,4.942,0,135168,389.30,30556.04,31815.90,29,3655696,4081113,10257338368,36514672640
2025-05-14 06:34:18,45.774,4.847,0,0,359.40,30556.04,31815.90,29,3655906,4081323,10257338368,36514672640
2025-05-14 06:34:18,46.603,5.057,0,5677056,509.00,30556.04,31815.90,29,3656860,4082496,10257338368,36521848832
2025-05-14 06:34:18,48.875,5.322,0,1945600,439.20,30556.04,31815.90,29,3657112,4082768,10257338368,36522803200
2025-05-14 06:34:19,46.716,4.929,0,516096,389.30,30556.04,31815.90,29,3657342,4083010,10257338368,36523184128
2025-05-14 06:34:19,44.975,4.958,0,905216,529.00,30556.04,31815.90,29,3657603,4083293,10257338368,36523917312
2025-05-14 06:34:19,47.703,5.279,0,299008,379.30,30556.04,31815.90,29,3657854,4083562,10257338368,36524036096
2025-05-14 06:34:19,46.272,4.505,0,159744,449.20,30556.04,31815.90,29,3658084,4083801,10257338368,36524331008
2025-05-14 06:34:19,47.038,4.707,0,290816,309.50,30556.04,31815.90,29,3658291,4084011,10257338368,36524597248
2025-05-14 06:34:20,45.678,4.853,0,217088,449.10,30556.04,31815.90,29,3658524,4084255,10257338368,36524765184
2025-05-14 06:34:20,48.125,4.832,0,147456,399.20,30556.04,31815.90,29,3658716,4084448,10257338368,36524830720
2025-05-14 06:34:20,46.263,4.838,4096,12288,379.20,30556.04,31815.90,29,3658917,4084651,10257342464,36524843008
2025-05-14 06:34:20,46.566,4.959,0,8192,299.50,30556.04,31815.90,29,3659125,4084861,10257342464,36524982272
2025-05-14 06:34:20,47.883,4.691,0,131072,329.40,30556.04,31815.90,29,3659316,4085054,10257342464,36525129728
2025-05-14 06:34:21,47.817,4.795,0,421888,339.30,30556.04,31815.90,29,3659562,4085314,10257342464,36525506560
2025-05-14 06:34:21,49.218,4.911,0,229376,409.20,30556.04,31815.90,29,3659782,4085548,10257342464,36526026752
2025-05-14 06:34:21,48.759,4.868,0,466944,399.30,30556.04,31815.90,29,3660002,4085772,10257342464,36526166016
2025-05-14 06:34:21,46.264,4.879,0,110592,319.40,30556.04,31815.90,29,3660222,4085998,10257342464,36526292992
2025-05-14 06:34:21,46.836,5.154,0,266240,558.90,30556.04,31815.90,29,3660511,4086319,10257342464,36526936064
2025-05-14 06:34:22,50.506,5.364,0,569344,409.20,30556.04,31815.90,29,3660730,4086543,10257342464,36527046656
2025-05-14 06:34:22,47.277,5.128,0,0,419.30,30556.04,31815.90,29,3660932,4086745,10257342464,36527046656
2025-05-14 06:34:22,47.864,5.181,0,0,289.50,30556.04,31815.90,29,3661143,4086962,10257342464,36527497216
2025-05-14 06:34:22,44.555,5.136,0,450560,519.10,30556.04,31815.90,29,3661942,4087876,10257342464,36532908032
2025-05-14 06:34:22,49.456,4.898,0,5918720,279.50,30556.04,31815.90,29,3662139,4088091,10257342464,36533747712
2025-05-14 06:34:23,47.768,4.611,0,331776,319.40,30556.04,31815.90,29,3662338,4088290,10257342464,36533747712
2025-05-14 06:34:23,48.534,4.731,0,0,319.40,30556.04,31815.90,29,3662541,4088493,10257342464,36533747712
2025-05-14 06:34:23,48.337,4.682,0,0,339.40,30556.04,31815.90,29,3662742,4088694,10257342464,36533747712
2025-05-14 06:34:23,45.882,4.734,0,0,289.60,30556.04,31815.90,29,3662943,4088895,10257342464,36533747712
2025-05-14 06:34:23,47.205,4.573,0,0,279.50,30556.04,31815.90,29,3663131,4089083,10257342464,36533747712
2025-05-14 06:34:24,46.689,4.625,0,77824,279.80,30556.04,31815.90,29,3663341,4089296,10257342464,36533825536
2025-05-14 06:34:24,45.812,4.688,0,0,289.40,30556.04,31815.90,29,3663542,4089497,10257342464,36533825536
2025-05-14 06:34:24,44.969,4.526,0,24576,299.40,30556.04,31815.90,29,3663757,4089717,10257342464,36533850112
2025-05-14 06:34:24,45.494,4.707,0,0,259.60,30556.04,31815.90,29,3663961,4089921,10257342464,36533850112
2025-05-14 06:34:24,46.408,4.669,0,0,309.40,30556.04,31815.90,29,3664161,4090121,10257342464,36533850112
2025-05-14 06:34:25,45.141,4.535,0,0,309.50,30556.04,31815.90,29,3664362,4090322,10257342464,36533850112
2025-05-14 06:34:25,45.692,4.770,0,0,309.40,30556.04,31815.90,29,3664564,4090524,10257342464,36533850112
2025-05-14 06:34:25,44.361,4.865,0,0,299.50,30556.04,31815.90,29,3664765,4090725,10257342464,36533850112
2025-05-14 06:34:25,47.319,4.626,0,0,269.40,30556.04,31815.90,29,3664950,4090910,10257342464,36533850112
2025-05-14 06:34:25,48.617,4.720,0,0,319.50,30556.04,31815.90,29,3665150,4091110,10257342464,36533850112
2025-05-14 06:34:26,45.308,4.670,0,0,309.50,30556.04,31815.90,29,3665350,4091310,10257342464,36533850112
2025-05-14 06:34:26,45.824,4.831,0,0,289.50,30556.04,31815.90,29,3665551,4091511,10257342464,36533850112
2025-05-14 06:34:26,45.516,4.742,0,0,289.50,30556.04,31815.90,29,3665753,4091713,10257342464,36533850112
2025-05-14 06:34:26,45.263,4.754,0,0,309.50,30556.04,31815.90,29,3665956,4091916,10257342464,36533850112
2025-05-14 06:34:26,46.485,4.772,0,0,309.50,30556.04,31815.90,29,3666160,4092120,10257342464,36533850112
2025-05-14 06:34:27,45.294,4.745,0,0,339.40,30556.04,31815.90,29,3666361,4092321,10257342464,36533850112
2025-05-14 06:34:27,46.042,4.734,0,0,289.60,30556.04,31815.90,29,3666562,4092522,10257342464,36533850112
2025-05-14 06:34:27,45.446,4.544,0,0,329.50,30556.04,31815.90,29,3666768,4092730,10257346560,36533948416
2025-05-14 06:34:27,45.384,4.665,4096,98304,259.60,30556.04,31815.90,29,3666967,4092929,10257346560,36533948416
2025-05-14 06:34:27,46.617,4.461,0,0,309.40,30556.04,31815.90,29,3667171,4093133,10257346560,36533948416
2025-05-14 06:34:28,45.346,4.520,0,0,309.70,30556.04,31815.90,29,3667377,4093339,10257346560,36533948416
2025-05-14 06:34:28,43.527,4.701,0,0,329.40,30556.04,31815.90,29,3667579,4093541,10257346560,36533948416
2025-05-14 06:34:28,45.189,4.489,0,0,279.50,30556.04,31815.90,29,3667779,4093741,10257346560,36533948416
2025-05-14 06:34:28,45.341,4.614,0,0,279.50,30556.04,31815.90,29,3667978,4093940,10257346560,36533948416
2025-05-14 06:34:28,46.669,4.459,0,0,349.30,30556.04,31815.90,29,3668181,4094143,10257346560,36533948416
2025-05-14 06:34:29,45.244,4.644,0,0,319.50,30556.04,31815.90,29,3668630,4094649,10257346560,36536586240
2025-05-14 06:34:29,45.683,4.668,0,2637824,329.50,30556.04,31815.90,29,3668837,4094858,10257346560,36536598528
2025-05-14 06:34:29,44.891,4.543,0,90112,289.50,30556.04,31815.90,29,3669046,4095070,10257346560,36536680448
2025-05-14 06:34:29,44.138,4.637,0,413696,269.50,30556.04,31815.90,29,3669244,4095273,10257346560,36537090048
2025-05-14 06:34:29,46.591,4.463,0,0,299.50,30556.04,31815.90,29,3669461,4095495,10257346560,36537368576
2025-05-14 06:34:30,45.072,4.473,0,278528,259.60,30556.04,31815.90,29,3669659,4095693,10257346560,36537368576
2025-05-14 06:34:30,45.700,4.556,0,0,309.40,30556.04,31815.90,29,3669867,4095902,10257346560,36537372672
2025-05-14 06:34:30,44.679,4.516,0,462848,309.40,30556.04,31815.90,29,3670088,4096136,10257346560,36538380288
2025-05-14 06:34:30,44.854,4.587,0,684032,279.50,30556.04,31815.90,29,3670290,4096340,10257346560,36538515456
2025-05-14 06:34:30,45.571,4.621,0,0,309.40,30556.04,31815.90,29,3670497,4096549,10257346560,36538585088
2025-05-14 06:34:31,45.139,4.595,0,204800,289.50,30556.04,31815.90,29,3670704,4096758,10257346560,36538720256
2025-05-14 06:34:31,46.213,4.593,0,0,279.50,30556.04,31815.90,29,3670910,4096964,10257346560,36538720256
2025-05-14 06:34:31,44.854,4.615,0,0,309.50,30556.04,31815.90,29,3671124,4097184,10257346560,36538937344
2025-05-14 06:34:31,45.134,4.705,0,217088,239.50,30556.04,31815.90,29,3671327,4097388,10257346560,36538941440
2025-05-14 06:34:31,46.286,4.562,0,69632,269.50,30556.04,31815.90,29,3671530,4097593,10257346560,36539006976
2025-05-14 06:34:32,43.209,4.620,0,0,319.40,30556.04,31815.90,29,3671731,4097794,10257346560,36539006976
2025-05-14 06:34:32,45.160,4.711,0,0,259.50,30556.04,31815.90,29,3671933,4097996,10257346560,36539006976
2025-05-14 06:34:32,44.688,4.491,0,135168,319.40,30556.04,31815.90,29,3672139,4098204,10257346560,36539142144
2025-05-14 06:34:32,44.429,4.736,0,73728,279.50,30556.04,31815.90,29,3672316,4098383,10257346560,36539215872
2025-05-14 06:34:32,47.824,4.781,0,176128,329.40,30556.04,31815.90,29,3672524,4098594,10257346560,36539392000
2025-05-14 06:34:33,45.256,4.719,0,36864,319.40,30556.04,31815.90,29,3672736,4098810,10257346560,36539428864
2025-05-14 06:34:33,45.790,4.727,0,0,359.30,30556.04,31815.90,29,3673145,4099285,10257346560,36542750720
2025-05-14 06:34:33,45.584,4.645,0,3395584,339.40,30556.04,31815.90,29,3673350,4099492,10257346560,36542824448
2025-05-14 06:34:33,45.185,4.439,0,0,269.50,30556.04,31815.90,29,3673552,4099706,10257346560,36542869504
2025-05-14 06:34:33,46.233,4.359,0,45056,259.50,30556.04,31815.90,29,3673753,4099907,10257346560,36542869504
2025-05-14 06:34:34,44.765,4.475,0,0,339.30,30556.04,31815.90,29,3673959,4100113,10257346560,36542869504
2025-05-14 06:34:34,46.999,4.925,0,0,339.40,30556.04,31815.90,29,3674163,4100318,10257346560,36542898176
2025-05-14 06:34:34,46.135,5.005,0,253952,259.60,30556.04,31815.90,29,3674402,4100571,10257346560,36543254528
2025-05-14 06:34:34,43.509,4.196,0,131072,159.70,30556.04,31815.90,29,3674602,4100771,10257346560,36543254528
2025-05-14 06:34:34,44.009,3.838,0,0,159.70,30556.04,31815.90,29,3674803,4100972,10257346560,36543254528
2025-05-14 06:34:35,42.418,3.853,0,0,149.70,30556.04,31815.90,29,3675004,4101173,10257346560,36543254528
2025-05-14 06:34:35,43.804,3.973,0,0,379.40,30556.04,31815.90,29,3675206,4101375,10257346560,36543254528
2025-05-14 06:34:35,44.031,4.064,0,0,159.70,30556.04,31815.90,29,3675407,4101576,10257346560,36543254528
2025-05-14 06:34:35,42.467,3.924,0,0,149.70,30556.04,31815.90,29,3675602,4101771,10257346560,36543254528
2025-05-14 06:34:35,43.834,3.860,0,0,159.70,30556.04,31815.90,29,3675803,4101972,10257346560,36543254528
2025-05-14 06:34:36,42.301,3.921,0,0,159.70,30556.04,31815.90,29,3676004,4102173,10257346560,36543254528
2025-05-14 06:34:36,43.049,3.953,0,0,149.70,30556.04,31815.90,29,3676206,4102375,10257346560,36543254528
2025-05-14 06:34:36,42.332,3.814,0,0,169.70,30556.04,31815.90,29,3676407,4102576,10257346560,36543254528
2025-05-14 06:34:36,41.239,3.877,0,0,49.90,30556.04,31815.90,29,3676607,4102776,10257346560,36543254528
2025-05-14 06:34:36,41.951,3.770,0,0,89.80,30556.04,31815.90,29,3676823,4102987,10257457152,36543254528
2025-05-14 06:34:37,39.688,3.899,110592,0,159.70,30556.04,31815.90,29,3677039,4103198,10257473536,36543254528
2025-05-14 06:34:37,45.563,4.431,49152,106496,289.50,30556.04,31815.90,29,3677475,4103709,10257506304,36545667072
2025-05-14 06:34:37,45.018,4.213,0,2383872,59.90,30556.04,31815.90,29,3677690,4103929,10257506304,36545744896
2025-05-14 06:34:37,38.736,3.690,0,0,59.90,30556.04,31815.90,29,3677891,4104130,10257506304,36545744896
2025-05-14 06:34:37,42.748,3.712,0,0,79.90,30556.04,31815.90,29,3678092,4104331,10257506304,36545744896
2025-05-14 06:34:38,39.494,3.748,0,0,59.90,30556.04,31815.90,29,3678293,4104532,10257506304,36545744896
2025-05-14 06:34:38,38.942,3.724,0,0,59.90,30556.04,31815.90,29,3678494,4104733,10257506304,36545744896
2025-05-14 06:34:38,38.643,3.734,0,0,69.90,30556.04,31815.90,29,3678696,4104935,10257506304,36545744896
2025-05-14 06:34:38,40.662,3.756,0,0,49.90,30556.04,31815.90,29,3678896,4105135,10257506304,36545744896
2025-05-14 06:34:38,38.361,3.753,0,0,59.90,30556.04,31815.90,29,3679097,4105336,10257506304,36545744896
2025-05-14 06:34:39,38.513,3.735,0,0,69.90,30556.04,31815.90,29,3679298,4105537,10257506304,36545744896
2025-05-14 06:34:39,38.280,3.755,0,0,59.90,30556.04,31815.90,29,3679500,4105739,10257506304,36545744896
2025-05-14 06:34:39,38.549,3.753,0,0,59.80,30556.04,31815.90,29,3679701,4105940,10257506304,36545744896
2025-05-14 06:34:39,42.436,4.067,208896,0,159.70,30556.04,31815.90,29,3679909,4106145,10257715200,36545744896
2025-05-14 06:34:39,43.289,4.027,0,0,119.80,30556.04,31815.90,29,3680111,4106347,10257715200,36545744896
2025-05-14 06:34:40,41.365,4.063,69632,0,419.20,30556.04,31815.90,29,3680802,4106859,10257821696,36545744896
2025-05-14 06:34:40,46.689,4.845,143360,0,119.80,30556.04,31815.90,29,3681041,4107085,10257928192,36545744896
2025-05-14 06:34:40,45.804,4.591,286720,94208,259.60,30556.04,31815.90,29,3681368,4107394,10258264064,36545953792
2025-05-14 06:34:40,44.491,4.174,49152,114688,89.80,30556.04,31815.90,29,3681558,4107584,10258264064,36545953792
2025-05-14 06:34:40,45.487,3.898,0,0,79.90,30556.04,31815.90,29,3681758,4107784,10258264064,36545953792
2025-05-14 06:34:41,39.663,3.783,0,65536,99.80,30556.04,31815.90,29,3681962,4107989,10258264064,36546019328
2025-05-14 06:34:41,39.114,3.796,0,0,259.50,30556.04,31815.90,29,3682352,4108344,10258264064,36546584576
2025-05-14 06:34:41,43.123,4.428,0,696320,69.90,30556.04,31815.90,29,3682556,4108549,10258264064,36546715648
2025-05-14 06:34:41,40.665,3.809,0,0,79.80,30556.04,31815.90,29,3682756,4108749,10258264064,36546715648
2025-05-14 06:34:41,39.834,3.806,0,0,119.80,30556.04,31815.90,29,3682957,4108950,10258264064,36546715648
2025-05-14 06:34:42,41.266,3.944,0,0,69.90,30556.04,31815.90,29,3683158,4109151,10258264064,36546715648
2025-05-14 06:34:42,40.307,3.749,0,0,149.70,30556.04,31815.90,29,3683360,4109353,10258264064,36546715648
2025-05-14 06:34:42,42.805,4.311,0,2265088,269.50,30556.04,31815.90,29,3683740,4109773,10258264064,36548980736
2025-05-14 06:34:42,44.390,4.081,0,90112,69.90,30556.04,31815.90,29,3683957,4109997,10258264064,36549279744
2025-05-14 06:34:42,42.879,3.794,0,208896,39.90,30556.04,31815.90,29,3684159,4110199,10258264064,36549279744
2025-05-14 06:34:43,38.912,3.739,0,0,59.90,30556.04,31815.90,29,3684360,4110400,10258264064,36549279744
2025-05-14 06:34:43,40.373,3.728,0,0,59.90,30556.04,31815.90,29,3684561,4110601,10258264064,36549279744
2025-05-14 06:34:43,39.086,3.741,0,0,69.90,30556.04,31815.90,29,3684762,4110802,10258264064,36549279744
2025-05-14 06:34:43,40.745,3.780,0,0,59.90,30556.04,31815.90,29,3684964,4111004,10258264064,36549279744
2025-05-14 06:34:43,38.805,3.693,0,0,59.90,30556.04,31815.90,29,3685165,4111205,10258264064,36549279744
2025-05-14 06:34:44,38.259,3.692,0,0,50.00,30556.04,31815.90,29,3685366,4111406,10258264064,36549279744
2025-05-14 06:34:44,39.196,3.649,0,0,49.90,30556.04,31815.90,29,3685572,4111612,10258264064,36549279744
2025-05-14 06:34:44,41.152,3.774,0,0,49.90,30556.04,31815.90,29,3685773,4111813,10258264064,36549279744
2025-05-14 06:34:44,43.736,3.781,0,0,49.90,30556.04,31815.90,29,3685969,4112009,10258264064,36549279744
2025-05-14 06:34:44,45.004,3.739,0,0,49.90,30556.04,31815.90,29,3686171,4112211,10258264064,36549279744
2025-05-14 06:34:45,43.696,4.239,0,0,59.90,30556.04,31815.90,29,3686372,4112412,10258264064,36549279744
2025-05-14 06:34:45,46.205,3.913,0,0,49.90,30556.04,31815.90,29,3686577,4112619,10258264064,36549296128
2025-05-14 06:34:45,40.234,3.732,0,16384,49.90,30556.04,31815.90,29,3686779,4112821,10258264064,36549296128
2025-05-14 06:34:45,42.347,3.841,0,0,39.90,30556.04,31815.90,29,3686980,4113022,10258264064,36549296128
2025-05-14 06:34:45,44.260,3.701,0,0,49.90,30556.04,31815.90,29,3687181,4113223,10258264064,36549296128
2025-05-14 06:34:46,39.459,3.793,0,0,49.90,30556.04,31815.90,29,3687382,4113424,10258264064,36549296128
2025-05-14 06:34:46,39.279,3.767,0,0,139.70,30556.04,31815.90,29,3687581,4113623,10258264064,36549296128
2025-05-14 06:34:46,46.110,4.339,0,0,149.70,30556.04,31815.90,29,3687782,4113824,10258264064,36549296128
2025-05-14 06:34:46,44.781,4.124,0,0,149.70,30556.04,31815.90,29,3687983,4114027,10258264064,36549304320
2025-05-14 06:34:46,44.363,4.006,0,8192,159.70,30556.04,31815.90,29,3688184,4114228,10258264064,36549304320
2025-05-14 06:34:47,43.131,3.943,0,0,159.70,30556.04,31815.90,29,3688385,4114429,10258264064,36549304320
2025-05-14 06:34:47,42.371,3.882,0,0,169.70,30556.04,31815.90,29,3688587,4114631,10258264064,36549304320
2025-05-14 06:34:47,42.647,3.841,0,0,249.60,30556.04,31815.90,29,3688788,4114832,10258264064,36549304320
2025-05-14 06:34:47,46.343,4.273,0,2301952,309.40,30556.04,31815.90,29,3689065,4115145,10258264064,36551606272
2025-05-14 06:34:47,46.996,4.427,0,24576,189.70,30556.04,31815.90,29,3689274,4115358,10258264064,36551827456
2025-05-14 06:34:48,42.525,3.873,0,196608,169.70,30556.04,31815.90,29,3689475,4115559,10258264064,36551827456
2025-05-14 06:34:48,42.685,3.871,0,0,149.80,30556.04,31815.90,29,3689677,4115761,10258264064,36551827456
2025-05-14 06:34:48,43.849,3.883,0,0,159.70,30556.04,31815.90,29,3689878,4115962,10258264064,36551827456
2025-05-14 06:34:48,43.558,3.885,0,0,159.70,30556.04,31815.90,29,3690078,4116162,10258264064,36551827456
2025-05-14 06:34:48,45.062,4.001,0,0,169.70,30556.04,31815.90,29,3690279,4116363,10258264064,36551827456
2025-05-14 06:34:49,43.012,3.930,0,0,159.70,30556.04,31815.90,29,3690480,4116564,10258264064,36551827456
2025-05-14 06:34:49,42.529,3.878,0,0,89.80,30556.04,31815.90,29,3690682,4116766,10258264064,36551827456
2025-05-14 06:34:49,37.962,3.746,0,0,79.90,30556.04,31815.90,29,3690883,4116967,10258264064,36551827456
2025-05-14 06:34:49,42.253,4.058,0,0,59.90,30556.04,31815.90,29,3691078,4117162,10258264064,36551827456
2025-05-14 06:34:50,45.168,3.868,0,0,59.90,30556.04,31815.90,29,3691279,4117363,10258264064,36551827456
2025-05-14 06:34:50,39.138,3.783,0,0,59.90,30556.04,31815.90,29,3691480,4117564,10258264064,36551827456
2025-05-14 06:34:50,38.625,3.765,0,0,59.90,30556.04,31815.90,29,3691682,4117766,10258264064,36551827456
2025-05-14 06:34:50,38.093,3.688,0,0,59.90,30556.04,31815.90,29,3691882,4117966,10258264064,36551827456
2025-05-14 06:34:50,42.517,3.839,16384,0,139.60,30556.04,31815.90,29,3692096,4118177,10258329600,36551827456
2025-05-14 06:34:51,42.279,3.988,49152,0,59.90,30556.04,31815.90,29,3692296,4118377,10258329600,36551827456
2025-05-14 06:34:51,43.325,4.006,0,0,59.90,30556.04,31815.90,29,3692497,4118578,10258329600,36551827456
2025-05-14 06:34:51,39.032,3.794,0,0,59.90,30556.04,31815.90,29,3692698,4118779,10258329600,36551827456
2025-05-14 06:34:51,39.094,3.932,0,0,149.80,30556.04,31815.90,29,3692930,4119009,10258391040,36551995392
2025-05-14 06:34:51,44.380,4.038,61440,241664,49.90,30556.04,31815.90,29,3693134,4119216,10258391040,36552069120
2025-05-14 06:34:52,41.739,3.948,0,1585152,59.90,30556.04,31815.90,29,3693432,4119547,10258391040,36553793536
2025-05-14 06:34:52,41.661,3.851,0,139264,119.80,30556.04,31815.90,29,3693645,4119756,10258415616,36553793536
2025-05-14 06:34:52,39.838,3.816,24576,0,59.90,30556.04,31815.90,29,3693846,4119957,10258415616,36553793536
2025-05-14 06:34:52,38.751,3.698,0,0,49.90,30556.04,31815.90,29,3694046,4120158,10258415616,36553793536
2025-05-14 06:34:52,42.936,3.695,0,0,89.80,30556.04,31815.90,29,3694248,4120359,10258415616,36553793536
2025-05-14 06:34:53,43.282,3.949,0,28672,319.40,30556.04,31815.90,29,3694464,4120581,10258415616,36554088448
2025-05-14 06:34:53,45.004,4.352,0,266240,59.90,30556.04,31815.90,29,3694671,4120790,10258415616,36554227712
2025-05-14 06:34:53,38.467,3.672,0,139264,149.70,30556.04,31815.90,29,3694904,4121031,10258423808,36554551296
2025-05-14 06:34:53,46.267,4.637,12288,937984,239.60,30556.04,31815.90,29,3695223,4121370,10258427904,36555694080
2025-05-14 06:34:53,45.347,4.301,0,557056,229.60,30556.04,31815.90,29,3695444,4121602,10258427904,36556079104
2025-05-14 06:34:54,43.547,3.903,0,356352,189.60,30556.04,31815.90,29,3695645,4121803,10258427904,36556079104
2025-05-14 06:34:54,43.105,4.063,0,0,199.60,30556.04,31815.90,29,3695845,4122003,10258427904,36556079104
2025-05-14 06:34:54,41.516,3.898,0,0,239.60,30556.04,31815.90,29,3696046,4122204,10258427904,36556079104
2025-05-14 06:34:54,44.917,4.258,0,0,169.70,30556.04,31815.90,29,3696247,4122405,10258427904,36556079104
2025-05-14 06:34:54,46.289,3.993,0,0,189.60,30556.04,31815.90,29,3696444,4122602,10258427904,36556079104
2025-05-14 06:34:55,46.252,4.163,0,176128,309.40,30556.04,31815.90,29,3697425,4123287,10258427904,36556898304
2025-05-14 06:34:55,43.575,4.467,0,643072,479.10,30556.04,31815.90,29,3697625,4123487,10258427904,36556898304
2025-05-14 06:34:55,49.030,4.195,0,0,409.30,30556.04,31815.90,29,3697826,4123688,10258427904,36556898304
2025-05-14 06:34:55,47.727,3.969,0,0,389.30,30556.04,31815.90,29,3698028,4123890,10258427904,36556898304
2025-05-14 06:34:55,47.656,4.068,0,0,389.30,30556.04,31815.90,29,3698229,4124091,10258427904,36556898304
2025-05-14 06:34:56,47.371,4.040,0,0,399.40,30556.04,31815.90,29,3698430,4124292,10258427904,36556898304
2025-05-14 06:34:56,47.199,4.081,0,0,299.50,30556.04,31815.90,29,3698632,4124494,10258427904,36556898304
2025-05-14 06:34:56,45.248,3.877,0,0,169.80,30556.04,31815.90,29,3698833,4124695,10258427904,36556898304
2025-05-14 06:34:56,43.120,3.812,0,0,179.70,30556.04,31815.90,29,3699030,4124892,10258427904,36556898304
2025-05-14 06:34:56,43.342,3.846,0,0,169.70,30556.04,31815.90,29,3699231,4125093,10258427904,36556898304
2025-05-14 06:34:57,44.450,4.033,0,0,239.60,30556.04,31815.90,29,3699432,4125294,10258427904,36556898304
2025-05-14 06:34:57,45.314,4.220,0,0,279.50,30556.04,31815.90,29,3699634,4125496,10258427904,36556898304
2025-05-14 06:34:57,45.068,4.129,0,0,309.50,30556.04,31815.90,29,3699832,4125694,10258427904,36556898304
2025-05-14 06:34:57,48.306,5.063,0,6557696,259.50,30556.04,31815.90,29,3700801,4126945,10258427904,36563525632
2025-05-14 06:34:57,47.660,4.756,0,69632,329.40,30556.04,31815.90,29,3701004,4127148,10258427904,36563525632
2025-05-14 06:34:58,45.630,4.819,0,0,169.70,30556.04,31815.90,29,3701205,4127349,10258427904,36563525632
2025-05-14 06:34:58,44.724,4.876,0,0,219.50,30556.04,31815.90,29,3701406,4127550,10258427904,36563525632
2025-05-14 06:34:58,40.286,3.948,0,0,59.90,30556.04,31815.90,29,3701607,4127751,10258427904,36563525632
2025-05-14 06:34:58,37.810,3.716,0,0,39.90,30556.04,31815.90,29,3701803,4127947,10258427904,36563525632
2025-05-14 06:34:58,44.734,3.721,0,0,59.90,30556.04,31815.90,29,3702003,4128147,10258427904,36563525632
2025-05-14 06:34:59,42.707,3.794,0,0,59.90,30556.04,31815.90,29,3702203,4128347,10258427904,36563525632
2025-05-14 06:34:59,40.890,3.871,0,0,69.90,30556.04,31815.90,29,3702405,4128549,10258427904,36563525632
2025-05-14 06:34:59,43.570,4.351,0,0,59.90,30556.04,31815.90,29,3702605,4128749,10258427904,36563525632
2025-05-14 06:34:59,45.809,4.024,0,0,49.90,30556.04,31815.90,29,3702807,4128951,10258427904,36563525632
2025-05-14 06:34:59,45.131,3.906,0,0,39.90,30556.04,31815.90,29,3703008,4129152,10258427904,36563525632
2025-05-14 06:35:00,43.810,3.880,0,0,99.80,30556.04,31815.90,29,3703212,4129356,10258427904,36563525632
2025-05-14 06:35:00,41.556,4.221,0,0,59.90,30556.04,31815.90,29,3703417,4129561,10258427904,36563525632
2025-05-14 06:35:00,39.886,3.853,0,0,59.90,30556.04,31815.90,29,3703618,4129762,10258427904,36563525632
2025-05-14 06:35:00,38.498,3.836,0,0,119.80,30556.04,31815.90,29,3703842,4130011,10258427904,36565712896
2025-05-14 06:35:00,49.225,4.266,0,2187264,269.50,30556.04,31815.90,29,3704024,4130189,10258427904,36565712896
2025-05-14 06:35:01,49.721,4.772,278528,0,219.60,30556.04,31815.90,29,3704236,4130398,10258706432,36565712896
2025-05-14 06:35:01,45.740,4.506,0,0,239.60,30556.04,31815.90,29,3704438,4130600,10258706432,36565712896
2025-05-14 06:35:01,44.438,4.193,0,0,239.50,30556.04,31815.90,29,3704639,4130801,10258706432,36565712896
2025-05-14 06:35:01,44.126,4.436,0,0,199.60,30556.04,31815.90,29,3704853,4131009,10258726912,36565712896
2025-05-14 06:35:01,48.285,4.851,192512,0,459.20,30556.04,31815.90,29,3705201,4131305,10259058688,36565712896
2025-05-14 06:35:02,48.843,5.216,380928,757760,519.00,30556.04,31815.90,29,3705801,4131928,10259435520,36568375296
2025-05-14 06:35:02,47.758,4.933,274432,1904640,149.80,30556.04,31815.90,29,3706020,4132141,10259554304,36568375296
2025-05-14 06:35:02,43.182,4.044,0,0,159.70,30556.04,31815.90,29,3706220,4132341,10259554304,36568375296
2025-05-14 06:35:02,43.325,4.037,0,0,149.70,30556.04,31815.90,29,3706419,4132540,10259554304,36568375296
2025-05-14 06:35:02,45.727,3.905,0,0,169.70,30556.04,31815.90,29,3706620,4132741,10259554304,36568375296
2025-05-14 06:35:03,44.165,3.876,0,0,149.80,30556.04,31815.90,29,3706821,4132942,10259554304,36568375296
2025-05-14 06:35:03,42.786,4.083,0,0,199.60,30556.04,31815.90,29,3707023,4133144,10259554304,36568375296
2025-05-14 06:35:03,44.368,4.163,0,0,209.70,30556.04,31815.90,29,3707224,4133345,10259554304,36568375296
2025-05-14 06:35:03,43.307,3.966,0,0,149.70,30556.04,31815.90,29,3707425,4133546,10259554304,36568375296
2025-05-14 06:35:03,44.082,3.860,0,0,159.70,30556.04,31815.90,29,3707626,4133747,10259554304,36568375296
2025-05-14 06:35:04,42.328,3.861,0,0,149.80,30556.04,31815.90,29,3707827,4133948,10259554304,36568375296
2025-05-14 06:35:04,40.198,3.959,0,0,69.90,30556.04,31815.90,29,3708034,4134157,10259558400,36568391680
2025-05-14 06:35:04,38.617,3.802,4096,16384,89.80,30556.04,31815.90,29,3708236,4134359,10259558400,36568391680
2025-05-14 06:35:04,42.850,3.983,0,0,59.90,30556.04,31815.90,29,3708435,4134558,10259558400,36568391680
2025-05-14 06:35:04,45.328,3.825,0,0,49.90,30556.04,31815.90,29,3708632,4134755,10259558400,36568391680
2025-05-14 06:35:05,40.963,3.768,0,0,59.90,30556.04,31815.90,29,3708834,4134957,10259558400,36568391680
2025-05-14 06:35:05,37.864,3.742,0,0,159.70,30556.04,31815.90,29,3709035,4135158,10259558400,36568391680
2025-05-14 06:35:05,40.622,3.789,0,0,69.90,30556.04,31815.90,29,3709241,4135365,10259558400,36568399872
2025-05-14 06:35:05,37.894,3.736,0,8192,59.90,30556.04,31815.90,29,3709443,4135567,10259558400,36568399872
2025-05-14 06:35:05,40.462,3.796,0,0,69.90,30556.04,31815.90,29,3709643,4135767,10259558400,36568399872
2025-05-14 06:35:06,38.550,3.749,0,0,69.90,30556.04,31815.90,29,3709844,4135968,10259558400,36568399872
2025-05-14 06:35:06,38.035,3.762,0,0,59.90,30556.04,31815.90,29,3710045,4136169,10259558400,36568399872
2025-05-14 06:35:06,38.284,3.725,0,0,59.90,30556.04,31815.90,29,3710246,4136370,10259558400,36568399872
2025-05-14 06:35:06,39.127,3.814,0,0,59.90,30556.04,31815.90,29,3710445,4136569,10259558400,36568399872
2025-05-14 06:35:06,44.528,3.918,0,0,79.90,30556.04,31815.90,29,3710646,4136770,10259558400,36568399872
2025-05-14 06:35:07,43.442,3.888,0,0,39.90,30556.04,31815.90,29,3710847,4136971,10259558400,36568399872
2025-05-14 06:35:07,40.177,3.723,0,0,59.90,30556.04,31815.90,29,3711048,4137172,10259558400,36568399872
2025-05-14 06:35:07,39.892,3.725,0,0,89.90,30556.04,31815.90,29,3711250,4137374,10259558400,36568399872
2025-05-14 06:35:07,39.042,3.784,0,0,49.90,30556.04,31815.90,29,3711450,4137574,10259558400,36568399872
2025-05-14 06:35:07,42.764,3.757,0,0,69.90,30556.04,31815.90,29,3711651,4137775,10259558400,36568399872
2025-05-14 06:35:08,39.139,3.679,0,0,59.90,30556.04,31815.90,29,3711852,4137976,10259558400,36568399872
2025-05-14 06:35:08,38.616,3.683,0,0,99.80,30556.04,31815.90,29,3712089,4138239,10259558400,36570234880
2025-05-14 06:35:08,39.622,3.737,0,1835008,79.90,30556.04,31815.90,29,3712291,4138441,10259558400,36570234880
2025-05-14 06:35:08,37.806,3.677,0,0,39.90,30556.04,31815.90,29,3712491,4138641,10259558400,36570234880
2025-05-14 06:35:08,40.623,3.735,0,0,59.90,30556.04,31815.90,29,3712692,4138842,10259558400,36570234880
2025-05-14 06:35:09,42.305,3.776,0,0,49.90,30556.04,31815.90,29,3712891,4139041,10259558400,36570234880
2025-05-14 06:35:09,42.573,3.828,0,0,59.90,30556.04,31815.90,29,3713092,4139242,10259558400,36570234880
2025-05-14 06:35:09,38.665,3.748,0,0,59.90,30556.04,31815.90,29,3713294,4139444,10259558400,36570234880
2025-05-14 06:35:09,39.345,3.748,0,0,49.90,30556.04,31815.90,29,3713494,4139644,10259558400,36570234880
2025-05-14 06:35:09,45.011,3.893,0,0,59.90,30556.04,31815.90,29,3713704,4139857,10259558400,36570247168
2025-05-14 06:35:10,45.425,3.944,0,12288,39.90,30556.04,31815.90,29,3713905,4140058,10259558400,36570247168
2025-05-14 06:35:10,42.138,3.860,0,0,119.80,30556.04,31815.90,29,3714106,4140259,10259558400,36570247168
2025-05-14 06:35:10,44.554,4.170,0,0,59.90,30556.04,31815.90,29,3714312,4140465,10259558400,36570247168
2025-05-14 06:35:10,43.189,4.064,0,0,49.90,30556.04,31815.90,29,3714509,4140662,10259558400,36570247168
2025-05-14 06:35:10,47.192,3.827,0,0,79.90,30556.04,31815.90,29,3714709,4140862,10259558400,36570247168
2025-05-14 06:35:11,40.742,3.928,0,0,69.90,30556.04,31815.90,29,3714910,4141063,10259558400,36570247168
2025-05-14 06:35:11,38.851,3.883,0,0,59.90,30556.04,31815.90,29,3715112,4141265,10259558400,36570247168
2025-05-14 06:35:11,38.229,3.711,0,20480,59.90,30556.04,31815.90,29,3715315,4141469,10259558400,36570267648
2025-05-14 06:35:11,42.128,3.934,0,0,209.60,30556.04,31815.90,29,3715511,4141665,10259558400,36570267648
2025-05-14 06:35:11,49.300,4.699,0,0,159.70,30556.04,31815.90,29,3715711,4141865,10259558400,36570267648
2025-05-14 06:35:12,46.084,4.098,0,180224,169.70,30556.04,31815.90,29,3715922,4142081,10259558400,36570447872
2025-05-14 06:35:12,45.319,4.008,0,0,159.70,30556.04,31815.90,29,3716123,4142282,10259558400,36570447872
2025-05-14 06:35:12,44.973,4.026,0,0,149.70,30556.04,31815.90,29,3716324,4142483,10259558400,36570447872
2025-05-14 06:35:12,43.160,3.963,0,0,139.70,30556.04,31815.90,29,3716518,4142677,10259558400,36570447872
2025-05-14 06:35:12,47.935,4.088,0,0,169.70,30556.04,31815.90,29,3716716,4142875,10259558400,36570447872
2025-05-14 06:35:13,42.046,3.877,0,0,149.70,30556.04,31815.90,29,3716917,4143076,10259558400,36570447872
2025-05-14 06:35:13,42.447,3.966,0,0,149.70,30556.04,31815.90,29,3717118,4143277,10259558400,36570447872
2025-05-14 06:35:13,42.907,3.954,0,0,169.70,30556.04,31815.90,29,3717320,4143479,10259558400,36570447872
2025-05-14 06:35:13,43.330,3.972,0,0,159.70,30556.04,31815.90,29,3717521,4143680,10259558400,36570447872
2025-05-14 06:35:13,43.341,3.959,0,0,209.60,30556.04,31815.90,29,3717744,4143911,10259558400,36570566656
2025-05-14 06:35:14,42.865,3.968,0,118784,179.70,30556.04,31815.90,29,3717945,4144112,10259558400,36570566656
2025-05-14 06:35:14,44.980,4.200,0,0,159.70,30556.04,31815.90,29,3718147,4144314,10259558400,36570566656
2025-05-14 06:35:14,42.945,4.009,0,0,169.70,30556.04,31815.90,29,3718348,4144515,10259558400,36570566656
2025-05-14 06:35:14,42.372,3.851,0,0,39.90,30556.04,31815.90,29,3718546,4144713,10259558400,36570566656
2025-05-14 06:35:14,42.355,3.851,0,0,69.90,30556.04,31815.90,29,3718750,4144917,10259558400,36570570752
2025-05-14 06:35:15,41.127,4.117,2215936,4096,159.70,30556.04,31815.90,29,3719004,4145160,10261774336,36570570752
2025-05-14 06:35:15,43.291,4.349,0,0,149.80,30556.04,31815.90,29,3719205,4145361,10261774336,36570570752
2025-05-14 06:35:15,42.837,4.081,0,0,149.80,30556.04,31815.90,29,3719407,4145563,10261774336,36570570752
2025-05-14 06:35:15,43.382,3.915,0,0,149.70,30556.04,31815.90,29,3719608,4145764,10261774336,36570570752
2025-05-14 06:35:15,44.069,4.241,0,0,69.90,30556.04,31815.90,29,3719809,4145965,10261774336,36570570752
2025-05-14 06:35:16,38.642,3.744,0,0,279.50,30556.04,31815.90,29,3720073,4146207,10261872640,36570570752
2025-05-14 06:35:16,45.703,4.693,241664,0,259.60,30556.04,31815.90,29,3720395,4146513,10262028288,36570656768
2025-05-14 06:35:16,48.556,4.846,20480,86016,538.90,30556.04,31815.90,29,3720611,4146724,10262044672,36570656768
2025-05-14 06:35:16,49.874,5.448,8192,0,529.10,30556.04,31815.90,29,3720813,4146925,10262044672,36570656768
2025-05-14 06:35:16,50.776,5.312,0,0,409.20,30556.04,31815.90,29,3721027,4147135,10262052864,36570656768
2025-05-14 06:35:17,48.108,4.819,798720,0,588.90,30556.04,31815.90,29,3721421,4147463,10264100864,36570656768
2025-05-14 06:35:17,47.606,4.932,1679360,1175552,129.80,30556.04,31815.90,29,3721803,4147810,10264567808,36571832320
2025-05-14 06:35:17,41.745,4.077,110592,0,39.90,30556.04,31815.90,29,3722057,4148046,10264633344,36571832320
2025-05-14 06:35:17,43.054,3.865,0,0,59.90,30556.04,31815.90,29,3722258,4148247,10264633344,36571832320
2025-05-14 06:35:17,39.913,3.875,0,0,59.90,30556.04,31815.90,29,3722459,4148448,10264633344,36571832320
2025-05-14 06:35:18,39.776,3.824,0,0,59.90,30556.04,31815.90,29,3722661,4148650,10264633344,36571832320
2025-05-14 06:35:18,41.391,3.971,4096,0,359.40,30556.04,31815.90,29,3722880,4148872,10264637440,36571881472
2025-05-14 06:35:18,48.310,4.916,0,401408,469.20,30556.04,31815.90,29,3723122,4149132,10264637440,36572823552
2025-05-14 06:35:18,47.859,5.108,0,626688,399.30,30556.04,31815.90,29,3723362,4149374,10264637440,36573421568
2025-05-14 06:35:18,48.459,4.850,36864,581632,419.30,30556.04,31815.90,29,3723599,4149618,10264678400,36573646848
2025-05-14 06:35:19,46.061,4.905,4096,217088,419.20,30556.04,31815.90,29,3723813,4149839,10264678400,36573970432
2025-05-14 06:35:19,46.697,4.747,0,311296,399.30,30556.04,31815.90,29,3724016,4150042,10264678400,36573970432
2025-05-14 06:35:19,46.398,4.820,0,0,419.30,30556.04,31815.90,29,3724217,4150243,10264678400,36573970432
2025-05-14 06:35:19,47.366,4.868,0,0,309.40,30556.04,31815.90,29,3724407,4150433,10264678400,36573970432
2025-05-14 06:35:19,49.122,4.759,0,16384,429.30,30556.04,31815.90,29,3724702,4150762,10264678400,36574126080
2025-05-14 06:35:20,47.316,5.354,0,663552,409.30,30556.04,31815.90,29,3724913,4150978,10264678400,36574650368
2025-05-14 06:35:20,46.650,5.213,0,8192,399.20,30556.04,31815.90,29,3725122,4151189,10264678400,36574658560
2025-05-14 06:35:20,45.352,5.139,0,0,379.30,30556.04,31815.90,29,3725327,4151394,10264678400,36574658560
2025-05-14 06:35:20,47.085,4.821,0,0,329.30,30556.04,31815.90,29,3725527,4151594,10264678400,36574658560
2025-05-14 06:35:20,48.540,4.563,0,0,439.30,30556.04,31815.90,29,3725799,4151890,10264678400,36574765056
2025-05-14 06:35:21,46.370,4.654,0,323584,499.10,30556.04,31815.90,29,3726300,4152492,10264678400,36575191040
2025-05-14 06:35:21,47.102,4.902,0,430080,419.20,30556.04,31815.90,29,3726812,4153109,10264678400,36575641600
2025-05-14 06:35:21,46.633,4.720,0,516096,499.30,30556.04,31815.90,29,3727314,4153712,10264678400,36576137216
2025-05-14 06:35:21,47.455,4.617,0,348160,399.30,30556.04,31815.90,29,3727745,4154217,10264678400,36576460800
2025-05-14 06:35:22,48.348,4.807,0,385024,429.30,30556.04,31815.90,29,3728245,4154825,10264678400,36576911360
2025-05-14 06:35:22,46.648,4.733,0,520192,429.10,30556.04,31815.90,29,3728733,4155412,10264678400,36577390592
2025-05-14 06:35:22,46.642,4.771,0,417792,419.30,30556.04,31815.90,29,3729213,4155992,10264678400,36577808384
2025-05-14 06:35:22,47.093,4.730,0,401408,409.30,30556.04,31815.90,29,3729713,4156594,10264678400,36578304000
2025-05-14 06:35:22,47.815,4.671,0,442368,429.20,30556.04,31815.90,29,3730111,4157063,10264678400,36578607104
2025-05-14 06:35:23,46.164,4.820,0,372736,419.10,30556.04,31815.90,29,3730589,4157635,10264678400,36579012608
2025-05-14 06:35:23,45.783,4.952,0,385024,449.10,30556.04,31815.90,29,3731040,4158172,10264678400,36579377152
2025-05-14 06:35:23,46.978,4.819,0,364544,449.20,30556.04,31815.90,29,3731504,4158724,10264678400,36579815424
2025-05-14 06:35:23,47.590,4.853,0,356352,419.30,30556.04,31815.90,29,3731775,4159021,10264678400,36579921920
2025-05-14 06:35:23,47.827,4.840,0,4599808,349.30,30556.04,31815.90,29,3732287,4159875,10264678400,36584751104
2025-05-14 06:35:24,46.912,4.986,0,229376,449.20,30556.04,31815.90,29,3732505,4160097,10264678400,36584767488
2025-05-14 06:35:24,46.246,5.009,0,2494464,389.30,30556.04,31815.90,29,3733043,4160751,10264678400,36587642880
2025-05-14 06:35:24,46.316,5.264,0,585728,419.30,30556.04,31815.90,29,3733506,4161300,10264678400,36588007424
2025-05-14 06:35:24,46.838,5.301,0,409600,439.10,30556.04,31815.90,29,3733931,4161804,10264678400,36588396544
2025-05-14 06:35:24,48.456,5.129,0,208896,389.30,30556.04,31815.90,29,3734170,4162057,10264678400,36588457984
2025-05-14 06:35:25,46.314,5.040,0,360448,399.40,30556.04,31815.90,29,3734374,4162265,10264678400,36588810240
2025-05-14 06:35:25,45.752,5.204,0,69632,419.30,30556.04,31815.90,29,3734711,4162648,10264678400,36589559808
2025-05-14 06:35:25,46.847,5.277,0,831488,359.40,30556.04,31815.90,29,3735154,4163173,10264678400,36589903872
2025-05-14 06:35:25,43.807,5.144,0,208896,399.30,30556.04,31815.90,29,3735362,4163385,10264678400,36589920256
2025-05-14 06:35:25,47.637,5.092,0,12288,359.30,30556.04,31815.90,29,3735536,4163578,10264723456,36591837184
2025-05-14 06:35:26,46.718,5.156,45056,1904640,369.40,30556.04,31815.90,29,3735741,4163783,10264723456,36591837184
2025-05-14 06:35:26,45.969,5.110,0,0,399.30,30556.04,31815.90,29,3736021,4164083,10264723456,36591923200
2025-05-14 06:35:26,46.507,5.066,0,262144,389.30,30556.04,31815.90,29,3736404,4164524,10264723456,36592201728
2025-05-14 06:35:26,46.096,5.005,0,233472,439.20,30556.04,31815.90,29,3736612,4164735,10264723456,36592332800
2025-05-14 06:35:26,47.911,5.086,0,0,369.40,30556.04,31815.90,29,3736803,4164926,10264723456,36592332800
2025-05-14 06:35:27,45.780,5.061,0,24576,389.30,30556.04,31815.90,29,3737004,4165133,10264723456,36592619520
2025-05-14 06:35:27,49.231,4.898,0,266240,299.50,30556.04,31815.90,29,3737186,4165317,10264723456,36592689152
2025-05-14 06:35:27,47.176,4.863,0,602112,429.10,30556.04,31815.90,29,3737405,4165547,10264723456,36593250304
2025-05-14 06:35:27,45.841,5.010,0,458752,289.50,30556.04,31815.90,29,3737668,4165834,10264723456,36593983488
2025-05-14 06:35:27,48.869,5.012,0,397312,279.50,30556.04,31815.90,29,3737897,4166081,10264723456,36594196480
2025-05-14 06:35:28,48.278,5.122,0,856064,249.50,30556.04,31815.90,29,3738295,4166557,10264723456,36595437568
2025-05-14 06:35:28,48.036,4.955,0,565248,279.30,30556.04,31815.90,29,3738535,4166814,10264723456,36595572736
2025-05-14 06:35:28,46.639,5.029,0,356352,399.30,30556.04,31815.90,29,3739023,4167400,10264723456,36596047872
2025-05-14 06:35:28,45.861,4.927,0,397312,439.30,30556.04,31815.90,29,3739461,4167925,10264723456,36596412416
2025-05-14 06:35:28,47.533,4.703,0,245760,429.50,30556.04,31815.90,29,3739722,4168206,10264723456,36596502528
2025-05-14 06:35:29,46.890,4.520,0,0,389.40,30556.04,31815.90,29,3739923,4168407,10264723456,36596502528
2025-05-14 06:35:29,46.024,4.617,0,4096,469.20,30556.04,31815.90,29,3740126,4168611,10264723456,36596506624
2025-05-14 06:35:29,47.732,4.356,0,0,489.10,30556.04,31815.90,29,3740333,4168818,10264723456,36596506624
2025-05-14 06:35:29,48.189,4.308,0,0,489.10,30556.04,31815.90,29,3740534,4169019,10264723456,36596506624
2025-05-14 06:35:29,47.810,4.427,0,0,519.00,30556.04,31815.90,29,3740735,4169220,10264723456,36596506624
2025-05-14 06:35:30,47.880,4.260,0,0,539.10,30556.04,31815.90,29,3740940,4169425,10264723456,36596506624
2025-05-14 06:35:30,48.160,4.289,0,0,479.30,30556.04,31815.90,29,3741143,4169629,10264723456,36596510720
2025-05-14 06:35:30,46.349,4.448,0,4096,389.30,30556.04,31815.90,29,3741420,4169974,10264723456,36598046720
2025-05-14 06:35:30,44.919,4.580,0,1732608,329.30,30556.04,31815.90,29,3741624,4170181,10264723456,36598243328
2025-05-14 06:35:30,46.288,4.313,0,0,529.20,30556.04,31815.90,29,3741825,4170382,10264723456,36598243328
2025-05-14 06:35:31,47.119,4.232,0,0,429.30,30556.04,31815.90,29,3742027,4170584,10264723456,36598243328
2025-05-14 06:35:31,47.698,4.353,0,0,539.20,30556.04,31815.90,29,3742228,4170785,10264723456,36598243328
2025-05-14 06:35:31,48.861,4.266,0,0,549.00,30556.04,31815.90,29,3742429,4170986,10264723456,36598243328
2025-05-14 06:35:31,47.500,4.196,0,0,479.20,30556.04,31815.90,29,3742621,4171178,10264723456,36598243328
2025-05-14 06:35:31,48.416,4.566,0,0,469.20,30556.04,31815.90,29,3742826,4171383,10264723456,36598243328
2025-05-14 06:35:32,47.704,4.645,0,0,469.20,30556.04,31815.90,29,3743029,4171586,10264723456,36598243328
2025-05-14 06:35:32,46.959,4.727,0,0,349.30,30556.04,31815.90,29,3743226,4171783,10264723456,36598243328
2025-05-14 06:35:32,46.204,4.724,0,0,319.50,30556.04,31815.90,29,3743423,4171980,10264723456,36598243328
2025-05-14 06:35:32,46.585,4.464,0,0,399.30,30556.04,31815.90,29,3743614,4172171,10264723456,36598243328
2025-05-14 06:35:32,46.795,4.500,0,0,299.40,30556.04,31815.90,29,3743819,4172375,10264727552,36598243328
2025-05-14 06:35:33,47.476,4.606,4096,0,259.60,30556.04,31815.90,29,3744013,4172569,10264727552,36598243328
2025-05-14 06:35:33,45.682,4.462,0,12288,279.60,30556.04,31815.90,29,3744224,4172783,10264727552,36598317056
2025-05-14 06:35:33,44.619,4.353,0,69632,329.50,30556.04,31815.90,29,3744434,4172997,10264727552,36598341632
2025-05-14 06:35:33,46.034,4.530,0,16384,319.40,30556.04,31815.90,29,3744640,4173203,10264727552,36598341632
2025-05-14 06:35:33,47.825,4.438,0,0,309.50,30556.04,31815.90,29,3744826,4173389,10264727552,36598341632
2025-05-14 06:35:34,47.534,4.786,0,0,259.50,30556.04,31815.90,29,3745027,4173590,10264727552,36598341632
2025-05-14 06:35:34,45.539,4.674,0,0,259.50,30556.04,31815.90,29,3745230,4173793,10264743936,36598341632
2025-05-14 06:35:34,44.777,4.464,16384,0,279.50,30556.04,31815.90,29,3745434,4173997,10264743936,36598341632
2025-05-14 06:35:34,44.808,4.580,0,0,309.50,30556.04,31815.90,29,3745634,4174197,10264743936,36598341632
2025-05-14 06:35:34,44.471,4.569,0,0,459.10,30556.04,31815.90,29,3745832,4174395,10264743936,36598341632
2025-05-14 06:35:35,46.769,4.635,0,0,409.30,30556.04,31815.90,29,3746039,4174602,10264743936,36598341632
2025-05-14 06:35:35,45.929,4.427,0,1126400,329.40,30556.04,31815.90,29,3746262,4174838,10264743936,36599730176
2025-05-14 06:35:35,45.128,4.483,0,274432,319.40,30556.04,31815.90,29,3746469,4175047,10264743936,36599742464
2025-05-14 06:35:35,44.874,4.465,0,0,319.40,30556.04,31815.90,29,3746670,4175248,10264743936,36599742464
2025-05-14 06:35:35,46.259,4.432,0,0,449.20,30556.04,31815.90,29,3746869,4175447,10264743936,36599742464
2025-05-14 06:35:36,46.027,4.510,0,0,409.20,30556.04,31815.90,29,3747067,4175645,10264743936,36599742464
2025-05-14 06:35:36,46.528,4.533,0,0,429.20,30556.04,31815.90,29,3747262,4175841,10264743936,36599742464
2025-05-14 06:35:36,46.583,4.283,0,0,449.20,30556.04,31815.90,29,3747470,4176046,10264784896,36599742464
2025-05-14 06:35:36,47.355,4.022,40960,0,389.30,30556.04,31815.90,29,3747670,4176246,10264784896,36599742464
2025-05-14 06:35:36,46.035,4.125,0,0,369.30,30556.04,31815.90,29,3747874,4176456,10264784896,36600274944
2025-05-14 06:35:37,46.308,4.154,0,532480,349.40,30556.04,31815.90,29,3748074,4176656,10264784896,36600274944
2025-05-14 06:35:37,45.502,4.294,0,528384,309.40,30556.04,31815.90,29,3748287,4176875,10264784896,36600803328
2025-05-14 06:35:37,45.055,4.365,0,3944448,289.50,30556.04,31815.90,29,3748621,4177263,10264784896,36604747776
2025-05-14 06:35:37,45.770,4.478,0,0,339.40,30556.04,31815.90,29,3748816,4177458,10264784896,36604747776
2025-05-14 06:35:37,46.397,4.517,0,0,389.30,30556.04,31815.90,29,3749015,4177657,10264784896,36604747776
2025-05-14 06:35:38,45.724,4.423,0,532480,289.40,30556.04,31815.90,29,3749222,4177870,10264784896,36605280256
2025-05-14 06:35:38,44.797,4.146,0,0,319.50,30556.04,31815.90,29,3749423,4178071,10264784896,36605280256
2025-05-14 06:35:38,45.310,4.311,0,0,349.30,30556.04,31815.90,29,3749631,4178279,10264784896,36605280256
2025-05-14 06:35:38,48.236,4.138,0,0,339.40,30556.04,31815.90,29,3749829,4178477,10264784896,36605280256
2025-05-14 06:35:38,46.535,4.274,0,528384,329.30,30556.04,31815.90,29,3750046,4178710,10264784896,36605841408
2025-05-14 06:35:39,45.130,4.349,0,32768,349.40,30556.04,31815.90,29,3750248,4178913,10264784896,36605841408
2025-05-14 06:35:39,45.252,4.236,0,0,299.40,30556.04,31815.90,29,3750450,4179114,10264784896,36605841408
2025-05-14 06:35:39,45.464,4.230,0,0,269.80,30556.04,31815.90,29,3750651,4179315,10264784896,36605841408
2025-05-14 06:35:39,44.927,4.108,0,0,319.50,30556.04,31815.90,29,3750845,4179509,10264784896,36605841408
2025-05-14 06:35:39,46.585,4.192,0,0,359.40,30556.04,31815.90,29,3751047,4179711,10264784896,36605841408
2025-05-14 06:35:40,46.043,4.178,0,0,339.30,30556.04,31815.90,29,3751247,4179911,10264784896,36605841408
2025-05-14 06:35:40,43.841,4.148,0,0,279.50,30556.04,31815.90,29,3751448,4180112,10264784896,36605841408
2025-05-14 06:35:40,44.631,4.496,0,0,259.50,30556.04,31815.90,29,3751662,4180330,10264784896,36605898752
2025-05-14 06:35:40,44.788,4.161,0,57344,269.50,30556.04,31815.90,29,3751857,4180524,10264784896,36605898752
2025-05-14 06:35:40,46.366,4.238,0,0,359.30,30556.04,31815.90,29,3752058,4180725,10264784896,36605898752
2025-05-14 06:35:41,46.001,4.256,0,0,359.40,30556.04,31815.90,29,3752259,4180926,10264784896,36605898752
2025-05-14 06:35:41,45.302,4.205,0,0,329.40,30556.04,31815.90,29,3752461,4181128,10264784896,36605898752
2025-05-14 06:35:41,44.875,4.217,0,0,289.50,30556.04,31815.90,29,3752662,4181329,10264784896,36605898752
2025-05-14 06:35:41,45.028,4.164,0,0,319.30,30556.04,31815.90,29,3752889,4181547,10264784896,36605898752
2025-05-14 06:35:41,46.031,4.361,0,0,369.30,30556.04,31815.90,29,3753115,4181767,10264784896,36605898752
2025-05-14 06:35:42,46.019,4.431,0,0,329.30,30556.04,31815.90,29,3753316,4181968,10264784896,36605898752
2025-05-14 06:35:42,46.030,4.256,0,0,369.40,30556.04,31815.90,29,3753517,4182169,10264784896,36605898752
2025-05-14 06:35:42,45.189,4.291,0,0,379.40,30556.04,31815.90,29,3753716,4182369,10264784896,36605898752
2025-05-14 06:35:42,46.212,4.304,0,1253376,289.30,30556.04,31815.90,29,3753953,4182615,10264784896,36607217664
2025-05-14 06:35:42,45.403,4.370,0,65536,239.60,30556.04,31815.90,29,3754154,4182816,10264784896,36607217664
2025-05-14 06:35:43,44.473,4.137,0,0,309.50,30556.04,31815.90,29,3754366,4183022,10264784896,36607217664
2025-05-14 06:35:43,44.753,4.038,0,0,339.40,30556.04,31815.90,29,3754567,4183223,10264784896,36607217664
2025-05-14 06:35:43,45.612,4.159,0,0,359.40,30556.04,31815.90,29,3754768,4183424,10264784896,36607217664
2025-05-14 06:35:43,45.169,4.179,0,0,269.50,30556.04,31815.90,29,3754969,4183625,10264784896,36607217664
2025-05-14 06:35:43,46.140,4.226,0,0,299.40,30556.04,31815.90,29,3755171,4183827,10264784896,36607217664
2025-05-14 06:35:44,44.422,4.325,0,0,329.40,30556.04,31815.90,29,3755372,4184028,10264784896,36607217664
2025-05-14 06:35:44,44.696,4.157,0,0,309.50,30556.04,31815.90,29,3755603,4184253,10264788992,36607246336
2025-05-14 06:35:44,44.698,4.212,4096,28672,289.50,30556.04,31815.90,29,3755809,4184459,10264788992,36607246336
2025-05-14 06:35:44,45.069,4.036,0,0,319.40,30556.04,31815.90,29,3755991,4184641,10264788992,36607246336
2025-05-14 06:35:44,44.870,4.306,0,0,309.60,30556.04,31815.90,29,3756192,4184842,10264788992,36607246336
2025-05-14 06:35:45,45.604,4.242,0,0,349.40,30556.04,31815.90,29,3756394,4185044,10264788992,36607246336
2025-05-14 06:35:45,45.779,4.234,0,0,319.50,30556.04,31815.90,29,3756595,4185245,10264788992,36607246336
2025-05-14 06:35:45,44.438,4.460,0,0,319.40,30556.04,31815.90,29,3756796,4185446,10264788992,36607246336
2025-05-14 06:35:45,45.162,4.111,0,0,299.50,30556.04,31815.90,29,3756997,4185647,10264788992,36607246336
2025-05-14 06:35:45,44.368,4.473,0,0,279.50,30556.04,31815.90,29,3757197,4185847,10264788992,36607246336
2025-05-14 06:35:46,44.816,4.338,0,0,279.50,30556.04,31815.90,29,3757399,4186049,10264788992,36607246336
2025-05-14 06:35:46,44.515,4.136,0,0,319.50,30556.04,31815.90,29,3757600,4186250,10264788992,36607246336
2025-05-14 06:35:46,45.336,4.390,0,0,349.40,30556.04,31815.90,29,3757801,4186451,10264788992,36607246336
2025-05-14 06:35:46,46.110,4.334,0,0,319.40,30556.04,31815.90,29,3758003,4186653,10264788992,36607246336
2025-05-14 06:35:46,45.720,4.448,0,0,299.50,30556.04,31815.90,29,3758204,4186854,10264788992,36607246336
2025-05-14 06:35:47,45.272,4.284,0,0,299.50,30556.04,31815.90,29,3758406,4187056,10264788992,36607246336
2025-05-14 06:35:47,44.422,4.114,0,1515520,279.50,30556.04,31815.90,29,3758625,4187288,10264788992,36608770048
2025-05-14 06:35:47,42.910,4.296,0,8192,309.40,30556.04,31815.90,29,3758826,4187489,10264788992,36608770048
2025-05-14 06:35:47,45.491,4.226,0,0,299.50,30556.04,31815.90,29,3759026,4187689,10264788992,36608770048
2025-05-14 06:35:47,42.799,4.693,0,24576,299.50,30556.04,31815.90,29,3759230,4187897,10264788992,36608794624
2025-05-14 06:35:48,45.299,4.260,0,0,309.50,30556.04,31815.90,29,3759432,4188099,10264788992,36608794624
2025-05-14 06:35:48,44.786,4.282,0,0,329.40,30556.04,31815.90,29,3759639,4188308,10264788992,36608802816
2025-05-14 06:35:48,45.522,4.593,0,8192,269.50,30556.04,31815.90,29,3759840,4188509,10264788992,36608802816
2025-05-14 06:35:48,45.110,4.291,0,0,249.60,30556.04,31815.90,29,3760028,4188697,10264788992,36608802816
2025-05-14 06:35:48,44.152,4.351,0,0,319.50,30556.04,31815.90,29,3760230,4188899,10264788992,36608802816
2025-05-14 06:35:49,45.336,4.329,0,0,279.50,30556.04,31815.90,29,3760431,4189100,10264788992,36608802816
2025-05-14 06:35:49,44.541,4.340,0,0,319.40,30556.04,31815.90,29,3760632,4189301,10264788992,36608802816
2025-05-14 06:35:49,45.472,4.365,0,0,349.40,30556.04,31815.90,29,3760836,4189505,10264788992,36608802816
2025-05-14 06:35:49,44.819,4.348,0,0,299.50,30556.04,31815.90,29,3761038,4189707,10264788992,36608802816
2025-05-14 06:35:49,44.320,4.339,0,0,289.50,30556.04,31815.90,29,3761247,4189919,10264788992,36608815104
2025-05-14 06:35:50,44.709,4.257,0,12288,269.50,30556.04,31815.90,29,3761448,4190120,10264788992,36608815104
2025-05-14 06:35:50,43.549,4.329,0,0,249.50,30556.04,31815.90,29,3761648,4190320,10264788992,36608815104
2025-05-14 06:35:50,44.122,4.135,0,0,289.50,30556.04,31815.90,29,3761850,4190522,10264788992,36608815104
2025-05-14 06:35:50,45.738,4.129,0,0,299.50,30556.04,31815.90,29,3762054,4190726,10264788992,36608815104
2025-05-14 06:35:50,44.931,4.342,0,0,349.30,30556.04,31815.90,29,3762255,4190927,10264788992,36608815104
2025-05-14 06:35:51,45.233,4.197,0,0,279.50,30556.04,31815.90,29,3762456,4191128,10264788992,36608815104
2025-05-14 06:35:51,44.487,4.217,0,0,319.50,30556.04,31815.90,29,3762657,4191329,10264788992,36608815104
2025-05-14 06:35:51,44.473,4.215,0,0,309.50,30556.04,31815.90,29,3762859,4191531,10264788992,36608815104
2025-05-14 06:35:51,45.182,4.259,0,0,309.50,30556.04,31815.90,29,3763055,4191727,10264788992,36608815104
2025-05-14 06:35:51,45.185,4.401,0,0,259.50,30556.04,31815.90,29,3763256,4191928,10264788992,36608815104
2025-05-14 06:35:52,44.941,4.350,0,0,299.50,30556.04,31815.90,29,3763457,4192129,10264788992,36608815104
2025-05-14 06:35:52,45.390,4.460,0,0,289.50,30556.04,31815.90,29,3763658,4192330,10264788992,36608815104
2025-05-14 06:35:52,45.139,4.272,0,0,359.40,30556.04,31815.90,29,3763864,4192536,10264788992,36608815104
2025-05-14 06:35:52,46.049,4.391,0,0,339.40,30556.04,31815.90,29,3764060,4192732,10264788992,36608815104
2025-05-14 06:35:52,44.931,4.438,0,0,299.40,30556.04,31815.90,29,3764259,4192931,10264788992,36608815104
2025-05-14 06:35:53,44.348,4.161,0,0,299.50,30556.04,31815.90,29,3764460,4193132,10264788992,36608815104
2025-05-14 06:35:53,44.778,4.146,0,0,269.60,30556.04,31815.90,29,3764683,4193363,10264788992,36609867776
2025-05-14 06:35:53,44.521,4.182,0,1060864,329.40,30556.04,31815.90,29,3764888,4193569,10264788992,36609875968
2025-05-14 06:35:53,46.171,4.135,0,0,239.60,30556.04,31815.90,29,3765089,4193770,10264788992,36609875968
2025-05-14 06:35:54,44.018,4.161,0,0,269.50,30556.04,31815.90,29,3765289,4193970,10264788992,36609875968
2025-05-14 06:35:54,44.725,4.245,0,0,299.50,30556.04,31815.90,29,3765490,4194171,10264788992,36609875968
2025-05-14 06:35:54,45.208,4.354,0,0,269.60,30556.04,31815.90,29,3765691,4194372,10264788992,36609875968
2025-05-14 06:35:54,44.947,4.298,0,0,289.50,30556.04,31815.90,29,3765888,4194569,10264788992,36609875968
2025-05-14 06:35:54,44.419,4.164,0,0,259.60,30556.04,31815.90,29,3766089,4194770,10264788992,36609875968
2025-05-14 06:35:55,44.957,4.387,0,4096,249.60,30556.04,31815.90,29,3766293,4194975,10264788992,36609880064
2025-05-14 06:35:55,44.075,4.146,0,0,289.50,30556.04,31815.90,29,3766494,4195176,10264788992,36609880064
2025-05-14 06:35:55,43.726,4.269,0,0,269.60,30556.04,31815.90,29,3766695,4195377,10264788992,36609880064
2025-05-14 06:35:55,44.969,4.323,0,0,289.50,30556.04,31815.90,29,3766896,4195578,10264788992,36609880064
2025-05-14 06:35:55,45.287,4.293,0,0,319.50,30556.04,31815.90,29,3767090,4195772,10264788992,36609880064
2025-05-14 06:35:56,45.464,4.420,0,0,279.40,30556.04,31815.90,29,3767291,4195973,10264788992,36609880064
2025-05-14 06:35:56,44.593,4.269,0,4096,249.60,30556.04,31815.90,29,3767500,4196186,10264788992,36610080768
2025-05-14 06:35:56,43.845,4.178,0,196608,269.50,30556.04,31815.90,29,3767695,4196381,10264788992,36610080768
2025-05-14 06:35:56,44.571,4.220,0,0,299.50,30556.04,31815.90,29,3767892,4196579,10264788992,36610080768
2025-05-14 06:35:56,45.284,4.238,0,0,319.50,30556.04,31815.90,29,3768092,4196778,10264788992,36610080768
2025-05-14 06:35:57,44.882,4.470,0,0,309.40,30556.04,31815.90,29,3768293,4196979,10264788992,36610080768
2025-05-14 06:35:57,45.039,4.216,0,0,289.50,30556.04,31815.90,29,3768492,4197178,10264788992,36610080768
2025-05-14 06:35:57,44.100,4.220,0,0,279.50,30556.04,31815.90,29,3768694,4197380,10264788992,36610080768
2025-05-14 06:35:57,44.271,4.237,0,0,239.60,30556.04,31815.90,29,3768890,4197576,10264788992,36610080768
2025-05-14 06:35:57,45.257,4.065,0,0,269.50,30556.04,31815.90,29,3769082,4197768,10264788992,36610080768
2025-05-14 06:35:58,45.164,4.307,0,0,249.60,30556.04,31815.90,29,3769299,4197994,10264788992,36611330048
2025-05-14 06:35:58,45.671,4.174,0,1314816,319.50,30556.04,31815.90,29,3769505,4198202,10264788992,36611395584
2025-05-14 06:35:58,44.664,4.272,0,0,279.60,30556.04,31815.90,29,3769706,4198403,10264788992,36611395584
2025-05-14 06:35:58,43.155,4.214,0,0,259.60,30556.04,31815.90,29,3769904,4198602,10264788992,36611395584
2025-05-14 06:35:58,41.891,4.190,0,0,289.40,30556.04,31815.90,29,3770106,4198803,10264788992,36611395584
2025-05-14 06:35:59,44.397,4.260,0,0,259.60,30556.04,31815.90,29,3770310,4199007,10264788992,36611395584
2025-05-14 06:35:59,42.414,4.190,0,0,269.50,30556.04,31815.90,29,3770511,4199208,10264788992,36611395584
2025-05-14 06:35:59,44.034,4.194,0,4096,279.50,30556.04,31815.90,29,3770720,4199422,10264788992,36611596288
2025-05-14 06:35:59,44.446,4.193,0,196608,299.50,30556.04,31815.90,29,3770921,4199623,10264788992,36611596288
2025-05-14 06:35:59,45.482,4.232,0,0,269.50,30556.04,31815.90,29,3771125,4199827,10264788992,36611596288
2025-05-14 06:36:00,44.473,4.308,0,0,269.50,30556.04,31815.90,29,3771328,4200030,10264788992,36611596288
2025-05-14 06:36:00,43.144,4.230,0,479232,279.50,30556.04,31815.90,29,3771552,4200265,10264788992,36612075520
2025-05-14 06:36:00,44.342,4.333,0,0,219.60,30556.04,31815.90,29,3771754,4200467,10264788992,36612075520
2025-05-14 06:36:00,43.726,4.108,0,69632,279.50,30556.04,31815.90,29,3771959,4200674,10264788992,36612145152
2025-05-14 06:36:00,44.052,4.213,0,0,279.50,30556.04,31815.90,29,3772150,4200865,10264788992,36612145152
2025-05-14 06:36:01,44.425,4.639,0,0,249.60,30556.04,31815.90,29,3772353,4201068,10264788992,36612145152
2025-05-14 06:36:01,44.349,4.213,0,0,269.80,30556.04,31815.90,29,3772554,4201269,10264788992,36612145152
2025-05-14 06:36:01,44.785,4.581,0,0,219.60,30556.04,31815.90,29,3772756,4201471,10264788992,36612145152
2025-05-14 06:36:01,43.933,4.192,0,0,259.60,30556.04,31815.90,29,3772975,4201684,10264788992,36612145152
2025-05-14 06:36:01,44.654,4.054,0,0,239.60,30556.04,31815.90,29,3773172,4201881,10264788992,36612145152
2025-05-14 06:36:02,44.438,4.282,0,0,299.40,30556.04,31815.90,29,3773376,4202085,10264788992,36612149248
2025-05-14 06:36:02,45.112,4.222,0,73728,319.50,30556.04,31815.90,29,3773583,4202294,10264788992,36612218880
2025-05-14 06:36:02,45.773,4.289,0,0,259.50,30556.04,31815.90,29,3773790,4202501,10264788992,36612218880
2025-05-14 06:36:02,43.746,4.145,0,0,259.60,30556.04,31815.90,29,3773988,4202699,10264788992,36612218880
2025-05-14 06:36:02,45.317,4.155,0,0,299.50,30556.04,31815.90,29,3774189,4202900,10264788992,36612218880
2025-05-14 06:36:03,44.649,4.212,0,0,279.50,30556.04,31815.90,29,3774390,4203101,10264788992,36612218880
2025-05-14 06:36:03,44.827,4.121,0,0,279.50,30556.04,31815.90,29,3774594,4203306,10264788992,36612280320
2025-05-14 06:36:03,45.467,4.286,0,61440,209.60,30556.04,31815.90,29,3774794,4203506,10264788992,36612280320
2025-05-14 06:36:03,43.931,4.213,0,0,259.70,30556.04,31815.90,29,3774997,4203709,10264788992,36612280320
2025-05-14 06:36:03,44.165,4.157,0,0,289.50,30556.04,31815.90,29,3775198,4203910,10264788992,36612280320
2025-05-14 06:36:04,44.636,4.301,0,0,259.60,30556.04,31815.90,29,3775399,4204111,10264788992,36612280320
2025-05-14 06:36:04,44.277,4.155,0,0,279.50,30556.04,31815.90,29,3775600,4204312,10264788992,36612280320
2025-05-14 06:36:04,44.237,4.350,0,1736704,209.60,30556.04,31815.90,29,3775845,4204576,10264788992,36614213632
2025-05-14 06:36:04,43.827,4.169,0,196608,249.60,30556.04,31815.90,29,3776046,4204777,10264788992,36614213632
2025-05-14 06:36:04,45.623,4.335,0,0,269.50,30556.04,31815.90,29,3776253,4204986,10264788992,36614348800
2025-05-14 06:36:05,44.586,4.288,0,135168,279.60,30556.04,31815.90,29,3776454,4205187,10264788992,36614348800
2025-05-14 06:36:05,44.176,4.192,0,0,269.60,30556.04,31815.90,29,3776656,4205389,10264788992,36614348800
2025-05-14 06:36:05,43.915,4.272,0,1724416,289.50,30556.04,31815.90,29,3776883,4205643,10264788992,36616531968
2025-05-14 06:36:05,44.721,4.113,0,458752,309.70,30556.04,31815.90,29,3777082,4205842,10264788992,36616531968
2025-05-14 06:36:05,45.342,4.383,0,0,329.40,30556.04,31815.90,29,3777282,4206043,10264788992,36616536064
2025-05-14 06:36:06,44.704,4.577,0,528384,379.40,30556.04,31815.90,29,3777491,4206255,10264788992,36617060352
2025-05-14 06:36:06,46.476,4.384,0,0,329.40,30556.04,31815.90,29,3777692,4206456,10264788992,36617060352
2025-05-14 06:36:06,45.729,4.399,0,0,289.50,30556.04,31815.90,29,3777894,4206658,10264788992,36617060352
2025-05-14 06:36:06,44.391,4.423,0,0,279.50,30556.04,31815.90,29,3778088,4206852,10264788992,36617060352
2025-05-14 06:36:06,45.667,4.320,0,0,229.60,30556.04,31815.90,29,3778289,4207053,10264788992,36617060352
2025-05-14 06:36:07,44.271,4.209,0,0,279.50,30556.04,31815.90,29,3778490,4207254,10264788992,36617060352
2025-05-14 06:36:07,44.116,4.073,0,0,289.50,30556.04,31815.90,29,3778692,4207456,10264788992,36617060352
2025-05-14 06:36:07,43.580,4.302,0,0,259.60,30556.04,31815.90,29,3778893,4207657,10264788992,36617060352
2025-05-14 06:36:07,43.926,4.285,0,0,229.60,30556.04,31815.90,29,3779090,4207854,10264788992,36617060352
2025-05-14 06:36:07,44.407,4.176,0,0,279.50,30556.04,31815.90,29,3779291,4208055,10264788992,36617060352
2025-05-14 06:36:08,44.819,4.305,0,0,229.60,30556.04,31815.90,29,3779493,4208257,10264788992,36617060352
2025-05-14 06:36:08,43.181,4.261,0,0,279.60,30556.04,31815.90,29,3779694,4208458,10264788992,36617060352
2025-05-14 06:36:08,45.400,4.481,0,0,299.50,30556.04,31815.90,29,3779895,4208659,10264788992,36617060352
2025-05-14 06:36:08,44.545,4.280,0,0,259.40,30556.04,31815.90,29,3780101,4208865,10264788992,36617060352
2025-05-14 06:36:08,44.988,4.078,0,0,259.60,30556.04,31815.90,29,3780302,4209066,10264788992,36617060352
2025-05-14 06:36:09,44.211,4.122,0,0,289.60,30556.04,31815.90,29,3780505,4209270,10264788992,36617064448
2025-05-14 06:36:09,44.689,4.162,0,4096,339.40,30556.04,31815.90,29,3780707,4209472,10264788992,36617064448
2025-05-14 06:36:09,46.637,4.169,0,0,229.60,30556.04,31815.90,29,3780908,4209673,10264788992,36617064448
2025-05-14 06:36:09,45.037,4.273,0,0,249.60,30556.04,31815.90,29,3781109,4209874,10264788992,36617064448
2025-05-14 06:36:09,45.684,4.314,0,0,269.50,30556.04,31815.90,29,3781310,4210075,10264788992,36617064448
2025-05-14 06:36:10,45.485,4.429,0,0,319.50,30556.04,31815.90,29,3781559,4210350,10264788992,36618686464
2025-05-14 06:36:10,43.853,4.127,0,1622016,139.70,30556.04,31815.90,29,3781765,4210556,10264788992,36618686464
2025-05-14 06:36:10,42.735,3.944,0,0,159.70,30556.04,31815.90,29,3781966,4210757,10264788992,36618686464
2025-05-14 06:36:10,42.204,3.799,0,0,149.70,30556.04,31815.90,29,3782166,4210957,10264788992,36618686464
2025-05-14 06:36:10,44.303,3.908,0,0,149.80,30556.04,31815.90,29,3782377,4211172,10264788992,36618723328
2025-05-14 06:36:11,42.357,3.891,0,36864,159.70,30556.04,31815.90,29,3782578,4211373,10264788992,36618723328
2025-05-14 06:36:11,41.436,3.832,0,0,159.70,30556.04,31815.90,29,3782779,4211574,10264788992,36618723328
2025-05-14 06:36:11,43.805,4.237,0,0,159.70,30556.04,31815.90,29,3782981,4211776,10264788992,36618723328
2025-05-14 06:36:11,42.364,3.857,0,0,159.70,30556.04,31815.90,29,3783182,4211977,10264788992,36618723328
2025-05-14 06:36:11,44.090,3.886,0,0,159.70,30556.04,31815.90,29,3783383,4212178,10264788992,36618723328
2025-05-14 06:36:12,42.592,3.925,0,0,149.70,30556.04,31815.90,29,3783584,4212379,10264788992,36618723328
2025-05-14 06:36:12,41.932,3.834,0,0,169.70,30556.04,31815.90,29,3783785,4212580,10264788992,36618723328
2025-05-14 06:36:12,42.473,3.951,0,0,119.80,30556.04,31815.90,29,3783986,4212781,10264788992,36618723328
2025-05-14 06:36:12,39.113,3.854,0,0,59.90,30556.04,31815.90,29,3784187,4212982,10264788992,36618723328
2025-05-14 06:36:12,39.441,3.788,0,0,59.90,30556.04,31815.90,29,3784388,4213183,10264788992,36618723328
2025-05-14 06:36:13,39.788,3.882,0,0,139.80,30556.04,31815.90,29,3784589,4213384,10264788992,36618723328
2025-05-14 06:36:13,43.270,4.085,0,0,149.90,30556.04,31815.90,29,3784790,4213585,10264788992,36618723328
2025-05-14 06:36:13,43.172,4.004,0,0,159.70,30556.04,31815.90,29,3784991,4213786,10264788992,36618723328
2025-05-14 06:36:13,42.549,3.832,0,0,149.70,30556.04,31815.90,29,3785193,4213988,10264788992,36618723328
2025-05-14 06:36:13,45.002,3.992,0,0,59.90,30556.04,31815.90,29,3785394,4214189,10264788992,36618723328
2025-05-14 06:36:14,38.087,3.766,0,0,249.60,30556.04,31815.90,29,3785595,4214390,10264788992,36618723328
2025-05-14 06:36:14,44.890,4.523,0,0,179.70,30556.04,31815.90,29,3785796,4214591,10264788992,36618723328
2025-05-14 06:36:14,48.153,4.591,0,0,519.00,30556.04,31815.90,29,3785997,4214792,10264788992,36618723328
2025-05-14 06:36:14,49.949,4.697,0,0,548.90,30556.04,31815.90,29,3786195,4214990,10264788992,36618723328
2025-05-14 06:36:14,51.205,5.006,0,12288,309.50,30556.04,31815.90,29,3786403,4215202,10264788992,36618735616
2025-05-14 06:36:15,45.821,4.514,0,0,179.60,30556.04,31815.90,29,3786605,4215404,10264788992,36618735616
2025-05-14 06:36:15,43.349,4.013,0,0,49.90,30556.04,31815.90,29,3786805,4215604,10264788992,36618735616
2025-05-14 06:36:15,41.554,3.858,0,0,59.90,30556.04,31815.90,29,3787007,4215806,10264788992,36618735616
2025-05-14 06:36:15,40.756,3.844,0,0,49.90,30556.04,31815.90,29,3787208,4216007,10264788992,36618735616
2025-05-14 06:36:15,43.208,3.820,0,0,59.90,30556.04,31815.90,29,3787409,4216208,10264788992,36618735616
2025-05-14 06:36:16,41.239,3.852,0,0,109.80,30556.04,31815.90,29,3787610,4216409,10264788992,36618735616
2025-05-14 06:36:16,44.158,4.443,0,2211840,359.40,30556.04,31815.90,29,3787927,4216787,10264788992,36620955648
2025-05-14 06:36:16,46.617,4.886,0,655360,419.20,30556.04,31815.90,29,3788233,4217104,10264788992,36621942784
2025-05-14 06:36:16,46.366,4.724,0,618496,349.40,30556.04,31815.90,29,3788478,4217353,10264788992,36622290944
2025-05-14 06:36:16,47.214,4.576,0,69632,409.20,30556.04,31815.90,29,3788675,4217550,10264788992,36622290944
2025-05-14 06:36:17,46.210,4.645,0,0,429.30,30556.04,31815.90,29,3788875,4217750,10264788992,36622290944
2025-05-14 06:36:17,46.332,4.588,0,0,429.10,30556.04,31815.90,29,3789076,4217951,10264788992,36622290944
2025-05-14 06:36:17,47.474,4.744,0,0,409.50,30556.04,31815.90,29,3789280,4218155,10264788992,36622290944
2025-05-14 06:36:17,46.143,4.524,0,0,319.40,30556.04,31815.90,29,3789486,4218361,10264788992,36622290944
2025-05-14 06:36:17,46.821,4.403,0,0,399.30,30556.04,31815.90,29,3789687,4218562,10264788992,36622290944
2025-05-14 06:36:18,45.985,4.335,0,8192,469.20,30556.04,31815.90,29,3789920,4218816,10264788992,36623994880
2025-05-14 06:36:18,45.864,4.693,0,2220032,379.30,30556.04,31815.90,29,3790125,4219026,10264788992,36624519168
2025-05-14 06:36:18,45.497,4.406,0,0,469.20,30556.04,31815.90,29,3790326,4219227,10264788992,36624519168
2025-05-14 06:36:18,46.927,4.674,0,0,279.50,30556.04,31815.90,29,3790520,4219422,10264788992,36624523264
2025-05-14 06:36:18,48.350,4.858,0,208896,409.30,30556.04,31815.90,29,3790717,4219623,10264788992,36624793600
2025-05-14 06:36:19,46.320,5.030,0,65536,429.30,30556.04,31815.90,29,3790918,4219824,10264788992,36624793600
2025-05-14 06:36:19,46.493,4.750,0,0,379.30,30556.04,31815.90,29,3791119,4220025,10264788992,36624793600
2025-05-14 06:36:19,46.202,4.897,0,36864,269.50,30556.04,31815.90,29,3791498,4220465,10264788992,36625367040
2025-05-14 06:36:19,45.955,4.834,0,557056,329.40,30556.04,31815.90,29,3791723,4220699,10264788992,36625715200
2025-05-14 06:36:19,46.024,4.611,0,327680,349.40,30556.04,31815.90,29,3791927,4220903,10264788992,36625715200
2025-05-14 06:36:20,46.091,4.476,0,0,339.30,30556.04,31815.90,29,3792128,4221104,10264788992,36625715200
2025-05-14 06:36:20,46.169,4.523,0,0,369.30,30556.04,31815.90,29,3792338,4221314,10264788992,36625715200
2025-05-14 06:36:20,45.763,4.555,0,0,369.40,30556.04,31815.90,29,3792544,4221520,10264788992,36625715200
2025-05-14 06:36:20,46.532,4.604,0,0,169.70,30556.04,31815.90,29,3792747,4221723,10264788992,36625715200
2025-05-14 06:36:20,47.580,4.592,0,0,349.70,30556.04,31815.90,29,3792957,4221933,10264788992,36625715200
2025-05-14 06:36:21,45.986,4.679,0,0,339.30,30556.04,31815.90,29,3793161,4222137,10264788992,36625715200
2025-05-14 06:36:21,46.039,4.569,0,0,319.50,30556.04,31815.90,29,3793362,4222338,10264788992,36625715200
2025-05-14 06:36:21,45.941,4.646,0,0,409.30,30556.04,31815.90,29,3793564,4222540,10264788992,36625715200
2025-05-14 06:36:21,46.234,4.893,0,0,269.50,30556.04,31815.90,29,3793762,4222738,10264788992,36625715200
2025-05-14 06:36:21,48.476,4.512,0,0,389.30,30556.04,31815.90,29,3793970,4222946,10264788992,36625715200
2025-05-14 06:36:22,46.356,4.583,0,0,379.30,30556.04,31815.90,29,3794168,4223144,10264788992,36625715200
2025-05-14 06:36:22,46.164,4.752,0,0,409.20,30556.04,31815.90,29,3794369,4223345,10264788992,36625715200
2025-05-14 06:36:22,46.063,4.831,0,0,339.40,30556.04,31815.90,29,3794571,4223547,10264788992,36625715200
2025-05-14 06:36:22,46.507,4.787,0,0,309.40,30556.04,31815.90,29,3794767,4223743,10264788992,36625715200
2025-05-14 06:36:22,46.751,4.919,0,0,489.10,30556.04,31815.90,29,3794969,4223945,10264788992,36625715200
2025-05-14 06:36:23,46.775,5.030,0,0,409.30,30556.04,31815.90,29,3795167,4224143,10264788992,36625715200
2025-05-14 06:36:23,45.595,4.829,0,0,389.30,30556.04,31815.90,29,3795407,4224407,10264788992,36627451904
2025-05-14 06:36:23,45.072,4.787,0,2260992,419.30,30556.04,31815.90,29,3795612,4224617,10264788992,36627976192
2025-05-14 06:36:23,47.226,4.961,0,0,319.40,30556.04,31815.90,29,3795792,4224797,10264788992,36627976192
2025-05-14 06:36:23,46.690,4.787,0,0,399.30,30556.04,31815.90,29,3795993,4224998,10264788992,36627976192
2025-05-14 06:36:24,46.092,4.897,0,0,439.30,30556.04,31815.90,29,3796194,4225199,10264788992,36627976192
2025-05-14 06:36:24,46.236,5.002,0,0,359.40,30556.04,31815.90,29,3796393,4225398,10264788992,36627976192
2025-05-14 06:36:24,45.365,5.074,0,0,389.30,30556.04,31815.90,29,3796594,4225599,10264788992,36627976192
2025-05-14 06:36:24,46.131,5.172,0,0,269.50,30556.04,31815.90,29,3796761,4225766,10264788992,36627976192
2025-05-14 06:36:24,48.672,4.790,0,0,369.30,30556.04,31815.90,29,3796965,4225970,10264788992,36627976192
2025-05-14 06:36:25,46.445,5.238,0,24576,449.20,30556.04,31815.90,29,3797168,4226176,10264788992,36628000768
2025-05-14 06:36:25,45.719,5.600,0,0,399.30,30556.04,31815.90,29,3797374,4226388,10264788992,36628533248
2025-05-14 06:36:25,45.186,5.032,0,532480,379.30,30556.04,31815.90,29,3797577,4226591,10264788992,36628533248
2025-05-14 06:36:25,47.044,4.720,0,0,339.40,30556.04,31815.90,29,3797911,4226981,10264788992,36630962176
2025-05-14 06:36:26,46.403,4.838,0,2428928,379.30,30556.04,31815.90,29,3798115,4227186,10264788992,36630974464
2025-05-14 06:36:26,45.769,4.599,0,225280,339.40,30556.04,31815.90,29,3798321,4227403,10264788992,36631580672
2025-05-14 06:36:26,45.781,5.006,0,393216,289.50,30556.04,31815.90,29,3798514,4227596,10264788992,36631580672
2025-05-14 06:36:26,45.696,4.703,0,0,319.40,30556.04,31815.90,29,3798714,4227796,10264788992,36631580672
2025-05-14 06:36:26,47.763,4.670,0,0,249.60,30556.04,31815.90,29,3798908,4227990,10264788992,36631580672
2025-05-14 06:36:27,45.632,4.678,0,0,309.70,30556.04,31815.90,29,3799112,4228194,10264788992,36631580672
2025-05-14 06:36:27,46.213,4.666,0,0,409.20,30556.04,31815.90,29,3799311,4228393,10264788992,36631580672
2025-05-14 06:36:27,46.411,4.880,0,0,319.40,30556.04,31815.90,29,3799512,4228594,10264788992,36631580672
2025-05-14 06:36:27,46.912,4.948,8192,421888,319.40,30556.04,31815.90,29,3800232,4229499,10264797184,36633038848
2025-05-14 06:36:27,47.712,4.740,0,1282048,329.40,30556.04,31815.90,29,3800668,4230021,10264797184,36633563136
2025-05-14 06:36:28,48.600,4.726,0,901120,339.40,30556.04,31815.90,29,3801567,4231169,10264797184,36634857472
2025-05-14 06:36:28,46.379,4.688,0,1851392,319.40,30556.04,31815.90,29,3802603,4232505,10264797184,36636815360
2025-05-14 06:36:28,46.778,4.686,0,1474560,329.40,30556.04,31815.90,29,3803638,4233837,10264797184,36638343168
2025-05-14 06:36:28,46.461,4.586,0,1544192,329.40,30556.04,31815.90,29,3804567,4235033,10264797184,36639666176
2025-05-14 06:36:28,48.111,4.732,0,1261568,359.20,30556.04,31815.90,29,3805533,4236265,10264797184,36641431552
2025-05-14 06:36:29,47.842,4.747,0,1781760,369.30,30556.04,31815.90,29,3806513,4237519,10264797184,36643090432
2025-05-14 06:36:29,47.068,4.790,0,1753088,359.30,30556.04,31815.90,29,3807664,4239000,10264797184,36644839424
2025-05-14 06:36:29,46.174,4.452,0,2035712,359.40,30556.04,31815.90,29,3808911,4240610,10264797184,36646932480
2025-05-14 06:36:29,46.108,4.450,0,2007040,309.40,30556.04,31815.90,29,3809978,4241985,10264797184,36648718336
2025-05-14 06:36:29,47.740,4.738,0,1798144,329.40,30556.04,31815.90,29,3811295,4243671,10264797184,36654325760
2025-05-14 06:36:30,46.557,4.476,0,5951488,319.70,30556.04,31815.90,29,3812527,4245276,10264797184,36657000448
2025-05-14 06:36:30,47.240,4.901,0,2183168,319.40,30556.04,31815.90,29,3813419,4246412,10264797184,36658487296
2025-05-14 06:36:30,48.401,4.896,0,1318912,419.20,30556.04,31815.90,29,3814311,4247553,10264797184,36660162560
2025-05-14 06:36:30,48.190,4.749,0,2125824,359.40,30556.04,31815.90,29,3815411,4248964,10264797184,36662128640
2025-05-14 06:36:30,47.606,4.742,0,1671168,319.70,30556.04,31815.90,29,3816398,4250227,10264797184,36663881728
2025-05-14 06:36:31,47.189,4.653,0,2015232,339.40,30556.04,31815.90,29,3817540,4251695,10264797184,36666097664
2025-05-14 06:36:31,45.866,4.919,0,2502656,319.40,30556.04,31815.90,29,3818722,4253218,10264797184,36668571648
2025-05-14 06:36:31,47.206,4.592,0,2330624,329.40,30556.04,31815.90,29,3819920,4254767,10264797184,36670836736
2025-05-14 06:36:31,47.249,4.713,0,2162688,349.40,30556.04,31815.90,29,3821022,4256189,10264797184,36673245184
2025-05-14 06:36:31,47.866,4.734,0,2322432,399.30,30556.04,31815.90,29,3822111,4257587,10264797184,36675280896
2025-05-14 06:36:32,46.147,4.617,0,1204224,259.50,30556.04,31815.90,29,3822315,4257795,10264797184,36675481600
2025-05-14 06:36:32,47.673,4.748,0,0,319.40,30556.04,31815.90,29,3822517,4257997,10264797184,36675481600
2025-05-14 06:36:32,44.777,4.589,0,0,299.50,30556.04,31815.90,29,3822725,4258206,10264797184,36675543040
2025-05-14 06:36:32,44.524,4.402,0,61440,269.50,30556.04,31815.90,29,3822923,4258404,10264797184,36675543040
2025-05-14 06:36:32,46.720,4.406,0,0,319.50,30556.04,31815.90,29,3823117,4258598,10264797184,36675543040
2025-05-14 06:36:33,45.746,4.508,0,0,289.50,30556.04,31815.90,29,3823318,4258799,10264797184,36675543040
2025-05-14 06:36:33,44.862,4.640,0,0,299.40,30556.04,31815.90,29,3823522,4259004,10264797184,36675604480
2025-05-14 06:36:33,44.669,4.605,0,61440,249.60,30556.04,31815.90,29,3823727,4259211,10264797184,36675616768
2025-05-14 06:36:33,44.540,4.364,0,221184,249.60,30556.04,31815.90,29,3823932,4259421,10264797184,36675825664
2025-05-14 06:36:33,47.027,4.337,0,0,229.60,30556.04,31815.90,29,3824137,4259626,10264797184,36675825664
2025-05-14 06:36:34,45.413,4.407,0,0,249.60,30556.04,31815.90,29,3824338,4259827,10264797184,36675825664
2025-05-14 06:36:34,43.992,4.418,0,0,329.50,30556.04,31815.90,29,3824542,4260031,10264797184,36675825664
2025-05-14 06:36:34,44.537,4.602,0,0,289.50,30556.04,31815.90,29,3824743,4260232,10264797184,36675825664
2025-05-14 06:36:34,44.133,4.341,0,0,279.50,30556.04,31815.90,29,3824943,4260432,10264797184,36675825664
2025-05-14 06:36:34,44.309,4.375,0,0,309.50,30556.04,31815.90,29,3825145,4260634,10264797184,36675825664
2025-05-14 06:36:35,45.438,4.397,0,0,219.60,30556.04,31815.90,29,3825346,4260835,10264797184,36675825664
2025-05-14 06:36:35,44.257,4.291,0,0,259.50,30556.04,31815.90,29,3825543,4261032,10264797184,36675825664
2025-05-14 06:36:35,47.284,4.500,0,4096,239.60,30556.04,31815.90,29,3825747,4261237,10264797184,36675829760
2025-05-14 06:36:35,44.388,4.214,0,0,279.60,30556.04,31815.90,29,3825943,4261433,10264797184,36675829760
2025-05-14 06:36:35,46.992,4.460,0,0,269.60,30556.04,31815.90,29,3826135,4261625,10264797184,36675829760
2025-05-14 06:36:36,45.200,4.491,0,0,269.60,30556.04,31815.90,29,3826336,4261826,10264797184,36675829760
2025-05-14 06:36:36,43.898,4.172,0,0,289.40,30556.04,31815.90,29,3826537,4262027,10264797184,36675829760
2025-05-14 06:36:36,45.502,4.423,0,0,239.60,30556.04,31815.90,29,3826738,4262228,10264797184,36675829760
2025-05-14 06:36:36,44.178,4.230,0,0,279.50,30556.04,31815.90,29,3826940,4262430,10264797184,36675829760
2025-05-14 06:36:36,46.080,4.431,0,0,289.50,30556.04,31815.90,29,3827142,4262632,10264797184,36675829760
2025-05-14 06:36:37,45.260,4.353,0,0,319.40,30556.04,31815.90,29,3827344,4262834,10264797184,36675829760
2025-05-14 06:36:37,44.933,4.399,0,0,219.60,30556.04,31815.90,29,3827545,4263035,10264797184,36675829760
2025-05-14 06:36:37,44.283,4.347,0,0,229.60,30556.04,31815.90,29,3827746,4263236,10264797184,36675829760
2025-05-14 06:36:37,42.155,4.316,0,0,259.50,30556.04,31815.90,29,3827947,4263437,10264797184,36675829760
2025-05-14 06:36:37,45.948,4.395,0,0,259.60,30556.04,31815.90,29,3828159,4263649,10264797184,36675829760
2025-05-14 06:36:38,44.541,4.406,0,0,239.50,30556.04,31815.90,29,3828360,4263850,10264797184,36675829760
2025-05-14 06:36:38,44.429,4.260,0,0,309.50,30556.04,31815.90,29,3828560,4264050,10264797184,36675829760
2025-05-14 06:36:38,44.882,4.437,0,0,329.50,30556.04,31815.90,29,3828764,4264255,10264797184,36675891200
2025-05-14 06:36:38,44.711,4.430,0,61440,249.60,30556.04,31815.90,29,3828964,4264455,10264797184,36675891200
2025-05-14 06:36:38,45.447,4.384,0,0,239.50,30556.04,31815.90,29,3829165,4264656,10264797184,36675891200
2025-05-14 06:36:39,45.213,4.249,0,0,259.60,30556.04,31815.90,29,3829366,4264857,10264797184,36675891200
2025-05-14 06:36:39,43.642,4.293,0,0,329.40,30556.04,31815.90,29,3829568,4265059,10264797184,36675891200
2025-05-14 06:36:39,45.055,4.403,0,0,319.40,30556.04,31815.90,29,3829769,4265260,10264797184,36675891200
2025-05-14 06:36:39,44.515,4.345,0,0,259.60,30556.04,31815.90,29,3829975,4265466,10264797184,36675891200
2025-05-14 06:36:39,45.389,4.288,0,0,249.60,30556.04,31815.90,29,3830176,4265667,10264797184,36675891200
2025-05-14 06:36:40,44.289,4.369,0,0,209.70,30556.04,31815.90,29,3830381,4265872,10264797184,36675891200
2025-05-14 06:36:40,44.088,4.234,0,0,269.50,30556.04,31815.90,29,3830582,4266073,10264797184,36675891200
2025-05-14 06:36:40,46.103,4.387,0,0,289.50,30556.04,31815.90,29,3830792,4266286,10264797184,36675903488
2025-05-14 06:36:40,44.915,4.304,0,12288,289.50,30556.04,31815.90,29,3830985,4266479,10264797184,36675903488
2025-05-14 06:36:40,45.990,4.570,0,0,259.80,30556.04,31815.90,29,3831186,4266680,10264797184,36675903488
2025-05-14 06:36:41,44.011,4.263,0,0,259.60,30556.04,31815.90,29,3831387,4266881,10264797184,36675903488
2025-05-14 06:36:41,44.067,4.211,0,0,229.60,30556.04,31815.90,29,3831590,4267084,10264797184,36675903488
2025-05-14 06:36:41,43.432,4.400,0,0,289.40,30556.04,31815.90,29,3831797,4267291,10264797184,36675903488
2025-05-14 06:36:41,44.357,4.246,0,0,219.60,30556.04,31815.90,29,3831995,4267489,10264797184,36675903488
2025-05-14 06:36:41,45.507,4.693,0,0,299.50,30556.04,31815.90,29,3832196,4267690,10264797184,36675903488
2025-05-14 06:36:42,44.660,4.354,0,0,279.50,30556.04,31815.90,29,3832402,4267896,10264797184,36675903488
2025-05-14 06:36:42,44.148,4.386,0,0,229.60,30556.04,31815.90,29,3832604,4268098,10264797184,36675903488
2025-05-14 06:36:42,44.896,4.307,0,0,229.60,30556.02,31815.90,28,3832805,4268299,10264797184,36675903488
2025-05-14 06:36:42,44.096,4.174,0,0,239.60,30556.02,31815.90,28,3832998,4268492,10264797184,36675903488
2025-05-14 06:36:42,46.650,4.261,0,0,299.50,30556.02,31815.90,28,3833199,4268693,10264797184,36675903488
2025-05-14 06:36:43,45.205,4.296,0,0,319.50,30556.02,31815.90,28,3833400,4268894,10264797184,36675903488
2025-05-14 06:36:43,44.321,4.449,0,0,329.50,30555.99,31815.90,27,3833601,4269095,10264797184,36675903488
2025-05-14 06:36:43,44.965,4.431,0,0,249.60,30555.85,31751.87,17,3833803,4269297,10264797184,36675903488
2025-05-14 06:36:43,43.827,4.308,0,0,319.50,30555.85,31751.87,17,3834004,4269498,10264797184,36675903488
2025-05-14 06:36:43,45.163,4.517,0,0,299.50,30555.85,31751.87,17,3834205,4269699,10264797184,36675903488
2025-05-14 06:36:44,44.826,4.329,0,0,339.40,30555.85,31751.87,17,3834406,4269900,10264797184,36675903488
2025-05-14 06:36:44,45.568,4.431,0,0,309.50,30555.85,31751.87,17,3834607,4270101,10264797184,36675903488
2025-05-14 06:36:44,46.395,4.357,0,0,349.40,30555.85,31751.87,17,3834808,4270302,10264797184,36675903488
2025-05-14 06:36:44,46.392,4.474,0,0,189.70,30555.85,31751.87,17,3835004,4270498,10264797184,36675903488
2025-05-14 06:36:44,46.510,4.687,0,0,249.40,30555.85,31751.87,17,3835211,4270710,10264797184,36675923968
2025-05-14 06:36:45,43.931,4.247,0,20480,309.50,30555.85,31751.87,17,3835412,4270911,10264797184,36675923968
2025-05-14 06:36:45,44.228,4.454,0,0,349.40,30555.85,31751.87,17,3835614,4271113,10264797184,36675923968
2025-05-14 06:36:45,45.557,4.452,0,0,309.50,30555.85,31751.87,17,3835822,4271324,10264797184,36675936256
2025-05-14 06:36:45,43.887,4.285,0,12288,289.50,30555.85,31751.87,17,3836014,4271516,10264797184,36675936256
2025-05-14 06:36:45,44.487,4.474,0,0,229.60,30555.85,31751.87,17,3836214,4271716,10264797184,36675936256
2025-05-14 06:36:46,43.960,4.175,0,0,299.50,30555.85,31751.87,17,3836412,4271914,10264797184,36675936256
2025-05-14 06:36:46,44.408,4.231,0,0,269.50,30555.85,31751.87,17,3836611,4272113,10264797184,36675936256
2025-05-14 06:36:46,44.157,4.266,0,16384,309.50,30555.85,31751.87,17,3836824,4272330,10264797184,36675952640
2025-05-14 06:36:46,45.179,4.260,0,0,319.40,30555.85,31751.87,17,3837029,4272535,10264797184,36675952640
2025-05-14 06:36:46,46.105,4.372,0,0,299.50,30555.85,31751.87,17,3837230,4272736,10264797184,36675952640
2025-05-14 06:36:47,44.636,4.277,0,0,249.60,30555.85,31751.87,17,3837431,4272937,10264797184,36675952640
2025-05-14 06:36:47,44.451,4.443,0,0,219.60,30555.85,31751.87,17,3837633,4273139,10264797184,36675952640
2025-05-14 06:36:47,44.765,4.401,0,0,259.50,30555.85,31751.87,17,3837828,4273334,10264797184,36675952640
2025-05-14 06:36:47,44.505,4.267,0,0,269.50,30555.85,31751.87,17,3838024,4273530,10264797184,36675952640
2025-05-14 06:36:47,46.843,4.557,0,0,309.50,30555.85,31751.87,17,3838227,4273733,10264797184,36675952640
2025-05-14 06:36:48,45.285,4.364,0,0,339.40,30555.85,31751.87,17,3838431,4273937,10264797184,36675952640
2025-05-14 06:36:48,45.787,4.519,0,0,259.60,30555.85,31751.87,17,3838629,4274135,10264797184,36675952640
2025-05-14 06:36:48,45.200,4.268,0,0,319.50,30555.85,31751.87,17,3838830,4274336,10264797184,36675952640
2025-05-14 06:36:48,44.830,4.087,0,0,209.60,30555.85,31751.87,17,3839032,4274538,10264797184,36675952640
2025-05-14 06:36:48,45.669,4.368,0,0,289.50,30555.85,31751.87,17,3839233,4274739,10264797184,36675952640
2025-05-14 06:36:49,44.842,4.351,0,0,339.50,30555.85,31751.87,17,3839434,4274940,10264797184,36675952640
2025-05-14 06:36:49,45.577,4.381,0,0,359.40,30555.85,31751.87,17,3839636,4275142,10264797184,36675952640
2025-05-14 06:36:49,44.856,4.526,0,0,359.40,30555.85,31751.87,17,3839837,4275343,10264797184,36675952640
2025-05-14 06:36:49,45.484,4.493,0,0,289.50,30555.85,31751.87,17,3840030,4275536,10264797184,36675952640
2025-05-14 06:36:49,46.729,4.583,0,0,289.50,30555.85,31751.87,17,3840231,4275737,10264797184,36675952640
2025-05-14 06:36:50,44.328,4.389,0,0,279.50,30555.85,31751.87,17,3840433,4275939,10264797184,36675952640
2025-05-14 06:36:50,44.558,4.416,0,0,259.50,30555.85,31751.87,17,3840634,4276140,10264797184,36675952640
2025-05-14 06:36:50,44.823,4.394,0,0,269.70,30555.85,31751.87,17,3840839,4276345,10264797184,36675952640
2025-05-14 06:36:50,44.621,4.491,0,0,309.50,30555.85,31751.87,17,3841043,4276549,10264797184,36675952640
2025-05-14 06:36:50,46.048,4.669,0,0,309.50,30555.85,31751.87,17,3841248,4276754,10264797184,36675952640
2025-05-14 06:36:51,45.354,4.533,0,0,309.50,30555.85,31751.87,17,3841448,4276954,10264797184,36675952640
2025-05-14 06:36:51,44.908,4.601,0,0,259.60,30555.85,31751.87,17,3841648,4277154,10264797184,36675952640
2025-05-14 06:36:51,44.185,4.387,0,0,309.50,30555.85,31751.87,17,3841852,4277358,10264797184,36675952640
2025-05-14 06:36:51,45.254,4.433,0,0,269.50,30555.85,31751.87,17,3842053,4277559,10264797184,36675952640
2025-05-14 06:36:51,45.696,4.641,0,0,319.50,30555.85,31751.87,17,3842254,4277760,10264797184,36675952640
2025-05-14 06:36:52,44.475,4.606,0,12288,339.40,30555.85,31751.87,17,3842463,4277972,10264797184,36675964928
2025-05-14 06:36:52,45.239,4.483,0,0,299.50,30555.85,31751.87,17,3842664,4278173,10264797184,36675964928
2025-05-14 06:36:52,44.319,4.391,0,0,279.60,30555.85,31751.87,17,3842865,4278374,10264797184,36675964928
2025-05-14 06:36:52,45.539,4.388,0,0,259.50,30555.85,31751.87,17,3843058,4278567,10264797184,36675964928
2025-05-14 06:36:52,46.476,4.401,0,0,319.50,30555.85,31751.87,17,3843260,4278769,10264797184,36675964928
2025-05-14 06:36:53,44.845,4.389,0,0,329.50,30555.85,31751.87,17,3843461,4278970,10264797184,36675964928
2025-05-14 06:36:53,45.685,4.578,0,0,349.40,30555.85,31751.87,17,3843662,4279171,10264797184,36675964928
2025-05-14 06:36:53,45.315,4.408,0,0,229.60,30555.85,31751.87,17,3843863,4279372,10264797184,36675964928
2025-05-14 06:36:53,44.697,4.229,0,0,299.50,30555.85,31751.87,17,3844058,4279567,10264797184,36675964928
2025-05-14 06:36:53,44.842,4.339,0,0,279.60,30555.85,31751.87,17,3844260,4279769,10264797184,36675964928
2025-05-14 06:36:54,45.174,4.345,0,0,339.40,30555.85,31751.87,17,3844461,4279970,10264797184,36675964928
2025-05-14 06:36:54,44.351,4.630,0,0,339.40,30555.85,31751.87,17,3844662,4280171,10264797184,36675964928
2025-05-14 06:36:54,44.688,4.420,0,0,259.50,30555.85,31751.87,17,3844863,4280372,10264797184,36675964928
2025-05-14 06:36:54,45.132,4.418,0,0,249.60,30555.85,31751.87,17,3845061,4280570,10264797184,36675964928
2025-05-14 06:36:54,44.726,4.505,0,0,349.40,30555.85,31751.87,17,3845258,4280767,10264797184,36675964928
2025-05-14 06:36:55,45.317,4.474,0,0,349.40,30555.85,31751.87,17,3845459,4280968,10264797184,36675964928
2025-05-14 06:36:55,45.832,4.518,0,0,379.30,30555.85,31751.87,17,3845663,4281172,10264797184,36675964928
2025-05-14 06:36:55,45.819,4.359,0,0,379.40,30555.85,31751.87,17,3845864,4281373,10264797184,36675964928
2025-05-14 06:36:55,46.541,4.457,0,0,329.40,30555.85,31751.87,17,3846059,4281568,10264797184,36675964928
2025-05-14 06:36:55,44.630,4.558,0,0,339.50,30555.85,31751.87,17,3846260,4281769,10264797184,36675964928
2025-05-14 06:36:56,45.412,4.390,0,0,319.50,30555.85,31751.87,17,3846461,4281970,10264797184,36675964928
2025-05-14 06:36:56,44.932,4.535,0,0,289.50,30555.85,31751.87,17,3846663,4282172,10264797184,36675964928
2025-05-14 06:36:56,45.614,4.565,0,0,389.30,30555.84,31735.86,15,3847116,4282683,10264797184,36678434816
2025-05-14 06:36:56,47.624,4.844,0,2494464,299.50,30555.84,31735.86,15,3847322,4282896,10264797184,36678987776
2025-05-14 06:36:56,47.035,4.859,53248,528384,339.40,30555.84,31735.86,15,3847535,4283105,10264850432,36678987776
2025-05-14 06:36:57,45.569,4.720,0,4096,349.40,30555.84,31735.86,15,3847730,4283301,10264850432,36678991872
2025-05-14 06:36:57,45.611,4.740,0,0,359.40,30555.84,31735.86,15,3847950,4283513,10264850432,36678991872
2025-05-14 06:36:57,46.172,4.839,0,0,309.40,30555.84,31735.86,15,3848151,4283714,10264850432,36678991872
2025-05-14 06:36:57,46.272,4.698,0,0,279.50,30555.84,31735.86,15,3848335,4283898,10264850432,36678991872
2025-05-14 06:36:57,48.835,4.623,0,69632,369.30,30555.84,31735.86,15,3848545,4284107,10264866816,36679061504
2025-05-14 06:36:58,46.248,4.614,16384,0,359.40,30555.84,31735.86,15,3848747,4284308,10264866816,36679061504
2025-05-14 06:36:58,45.564,4.750,0,0,369.40,30555.84,31735.86,15,3848948,4284509,10264866816,36679061504
2025-05-14 06:36:58,46.159,4.646,0,0,339.40,30555.84,31735.86,15,3849137,4284698,10264866816,36679061504
2025-05-14 06:36:58,47.395,4.678,0,0,339.40,30555.84,31735.86,15,3849322,4284883,10264866816,36679061504
2025-05-14 06:36:59,46.008,4.700,0,0,339.60,30555.84,31735.86,15,3849523,4285084,10264866816,36679061504
2025-05-14 06:36:59,45.935,4.540,0,0,359.40,30555.84,31735.86,15,3849724,4285285,10264866816,36679061504
2025-05-14 06:36:59,45.319,4.724,0,0,379.30,30555.84,31735.86,15,3849925,4285486,10264866816,36679061504
2025-05-14 06:36:59,46.143,4.667,0,0,349.40,30555.84,31735.86,15,3850126,4285687,10264866816,36679061504
2025-05-14 06:36:59,47.210,4.748,0,0,359.40,30555.84,31735.86,15,3850325,4285888,10264866816,36679131136
2025-05-14 06:37:00,45.814,4.777,0,69632,379.40,30555.84,31735.86,15,3850541,4286108,10264866816,36679659520
2025-05-14 06:37:00,46.050,4.693,0,602112,399.40,30555.84,31735.86,15,3850751,4286321,10264866816,36679733248
2025-05-14 06:37:00,46.294,4.771,0,8192,389.20,30555.84,31735.86,15,3850958,4286530,10264866816,36679741440
2025-05-14 06:37:00,46.292,4.625,0,0,409.30,30555.84,31735.86,15,3851197,4286790,10264866816,36681912320
2025-05-14 06:37:00,47.023,4.672,0,2170880,329.60,30555.84,31735.86,15,3851389,4286984,10264866816,36681912320
2025-05-14 06:37:01,44.879,4.675,0,0,309.50,30555.84,31735.86,15,3851590,4287185,10264866816,36681912320
2025-05-14 06:37:01,45.585,4.698,0,0,339.50,30555.84,31735.86,15,3851791,4287386,10264866816,36681912320
2025-05-14 06:37:01,45.908,4.728,0,0,329.50,30555.84,31735.86,15,3851993,4287588,10264866816,36681912320
2025-05-14 06:37:01,45.514,4.503,0,0,369.70,30555.84,31735.86,15,3852198,4287796,10264866816,36681920512
2025-05-14 06:37:01,46.826,4.440,0,1691648,379.30,30555.84,31735.86,15,3852522,4288154,10264866816,36685316096
2025-05-14 06:37:02,46.460,4.764,0,1712128,389.30,30555.84,31735.86,15,3852723,4288355,10264866816,36685316096
2025-05-14 06:37:02,45.860,4.280,0,12288,379.40,30555.84,31735.86,15,3852932,4288567,10264866816,36685328384
2025-05-14 06:37:02,46.319,4.478,0,0,399.40,30555.84,31735.86,15,3853133,4288768,10264866816,36685328384
2025-05-14 06:37:02,45.611,4.340,0,0,399.30,30555.84,31735.86,15,3853336,4288971,10264866816,36685328384
2025-05-14 06:37:02,47.285,4.315,0,0,359.30,30555.84,31735.86,15,3853537,4289172,10264866816,36685328384
2025-05-14 06:37:03,46.036,4.486,0,0,369.30,30555.84,31735.86,15,3853738,4289373,10264866816,36685328384
2025-05-14 06:37:03,46.305,4.303,0,0,399.30,30555.84,31735.86,15,3853939,4289574,10264866816,36685328384
2025-05-14 06:37:03,46.588,4.456,0,0,369.40,30555.84,31735.86,15,3854140,4289775,10264866816,36685328384
2025-05-14 06:37:03,46.209,4.336,0,0,359.40,30555.84,31735.86,15,3854342,4289977,10264866816,36685328384
2025-05-14 06:37:03,46.300,4.431,0,0,359.40,30555.84,31735.86,15,3854544,4290179,10264866816,36685328384
2025-05-14 06:37:04,46.132,4.344,0,0,359.40,30555.84,31735.86,15,3854745,4290380,10264866816,36685328384
2025-05-14 06:37:04,46.154,4.306,0,0,399.20,30555.84,31735.86,15,3854946,4290581,10264866816,36685328384
2025-05-14 06:37:04,46.931,4.552,0,0,379.40,30555.84,31735.86,15,3855153,4290788,10264866816,36685328384
2025-05-14 06:37:04,46.501,4.377,0,0,349.40,30555.84,31735.86,15,3855351,4290986,10264866816,36685328384
2025-05-14 06:37:04,47.656,4.377,0,0,319.50,30555.84,31735.86,15,3855546,4291181,10264866816,36685328384
2025-05-14 06:37:05,46.049,4.374,0,0,379.30,30555.84,31735.86,15,3855747,4291382,10264866816,36685328384
2025-05-14 06:37:05,46.347,4.426,0,0,379.30,30555.84,31735.86,15,3855948,4291583,10264866816,36685328384
2025-05-14 06:37:05,45.989,4.543,0,0,389.40,30555.84,31735.86,15,3856149,4291784,10264866816,36685328384
2025-05-14 06:37:05,45.774,4.472,0,0,339.40,30555.84,31735.86,15,3856354,4291990,10264866816,36685332480
2025-05-14 06:37:05,46.363,4.541,0,315392,369.40,30555.84,31735.86,16,3856561,4292210,10264866816,36687011840
2025-05-14 06:37:06,47.016,4.535,0,2936832,349.50,30555.84,31735.86,16,3856777,4292441,10264866816,36688580608
2025-05-14 06:37:06,46.137,4.318,0,0,379.40,30555.84,31735.86,16,3856978,4292642,10264866816,36688580608
2025-05-14 06:37:06,46.390,4.518,0,0,379.30,30555.84,31735.86,16,3857179,4292843,10264866816,36688580608
2025-05-14 06:37:06,46.094,4.456,0,0,329.40,30555.84,31735.86,16,3857376,4293040,10264866816,36688580608
2025-05-14 06:37:06,46.394,4.458,0,0,379.40,30555.84,31735.86,16,3857574,4293238,10264866816,36688580608
2025-05-14 06:37:07,46.107,4.507,0,69632,389.30,30555.84,31735.86,16,3857782,4293448,10264866816,36688650240
2025-05-14 06:37:07,46.392,4.467,0,0,389.30,30555.84,31735.86,16,3857983,4293649,10264866816,36688650240
2025-05-14 06:37:07,46.871,4.593,0,69632,369.30,30555.84,31735.86,16,3858189,4293857,10264866816,36688719872
2025-05-14 06:37:07,44.839,4.556,0,0,339.40,30555.84,31735.86,16,3858392,4294060,10264866816,36688719872
2025-05-14 06:37:07,47.418,4.420,0,0,389.40,30555.84,31735.86,16,3858597,4294265,10264866816,36688719872
2025-05-14 06:37:08,46.716,4.606,0,0,389.40,30555.84,31735.86,16,3858798,4294466,10264866816,36688719872
2025-05-14 06:37:08,46.545,4.595,0,0,389.40,30555.84,31735.86,16,3858999,4294667,10264866816,36688719872
2025-05-14 06:37:08,47.793,4.808,0,0,389.40,30555.84,31735.86,16,3859198,4294866,10264866816,36688719872
2025-05-14 06:37:08,46.244,4.565,0,0,379.20,30555.84,31735.86,16,3859398,4295066,10264866816,36688719872
2025-05-14 06:37:08,47.137,4.644,0,0,389.40,30555.84,31735.86,16,3859598,4295266,10264866816,36688719872
2025-05-14 06:37:09,46.881,4.518,0,0,419.50,30555.84,31735.86,16,3859800,4295468,10264866816,36688719872
2025-05-14 06:37:09,47.402,4.658,0,0,409.30,30555.84,31735.86,16,3859999,4295667,10264866816,36688719872
2025-05-14 06:37:09,46.000,4.799,0,331776,429.20,30555.84,31735.86,16,3860207,4295880,10264866816,36689051648
2025-05-14 06:37:09,46.777,4.493,0,0,389.30,30555.84,31735.86,16,3860408,4296081,10264866816,36689051648
2025-05-14 06:37:09,47.248,4.627,0,0,399.40,30555.84,31735.86,16,3860620,4296296,10264866816,36689252352
2025-05-14 06:37:10,47.313,4.682,0,3014656,409.30,30555.84,31735.86,17,3860891,4296581,10264866816,36692328448
2025-05-14 06:37:10,46.606,4.543,0,360448,359.30,30555.84,31735.86,17,3861107,4296802,10264866816,36692463616
2025-05-14 06:37:10,46.368,4.484,0,36864,319.50,30555.84,31735.86,17,3861311,4297007,10264866816,36692467712
2025-05-14 06:37:10,46.095,4.354,0,69632,229.60,30555.84,31735.86,17,3861525,4297224,10264866816,36692668416
2025-05-14 06:37:10,46.611,4.201,0,135168,249.50,30555.84,31735.86,17,3861723,4297422,10264866816,36692668416
2025-05-14 06:37:11,45.612,4.113,0,0,239.60,30555.84,31735.86,17,3861928,4297627,10264866816,36692668416
2025-05-14 06:37:11,43.562,4.065,0,0,69.90,30555.84,31735.86,17,3862129,4297828,10264866816,36692668416
2025-05-14 06:37:11,39.744,3.823,0,0,79.80,30555.84,31735.86,17,3862342,4298038,10265354240,36692668416
2025-05-14 06:37:11,41.265,4.005,487424,0,159.70,30555.84,31735.86,17,3862541,4298237,10265354240,36692668416
2025-05-14 06:37:11,47.025,4.131,0,0,159.70,30555.84,31735.86,17,3862741,4298439,10265354240,36692701184
2025-05-14 06:37:12,43.568,4.047,0,32768,159.70,30555.84,31735.86,17,3862943,4298641,10265354240,36692701184
2025-05-14 06:37:12,42.126,3.806,0,0,149.80,30555.84,31735.86,17,3863165,4298856,10265419776,36692701184
2025-05-14 06:37:12,41.690,3.954,135168,0,149.80,30555.84,31735.86,17,3863378,4299065,10265489408,36692701184
2025-05-14 06:37:12,40.211,3.869,0,0,199.60,30555.84,31735.86,17,3863622,4299292,10265571328,36692701184
2025-05-14 06:37:12,42.295,4.125,81920,0,49.90,30555.84,31735.86,17,3863823,4299493,10265571328,36692701184
2025-05-14 06:37:13,39.264,3.798,0,0,49.90,30555.84,31735.86,17,3864025,4299695,10265571328,36692701184
2025-05-14 06:37:13,39.132,3.758,0,0,39.90,30555.84,31735.86,17,3864226,4299896,10265571328,36692701184
2025-05-14 06:37:13,39.268,3.685,0,0,49.90,30555.84,31735.86,17,3864427,4300097,10265571328,36692701184
2025-05-14 06:37:13,39.534,3.801,0,86016,39.90,30555.84,31735.86,17,3864646,4300320,10265571328,36692918272
2025-05-14 06:37:13,43.578,3.820,0,131072,49.90,30555.84,31735.86,17,3864848,4300522,10265571328,36692918272
2025-05-14 06:37:14,39.621,3.734,0,0,59.90,30555.84,31735.86,17,3865047,4300721,10265571328,36692918272
2025-05-14 06:37:14,40.589,3.892,0,0,69.90,30555.84,31735.86,17,3865248,4300922,10265571328,36692918272
2025-05-14 06:37:14,39.201,3.771,0,0,79.90,30555.84,31735.86,17,3865449,4301123,10265571328,36692918272
2025-05-14 06:37:14,44.607,4.177,61440,0,189.70,30555.84,31735.86,17,3865783,4301488,10265718784,36695334912
2025-05-14 06:37:14,48.018,4.507,176128,2666496,568.90,30555.84,31735.86,17,3866397,4302014,10265812992,36695834624
2025-05-14 06:37:15,48.471,5.523,12288,712704,449.20,30555.84,31735.86,17,3866938,4302548,10265853952,36696981504
2025-05-14 06:37:15,48.779,5.663,159744,1351680,598.80,30555.84,31735.86,17,3867335,4302962,10265980928,36697976832
2025-05-14 06:37:15,48.959,5.772,0,610304,568.90,30555.84,31735.86,17,3867657,4303325,10265980928,36698505216
2025-05-14 06:37:15,49.019,5.190,0,679936,419.20,30555.84,31735.86,17,3868019,4303737,10265980928,36699254784
2025-05-14 06:37:15,49.358,4.673,0,1015808,499.10,30555.84,31735.86,17,3868298,4304053,10265980928,36700184576
2025-05-14 06:37:16,47.542,4.492,0,491520,449.20,30555.84,31735.86,17,3868514,4304271,10265980928,36700446720
2025-05-14 06:37:16,47.924,4.874,0,0,489.20,30555.84,31735.86,17,3868732,4304491,10265985024,36700459008
2025-05-14 06:37:16,47.678,5.110,4096,12288,579.00,30555.84,31735.86,17,3868933,4304692,10265985024,36700459008
2025-05-14 06:37:16,47.501,4.892,0,0,69.90,30555.84,31735.86,17,3869130,4304889,10265985024,36700459008
2025-05-14 06:37:16,45.637,3.998,0,0,49.90,30555.84,31735.86,17,3869331,4305090,10265985024,36700459008
2025-05-14 06:37:17,38.923,3.908,0,0,79.90,30555.84,31735.86,17,3869532,4305291,10265985024,36700459008
2025-05-14 06:37:17,40.564,3.776,0,0,59.90,30555.84,31735.86,17,3869734,4305493,10265985024,36700459008
2025-05-14 06:37:17,41.495,3.732,0,0,49.90,30555.84,31735.86,17,3869935,4305694,10265985024,36700459008
2025-05-14 06:37:17,41.504,3.703,0,0,69.90,30555.84,31735.86,17,3870135,4305894,10265985024,36700459008
2025-05-14 06:37:17,47.403,3.808,0,0,299.50,30555.84,31735.86,17,3870341,4306101,10265985024,36700463104
2025-05-14 06:37:18,47.874,4.669,0,4096,289.50,30555.83,31735.86,17,3870554,4306318,10265985024,36700545024
2025-05-14 06:37:18,45.051,4.434,0,81920,229.60,30555.83,31735.86,17,3870756,4306520,10265985024,36700545024
2025-05-14 06:37:18,44.536,4.116,0,0,229.60,30555.83,31735.86,17,3870957,4306721,10265985024,36700545024
2025-05-14 06:37:18,45.426,4.260,0,0,299.40,30555.83,31735.86,17,3871164,4306928,10265985024,36700545024
2025-05-14 06:37:18,47.750,4.456,0,0,419.30,30555.83,31735.86,17,3871361,4307125,10265985024,36700545024
2025-05-14 06:37:19,45.683,4.415,0,0,149.70,30555.83,31735.86,17,3871563,4307327,10265985024,36700545024
2025-05-14 06:37:19,42.798,3.965,0,0,139.80,30555.83,31735.86,17,3871764,4307528,10265985024,36700545024
2025-05-14 06:37:19,42.344,3.933,0,0,169.70,30555.83,31735.86,17,3871965,4307729,10265985024,36700545024
2025-05-14 06:37:19,42.323,3.806,0,0,149.70,30555.83,31735.86,17,3872166,4307930,10265985024,36700545024
2025-05-14 06:37:19,44.420,3.912,0,0,159.70,30555.83,31735.86,17,3872366,4308130,10265985024,36700545024
2025-05-14 06:37:20,42.294,3.765,0,0,159.70,30555.83,31735.86,17,3872568,4308332,10265985024,36700545024
2025-05-14 06:37:20,42.609,3.902,0,0,159.70,30555.83,31735.86,17,3872773,4308537,10265985024,36700545024
2025-05-14 06:37:20,44.157,3.966,0,0,159.70,30555.83,31735.86,17,3872974,4308738,10265985024,36700545024
2025-05-14 06:37:20,44.543,3.912,0,0,149.70,30555.83,31735.86,17,3873174,4308938,10265985024,36700545024
2025-05-14 06:37:20,44.157,3.877,0,0,139.80,30555.83,31735.86,17,3873375,4309139,10265985024,36700545024
2025-05-14 06:37:21,42.154,3.797,0,0,99.80,30555.83,31735.86,17,3873576,4309340,10265985024,36700545024
2025-05-14 06:37:21,41.976,3.772,0,0,59.90,30555.83,31735.86,17,3873778,4309542,10265985024,36700545024
2025-05-14 06:37:21,39.043,3.779,0,0,139.80,30555.83,31735.86,17,3873979,4309743,10265985024,36700545024
2025-05-14 06:37:21,43.298,4.284,0,0,159.70,30555.83,31735.86,17,3874178,4309942,10265985024,36700545024
2025-05-14 06:37:21,43.832,4.162,0,0,149.80,30555.83,31735.86,17,3874387,4310154,10265985024,36700557312
2025-05-14 06:37:22,42.702,3.918,0,12288,149.80,30555.83,31735.86,17,3874588,4310355,10265985024,36700557312
2025-05-14 06:37:22,42.797,3.962,0,0,129.80,30555.83,31735.86,17,3874790,4310557,10265985024,36700557312
2025-05-14 06:37:22,42.517,4.639,0,0,139.80,30555.83,31735.86,17,3874991,4310758,10265985024,36700557312
2025-05-14 06:37:22,43.176,5.106,0,0,149.70,30555.83,31735.86,17,3875191,4310958,10265985024,36700557312
2025-05-14 06:37:22,41.295,4.318,0,0,139.70,30555.83,31735.86,17,3875392,4311159,10265985024,36700557312
2025-05-14 06:37:23,42.350,4.781,0,0,249.60,30555.83,31735.86,17,3875593,4311360,10265985024,36700557312
2025-05-14 06:37:23,41.137,4.811,0,0,139.80,30555.83,31735.86,17,3875794,4311561,10265985024,36700557312
2025-05-14 06:37:23,43.597,4.253,0,0,139.70,30555.83,31735.86,17,3875995,4311762,10265985024,36700557312
2025-05-14 06:37:23,46.998,4.383,0,0,529.00,30555.83,31735.86,17,3876202,4311969,10265985024,36700557312
2025-05-14 06:37:23,50.580,5.054,0,0,548.90,30555.83,31735.86,17,3876389,4312156,10265985024,36700557312
2025-05-14 06:37:24,50.472,5.192,0,0,489.10,30555.83,31735.86,17,3876587,4312354,10265985024,36700557312
2025-05-14 06:37:24,48.025,4.937,0,0,179.60,30555.83,31735.86,17,3876786,4312553,10265985024,36700557312
2025-05-14 06:37:24,42.757,4.042,0,0,169.70,30555.83,31735.86,17,3877001,4312762,10266025984,36700557312
2025-05-14 06:37:24,43.899,4.020,40960,0,49.90,30555.83,31735.86,17,3877197,4312958,10266025984,36700557312
2025-05-14 06:37:24,42.680,3.801,0,0,59.90,30555.83,31735.86,17,3877398,4313159,10266025984,36700557312
2025-05-14 06:37:25,41.618,3.782,0,0,139.80,30555.83,31735.86,17,3877599,4313360,10266025984,36700557312
2025-05-14 06:37:25,40.478,3.788,0,0,59.90,30555.83,31735.86,17,3877800,4313561,10266025984,36700557312
2025-05-14 06:37:25,38.417,3.687,0,0,59.90,30555.83,31735.86,17,3878001,4313762,10266025984,36700557312
2025-05-14 06:37:25,43.157,3.846,0,0,49.90,30555.83,31735.86,17,3878198,4313959,10266025984,36700557312
2025-05-14 06:37:25,45.403,4.254,0,7127040,409.20,30555.83,31975.98,49,3879000,4315154,10266025984,36707684352
2025-05-14 06:37:26,47.215,5.353,0,479232,638.80,30555.83,31975.98,49,3879267,4315456,10266025984,36708511744
2025-05-14 06:37:26,48.994,5.820,0,602112,479.10,30555.83,31975.98,49,3879646,4315878,10266025984,36709003264
2025-05-14 06:37:26,47.992,5.511,0,454656,409.30,30555.83,31975.98,49,3879976,4316252,10266025984,36709437440
2025-05-14 06:37:26,48.039,5.247,0,819200,259.50,30555.83,31975.98,49,3880256,4316572,10266025984,36710187008
2025-05-14 06:37:26,48.773,4.880,0,446464,369.30,30555.83,31975.98,49,3880535,4316894,10266025984,36710682624
2025-05-14 06:37:27,47.689,5.227,0,401408,638.90,30555.83,31975.98,49,3880867,4317274,10266025984,36711223296
2025-05-14 06:37:27,48.645,5.734,0,802816,479.20,30555.83,31975.98,49,3881218,4317679,10266025984,36711907328
2025-05-14 06:37:27,47.645,5.444,0,364544,419.30,30555.83,31975.98,49,3881563,4318073,10266025984,36712263680
2025-05-14 06:37:27,47.927,4.963,0,540672,299.50,30555.83,31975.98,49,3881784,4318306,10266025984,36712726528
2025-05-14 06:37:27,47.438,4.320,0,131072,369.40,30555.83,31975.98,49,3881985,4318507,10266025984,36712726528
2025-05-14 06:37:28,45.761,4.430,0,0,539.10,30555.83,31975.98,49,3882185,4318707,10266025984,36712726528
2025-05-14 06:37:28,46.614,4.886,0,0,359.40,30555.83,31975.98,49,3882386,4318908,10266025984,36712726528
2025-05-14 06:37:28,45.643,4.422,0,0,379.30,30555.83,31975.98,49,3882597,4319119,10266025984,36712734720
2025-05-14 06:37:28,46.679,4.441,0,1613824,289.40,30555.83,31975.98,49,3882828,4319368,10266025984,36714610688
2025-05-14 06:37:28,46.976,4.622,0,270336,389.30,30555.83,31975.98,49,3883027,4319567,10266025984,36714610688
2025-05-14 06:37:29,46.552,4.451,0,0,529.10,30555.83,31975.98,49,3883224,4319764,10266025984,36714610688
2025-05-14 06:37:29,45.612,4.768,0,0,379.30,30555.83,31975.98,49,3883422,4319962,10266025984,36714610688
2025-05-14 06:37:29,45.227,4.722,0,0,379.30,30555.83,31975.98,49,3883624,4320164,10266025984,36714610688
2025-05-14 06:37:29,46.328,4.355,0,0,239.60,30555.83,31975.98,49,3883826,4320366,10266025984,36714610688
2025-05-14 06:37:29,48.158,4.290,0,0,369.40,30555.83,31975.98,49,3884028,4320570,10266025984,36714622976
2025-05-14 06:37:30,46.011,4.541,0,12288,499.10,30555.83,31975.98,49,3884230,4320772,10266025984,36714622976
2025-05-14 06:37:30,46.618,4.855,0,0,429.30,30555.83,31975.98,49,3884431,4320973,10266025984,36714622976
2025-05-14 06:37:30,46.435,4.987,0,0,439.30,30555.83,31975.98,49,3885016,4321862,10266025984,36720013312
2025-05-14 06:37:30,47.002,5.016,0,5398528,219.60,30555.83,31975.98,49,3885199,4322046,10266025984,36720021504
2025-05-14 06:37:31,46.908,4.291,0,0,379.40,30555.83,31975.98,49,3885400,4322247,10266025984,36720021504
2025-05-14 06:37:31,46.258,4.355,0,0,469.10,30555.83,31975.98,49,3885601,4322448,10266025984,36720021504
2025-05-14 06:37:31,47.072,4.753,0,0,369.30,30555.83,31975.98,49,3885800,4322647,10266025984,36720021504
2025-05-14 06:37:31,45.469,4.465,0,0,389.30,30555.83,31975.98,49,3886002,4322849,10266025984,36720021504
2025-05-14 06:37:31,47.157,4.650,0,0,269.50,30555.83,31975.98,49,3886194,4323041,10266025984,36720021504
2025-05-14 06:37:32,47.905,4.366,0,0,389.20,30555.83,31975.98,49,3886393,4323240,10266025984,36720021504
2025-05-14 06:37:32,45.628,4.700,0,0,419.30,30555.83,31975.98,49,3886593,4323440,10266025984,36720021504
2025-05-14 06:37:32,46.020,4.710,0,0,419.10,30555.83,31975.98,49,3886795,4323642,10266025984,36720021504
2025-05-14 06:37:32,46.193,4.848,0,0,409.30,30555.83,31975.98,49,3886997,4323844,10266025984,36720021504
2025-05-14 06:37:32,47.497,4.806,0,8192,379.30,30555.83,31975.98,49,3887195,4324045,10266025984,36720029696
2025-05-14 06:37:33,46.732,4.886,0,1384448,409.30,30555.83,31975.98,49,3887420,4324282,10266025984,36721676288
2025-05-14 06:37:33,46.062,4.944,0,262144,429.10,30555.83,31975.98,49,3887621,4324483,10266025984,36721676288
2025-05-14 06:37:33,46.720,5.122,0,0,419.30,30555.83,31975.98,49,3887826,4324688,10266025984,36721676288
2025-05-14 06:37:33,45.649,5.086,0,16384,479.20,30555.83,31975.98,49,3888034,4324898,10266025984,36721692672
2025-05-14 06:37:33,46.467,4.986,0,0,359.30,30555.83,31975.98,49,3888236,4325105,10266025984,36721782784
2025-05-14 06:37:34,48.547,4.848,0,188416,429.20,30555.83,31975.98,49,3888432,4325305,10266025984,36721881088
2025-05-14 06:37:34,46.527,4.895,0,0,419.30,30555.83,31975.98,49,3888654,4325534,10266025984,36721909760
2025-05-14 06:37:34,46.346,4.955,0,28672,329.50,30555.83,31975.98,49,3888864,4325747,10266025984,36721926144
2025-05-14 06:37:34,45.228,5.133,0,282624,349.40,30555.83,31975.98,49,3889075,4325961,10266025984,36722192384
2025-05-14 06:37:34,46.889,5.070,0,0,399.30,30555.83,31975.98,49,3889254,4326140,10266025984,36722192384
2025-05-14 06:37:35,46.355,5.335,0,0,399.30,30555.83,31975.98,49,3889729,4326692,10266025984,36725059584
2025-05-14 06:37:35,48.229,5.147,0,2867200,369.40,30555.83,31975.98,49,3890031,4326982,10266025984,36725522432
2025-05-14 06:37:35,49.797,4.924,0,475136,329.10,30555.83,31975.98,49,3890238,4327189,10266025984,36725534720
2025-05-14 06:37:35,46.586,4.396,0,0,299.50,30555.83,31975.98,49,3890453,4327406,10266025984,36725809152
2025-05-14 06:37:35,46.960,4.549,0,274432,289.50,30555.83,31975.98,49,3890644,4327597,10266025984,36725809152
2025-05-14 06:37:36,45.781,4.628,0,331776,69.90,30555.83,31975.98,49,3890854,4327812,10266025984,36726140928
2025-05-14 06:37:36,40.807,4.180,0,0,69.90,30555.83,31975.98,49,3891055,4328013,10266025984,36726140928
2025-05-14 06:37:36,46.293,4.453,0,0,119.80,30555.83,31975.98,49,3891256,4328214,10266025984,36726140928
2025-05-14 06:37:36,44.463,4.176,0,0,329.40,30555.83,31975.98,49,3891456,4328414,10266025984,36726140928
2025-05-14 06:37:36,47.561,4.531,0,0,299.50,30555.83,31975.98,49,3891642,4328600,10266025984,36726140928
2025-05-14 06:37:37,45.290,4.756,0,0,279.50,30555.83,31975.98,49,3891841,4328799,10266025984,36726140928
2025-05-14 06:37:37,46.253,4.819,0,0,289.50,30555.83,31975.98,49,3892042,4329000,10266025984,36726140928
2025-05-14 06:37:37,45.225,4.617,0,0,249.50,30555.83,31975.98,49,3892243,4329201,10266025984,36726140928
2025-05-14 06:37:37,45.404,4.524,0,0,239.60,30555.83,31975.98,49,3892442,4329401,10266025984,36726140928
2025-05-14 06:37:37,46.048,4.302,0,0,259.60,30555.83,31975.98,49,3892644,4329602,10266025984,36726140928
2025-05-14 06:37:38,44.453,4.363,0,0,319.50,30555.83,31975.98,49,3892849,4329807,10266025984,36726140928
2025-05-14 06:37:38,46.516,4.641,0,0,259.50,30555.83,31975.98,49,3893044,4330002,10266025984,36726140928
2025-05-14 06:37:38,43.703,4.665,0,0,259.50,30555.83,31975.98,49,3893246,4330204,10266025984,36726140928
2025-05-14 06:37:38,44.457,4.409,0,0,289.40,30555.83,31975.98,49,3893444,4330402,10266025984,36726140928
2025-05-14 06:37:38,46.195,4.362,0,0,309.40,30555.83,31975.98,49,3893644,4330602,10266025984,36726140928
2025-05-14 06:37:39,44.516,4.632,0,0,279.50,30555.83,31975.98,49,3893845,4330803,10266025984,36726140928
2025-05-14 06:37:39,45.153,4.500,0,0,299.50,30555.83,31975.98,49,3894046,4331004,10266025984,36726140928
2025-05-14 06:37:39,45.187,4.618,0,0,269.50,30555.83,31975.98,49,3894249,4331207,10266025984,36726140928
2025-05-14 06:37:39,45.537,4.432,0,0,259.60,30555.83,31975.98,49,3894450,4331408,10266025984,36726140928
2025-05-14 06:37:39,45.576,4.547,0,0,369.40,30555.83,31975.98,49,3894652,4331610,10266025984,36726140928
2025-05-14 06:37:40,45.753,4.686,0,0,289.60,30555.83,31975.98,49,3894852,4331810,10266025984,36726140928
2025-05-14 06:37:40,44.169,4.460,0,0,259.50,30555.83,31975.98,49,3895054,4332012,10266025984,36726140928
2025-05-14 06:37:40,44.468,4.473,0,0,309.50,30555.83,31975.98,49,3895255,4332213,10266025984,36726140928
2025-05-14 06:37:40,45.029,4.524,0,0,309.50,30555.83,31975.98,49,3895456,4332414,10266025984,36726140928
2025-05-14 06:37:40,46.124,4.450,0,0,279.60,30555.83,31975.98,49,3895658,4332616,10266025984,36726140928
2025-05-14 06:37:41,43.924,4.575,0,0,319.40,30555.83,31975.98,49,3895860,4332818,10266025984,36726140928
2025-05-14 06:37:41,45.482,4.415,0,0,369.30,30555.83,31975.98,49,3896062,4333020,10266025984,36726140928
2025-05-14 06:37:41,46.144,4.634,0,0,349.30,30555.83,31975.98,49,3896265,4333224,10266025984,36726206464
2025-05-14 06:37:41,45.439,4.299,0,65536,229.50,30555.83,31975.98,49,3896466,4333425,10266025984,36726206464
2025-05-14 06:37:41,44.978,4.371,0,0,299.50,30555.83,31975.98,49,3896667,4333626,10266025984,36726206464
2025-05-14 06:37:42,44.608,4.513,0,0,279.50,30555.83,31975.98,49,3896868,4333827,10266025984,36726206464
2025-05-14 06:37:42,44.930,4.373,0,0,279.50,30555.83,31975.98,49,3897070,4334029,10266025984,36726206464
2025-05-14 06:37:42,44.340,4.435,0,0,299.40,30555.83,31975.98,49,3897271,4334230,10266025984,36726206464
2025-05-14 06:37:42,44.741,4.407,0,0,299.50,30555.83,31975.98,49,3897474,4334433,10266025984,36726206464
2025-05-14 06:37:42,45.971,4.507,0,0,299.50,30555.83,31975.98,49,3897675,4334634,10266025984,36726206464
2025-05-14 06:37:43,45.237,4.449,0,0,279.50,30555.83,31975.98,49,3897877,4334836,10266025984,36726206464
2025-05-14 06:37:43,45.135,4.431,0,0,319.40,30555.83,31975.98,49,3898078,4335037,10266025984,36726206464
2025-05-14 06:37:43,45.402,4.586,0,0,269.50,30555.83,31975.98,49,3898279,4335238,10266025984,36726206464
2025-05-14 06:37:43,44.464,4.319,0,0,279.50,30555.83,31975.98,49,3898474,4335433,10266025984,36726206464
2025-05-14 06:37:43,45.227,4.310,0,0,299.50,30555.83,31975.98,49,3898675,4335634,10266025984,36726206464
2025-05-14 06:37:44,46.538,4.464,0,0,289.70,30555.83,31975.98,49,3898875,4335834,10266025984,36726206464
2025-05-14 06:37:44,44.270,4.325,0,0,289.40,30555.83,31975.98,49,3899077,4336036,10266025984,36726206464
2025-05-14 06:37:44,44.693,4.363,0,0,329.40,30555.83,31975.98,49,3899279,4336238,10266025984,36726206464
2025-05-14 06:37:44,44.626,4.238,0,0,329.30,30555.83,31975.98,49,3899478,4336437,10266025984,36726206464
2025-05-14 06:37:44,47.045,4.306,0,0,229.60,30555.83,31975.98,49,3899677,4336636,10266025984,36726206464
2025-05-14 06:37:45,45.355,4.256,0,0,229.60,30555.83,31975.98,49,3899878,4336837,10266025984,36726206464
2025-05-14 06:37:45,43.855,4.119,0,0,309.40,30555.87,31839.91,28,3900080,4337039,10266025984,36726206464
2025-05-14 06:37:45,45.191,4.393,0,0,369.30,30555.85,31815.90,25,3900277,4337236,10266025984,36726206464
2025-05-14 06:37:45,44.982,4.438,0,0,299.40,30555.78,31759.88,18,3900478,4337437,10266025984,36726206464
2025-05-14 06:37:45,45.367,4.303,0,0,239.60,30555.77,31743.87,16,3900679,4337638,10266025984,36726206464
2025-05-14 06:37:46,45.134,4.342,0,0,319.40,30555.73,31711.85,12,3900881,4337840,10266025984,36726206464
2025-05-14 06:37:46,45.037,4.453,0,0,329.40,30555.73,31711.85,12,3901082,4338041,10266025984,36726206464
2025-05-14 06:37:46,45.953,4.647,0,0,259.60,30555.73,31711.85,12,3901288,4338247,10266025984,36726206464
2025-05-14 06:37:46,43.638,4.391,0,0,249.60,30555.73,31711.85,12,3901478,4338437,10266025984,36726206464
2025-05-14 06:37:46,45.670,4.585,0,0,309.50,30555.73,31711.85,12,3901684,4338643,10266025984,36726206464
2025-05-14 06:37:47,45.244,4.514,0,0,289.50,30555.73,31711.85,12,3901886,4338845,10266025984,36726206464
2025-05-14 06:37:47,44.549,4.391,0,0,319.60,30555.73,31711.85,12,3902086,4339045,10266025984,36726206464
2025-05-14 06:37:47,45.153,4.419,0,0,299.40,30555.73,31711.85,12,3902289,4339248,10266025984,36726206464
2025-05-14 06:37:47,45.129,4.477,0,0,299.50,30555.73,31711.85,12,3902495,4339454,10266025984,36726206464
2025-05-14 06:37:47,45.682,4.471,0,0,289.40,30555.73,31711.85,12,3902696,4339655,10266025984,36726206464
2025-05-14 06:37:48,44.943,4.473,0,0,249.60,30555.73,31711.85,12,3902897,4339856,10266025984,36726206464
2025-05-14 06:37:48,45.430,4.555,0,0,309.40,30555.73,31711.85,12,3903098,4340057,10266025984,36726206464
2025-05-14 06:37:48,45.391,4.608,0,0,269.50,30555.73,31711.85,12,3903302,4340261,10266025984,36726206464
2025-05-14 06:37:48,43.543,4.401,0,0,239.60,30555.73,31711.85,12,3903503,4340462,10266025984,36726206464
2025-05-14 06:37:48,45.089,4.346,0,0,279.50,30555.73,31711.85,12,3903704,4340663,10266025984,36726206464
2025-05-14 06:37:49,44.791,4.392,0,0,299.40,30555.73,31711.85,12,3903905,4340864,10266025984,36726206464
2025-05-14 06:37:49,44.873,4.410,0,0,269.50,30555.73,31711.85,12,3904106,4341065,10266025984,36726206464
2025-05-14 06:37:49,45.020,4.441,0,0,299.40,30555.73,31711.85,12,3904308,4341267,10266025984,36726206464
2025-05-14 06:37:49,43.201,4.501,0,0,269.50,30555.73,31711.85,12,3904509,4341468,10266025984,36726206464
2025-05-14 06:37:49,45.786,4.476,0,0,299.50,30555.73,31711.85,12,3904710,4341669,10266025984,36726206464
2025-05-14 06:37:50,44.405,4.320,0,0,279.50,30555.73,31711.85,12,3904911,4341870,10266025984,36726206464
2025-05-14 06:37:50,45.700,4.774,0,0,309.50,30555.73,31711.85,12,3905117,4342076,10266025984,36726206464
2025-05-14 06:37:50,45.084,4.581,0,0,309.40,30555.73,31711.85,12,3905321,4342280,10266025984,36726206464
2025-05-14 06:37:50,44.996,4.309,0,0,309.40,30555.73,31711.85,12,3905516,4342475,10266025984,36726206464
2025-05-14 06:37:50,45.147,4.662,0,0,329.40,30555.73,31711.85,12,3905718,4342677,10266025984,36726206464
2025-05-14 06:37:51,45.517,4.447,0,0,309.40,30555.73,31711.85,12,3905919,4342878,10266025984,36726206464
2025-05-14 06:37:51,45.217,4.422,0,0,289.50,30555.73,31711.85,12,3906118,4343077,10266025984,36726206464
2025-05-14 06:37:51,45.057,4.917,0,0,329.70,30555.73,31703.85,11,3906321,4343280,10266025984,36726206464
2025-05-14 06:37:51,45.687,4.628,0,0,249.50,30555.73,31703.85,11,3906514,4343473,10266025984,36726206464
2025-05-14 06:37:51,47.040,4.646,0,0,299.40,30555.73,31703.85,11,3906715,4343674,10266025984,36726206464
2025-05-14 06:37:52,46.331,4.774,0,0,299.50,30555.73,31703.85,11,3906916,4343875,10266025984,36726206464
2025-05-14 06:37:52,45.899,4.872,0,0,299.40,30555.73,31703.85,11,3907106,4344065,10266025984,36726206464
2025-05-14 06:37:52,45.724,4.767,0,0,309.50,30555.73,31703.85,11,3907307,4344266,10266025984,36726206464
2025-05-14 06:37:52,45.541,4.749,0,0,249.50,30555.73,31703.85,11,3907507,4344466,10266025984,36726206464
2025-05-14 06:37:52,47.913,4.636,0,0,319.30,30555.73,31703.85,11,3907697,4344656,10266025984,36726206464
2025-05-14 06:37:53,45.585,4.671,0,0,379.30,30555.73,31703.85,11,3907899,4344858,10266025984,36726206464
2025-05-14 06:37:53,46.008,4.634,0,0,289.50,30555.73,31703.85,11,3908100,4345059,10266025984,36726206464
2025-05-14 06:37:53,45.076,4.731,0,0,279.50,30555.73,31703.85,11,3908301,4345260,10266025984,36726206464
2025-05-14 06:37:53,44.816,4.467,0,0,319.50,30555.73,31703.85,11,3908502,4345461,10266025984,36726206464
2025-05-14 06:37:53,45.400,4.462,0,0,289.50,30555.73,31703.85,11,3908707,4345666,10266025984,36726206464
2025-05-14 06:37:54,44.760,4.371,0,0,329.40,30555.73,31703.85,11,3908908,4345867,10266025984,36726206464
2025-05-14 06:37:54,45.372,4.437,0,0,299.40,30555.73,31703.85,11,3909109,4346068,10266025984,36726206464
2025-05-14 06:37:54,45.346,4.455,0,0,309.50,30555.73,31703.85,11,3909308,4346267,10266025984,36726206464
2025-05-14 06:37:54,43.630,4.559,0,0,309.50,30555.73,31703.85,11,3909499,4346458,10266025984,36726206464
2025-05-14 06:37:54,45.644,4.539,0,0,299.50,30555.73,31703.85,11,3909701,4346660,10266025984,36726206464
2025-05-14 06:37:55,45.404,4.445,0,0,339.30,30555.73,31703.85,11,3909902,4346861,10266025984,36726206464
2025-05-14 06:37:55,45.371,4.523,0,0,339.30,30555.73,31703.85,11,3910103,4347062,10266025984,36726206464
2025-05-14 06:37:55,45.472,4.606,0,0,309.40,30555.73,31703.85,11,3910305,4347264,10266025984,36726206464
2025-05-14 06:37:55,45.803,4.518,0,0,309.50,30555.73,31703.85,11,3910505,4347464,10266025984,36726206464
2025-05-14 06:37:55,45.508,4.480,0,0,319.50,30555.73,31703.85,11,3910706,4347665,10266025984,36726206464
2025-05-14 06:37:56,45.177,4.511,0,0,349.30,30555.73,31703.85,11,3910908,4347867,10266025984,36726206464
2025-05-14 06:37:56,45.815,4.647,0,0,319.40,30555.75,31703.85,11,3911109,4348068,10266025984,36726206464
2025-05-14 06:37:56,46.401,4.689,0,0,309.40,30555.75,31703.85,11,3911311,4348270,10266025984,36726206464
2025-05-14 06:37:56,45.709,4.600,0,0,319.40,30555.75,31703.85,11,3911514,4348473,10266025984,36726206464
2025-05-14 06:37:56,46.574,4.643,0,0,299.50,30555.75,31703.85,11,3911715,4348674,10266025984,36726206464
2025-05-14 06:37:57,45.814,4.469,0,0,369.40,30555.75,31703.85,11,3911916,4348875,10266025984,36726206464
2025-05-14 06:37:57,45.334,4.445,0,0,309.40,30555.75,31703.85,11,3912116,4349075,10266025984,36726206464
2025-05-14 06:37:57,44.193,4.482,0,0,279.50,30555.75,31703.85,11,3912317,4349276,10266025984,36726206464
2025-05-14 06:37:57,45.220,4.365,0,0,329.40,30555.75,31703.85,11,3912500,4349459,10266025984,36726206464
2025-05-14 06:37:57,45.966,4.403,0,0,309.40,30555.75,31703.85,11,3912702,4349661,10266025984,36726206464
2025-05-14 06:37:58,45.335,4.088,0,0,249.60,30555.75,31703.85,12,3912910,4349867,10266025984,36726206464
2025-05-14 06:37:58,43.323,4.007,0,3080192,149.70,30555.79,31711.85,16,3913484,4350505,10266025984,36729548800
2025-05-14 06:37:58,42.516,3.856,0,262144,159.70,30555.79,31711.85,16,3913685,4350706,10266025984,36729548800
2025-05-14 06:37:58,42.841,3.822,0,0,179.70,30555.79,31711.85,16,3913885,4350906,10266025984,36729548800
2025-05-14 06:37:58,42.657,3.934,0,0,159.70,30555.79,31711.85,16,3914086,4351107,10266025984,36729548800
2025-05-14 06:37:59,42.747,3.778,0,0,159.70,30555.79,31711.85,16,3914288,4351309,10266025984,36729548800
2025-05-14 06:37:59,42.335,3.812,0,0,149.70,30555.79,31711.85,16,3914489,4351510,10266025984,36729548800
2025-05-14 06:37:59,42.263,3.917,0,0,169.70,30555.79,31711.85,16,3914690,4351711,10266025984,36729548800
2025-05-14 06:37:59,43.634,3.847,0,0,109.80,30555.79,31711.85,16,3914891,4351912,10266025984,36729548800
2025-05-14 06:37:59,39.385,3.825,0,0,59.90,30555.79,31711.85,16,3915092,4352113,10266025984,36729548800
2025-05-14 06:38:00,39.589,3.858,32768,12288,149.70,30555.79,31711.85,16,3915318,4352339,10266058752,36729757696
2025-05-14 06:38:00,42.553,3.992,16384,196608,119.80,30555.79,31711.85,16,3915563,4352580,10266206208,36729847808
2025-05-14 06:38:00,42.039,3.991,131072,98304,49.90,30555.79,31711.85,16,3915771,4352789,10266206208,36729856000
2025-05-14 06:38:00,41.906,3.769,0,0,59.90,30555.79,31711.85,16,3915972,4352990,10266206208,36729856000
2025-05-14 06:38:00,43.567,3.783,0,0,69.90,30555.79,31711.85,16,3916173,4353191,10266206208,36729856000
2025-05-14 06:38:01,40.934,3.758,0,0,89.80,30555.79,31711.85,16,3916374,4353392,10266206208,36729856000
2025-05-14 06:38:01,38.580,3.748,0,0,169.70,30555.79,31711.85,16,3916585,4353606,10266206208,36729962496
2025-05-14 06:38:01,40.704,3.922,0,106496,59.90,30555.79,31711.85,16,3916788,4353810,10266206208,36729962496
2025-05-14 06:38:01,38.653,3.774,0,0,79.90,30555.79,31711.85,16,3916989,4354011,10266206208,36729962496
2025-05-14 06:38:01,36.996,3.640,0,0,59.90,30555.79,31711.85,16,3917190,4354212,10266206208,36729962496
2025-05-14 06:38:02,37.936,3.655,0,0,99.80,30555.79,31711.85,16,3917393,4354415,10266210304,36729962496
2025-05-14 06:38:02,43.268,4.073,4096,0,159.70,30555.79,31711.85,16,3917597,4354619,10266210304,36730028032
2025-05-14 06:38:02,43.191,4.060,0,65536,159.70,30555.79,31711.85,16,3917798,4354820,10266210304,36730028032
2025-05-14 06:38:02,44.353,3.886,0,0,199.70,30555.79,31711.85,16,3917983,4355005,10266210304,36730028032
2025-05-14 06:38:03,43.847,3.753,0,0,159.70,30555.79,31711.85,16,3918184,4355206,10266210304,36730028032
2025-05-14 06:38:03,41.898,3.852,0,0,99.80,30555.79,31711.85,16,3918386,4355408,10266210304,36730028032
2025-05-14 06:38:03,41.213,4.051,4096,0,399.30,30555.79,31711.85,16,3918878,4355953,10266222592,36732391424
2025-05-14 06:38:03,45.723,4.590,8192,2363392,209.60,30555.79,31711.85,16,3919089,4356167,10266222592,36732444672
2025-05-14 06:38:03,44.932,4.133,0,53248,289.50,30555.79,31823.91,30,3919338,4356403,10269409280,36732518400
2025-05-14 06:38:04,44.226,4.309,3186688,217088,59.90,30555.79,31823.91,30,3919549,4356618,10269409280,36732661760
2025-05-14 06:38:04,38.878,3.748,0,0,69.90,30555.79,31823.91,30,3919750,4356819,10269409280,36732661760
2025-05-14 06:38:04,39.594,3.732,4096,8192,59.90,30555.79,31823.91,30,3919957,4357028,10269413376,36732674048
2025-05-14 06:38:04,37.967,3.690,0,4096,89.80,30555.79,31823.91,30,3920169,4357236,10269507584,36732674048
2025-05-14 06:38:04,42.596,3.817,94208,49152,49.90,30555.79,31823.91,30,3920385,4357455,10269507584,36732755968
2025-05-14 06:38:05,40.024,3.799,0,32768,59.90,30555.79,31823.91,30,3920586,4357656,10269507584,36732755968
2025-05-14 06:38:05,40.742,3.834,0,0,59.90,30555.79,31823.91,30,3920787,4357857,10269507584,36732755968
2025-05-14 06:38:05,42.626,3.931,0,2760704,329.40,30555.79,31823.91,30,3921041,4358157,10269511680,36735598592
2025-05-14 06:38:05,41.224,3.957,4096,81920,59.90,30555.79,31823.91,30,3921243,4358359,10269511680,36735598592
2025-05-14 06:38:05,42.472,3.750,0,0,49.90,30555.79,31823.91,30,3921443,4358559,10269511680,36735598592
2025-05-14 06:38:06,42.705,3.813,0,0,169.70,30555.79,31823.91,30,3921684,4358807,10269515776,36735741952
2025-05-14 06:38:06,43.330,4.241,4096,258048,59.90,30555.79,31823.91,30,3921909,4359038,10269515776,36735856640
2025-05-14 06:38:06,40.360,3.815,0,0,79.90,30555.79,31823.91,30,3922110,4359239,10269515776,36735856640
2025-05-14 06:38:06,38.333,3.864,0,0,69.90,30555.79,31823.91,30,3922310,4359439,10269515776,36735856640
2025-05-14 06:38:06,41.433,3.782,0,0,139.80,30555.79,31823.91,30,3922509,4359638,10269515776,36735856640
2025-05-14 06:38:07,42.697,4.023,0,0,49.90,30555.79,31823.91,30,3922711,4359840,10269515776,36735856640
2025-05-14 06:38:07,39.231,3.760,0,0,59.90,30555.79,31823.91,30,3922912,4360041,10269515776,36735856640
2025-05-14 06:38:07,38.718,3.709,0,0,229.60,30555.79,31823.91,30,3923113,4360242,10269515776,36735856640
2025-05-14 06:38:07,42.961,4.117,0,0,49.90,30555.79,31823.91,30,3923314,4360443,10269515776,36735856640
2025-05-14 06:38:07,41.704,3.697,0,0,49.90,30555.79,31823.91,30,3923516,4360645,10269515776,36735856640
2025-05-14 06:38:08,38.517,3.685,0,0,79.90,30555.79,31823.91,30,3923725,4360857,10269515776,36735868928
2025-05-14 06:38:08,38.543,3.699,0,12288,79.90,30555.79,31823.91,30,3923926,4361058,10269515776,36735868928
2025-05-14 06:38:08,36.944,3.678,0,8192,49.90,30555.79,31823.91,30,3924133,4361267,10269515776,36735877120
2025-05-14 06:38:08,39.007,3.717,0,0,49.90,30555.79,31823.91,30,3924334,4361468,10269515776,36735877120
2025-05-14 06:38:08,41.092,3.770,0,0,59.90,30555.79,31823.91,30,3924534,4361668,10269515776,36735877120
2025-05-14 06:38:09,40.995,3.756,0,0,59.90,30555.79,31823.91,30,3924735,4361869,10269515776,36735877120
2025-05-14 06:38:09,43.536,3.849,0,0,49.90,30555.79,31823.91,30,3924937,4362071,10269515776,36735877120
2025-05-14 06:38:09,41.032,3.656,0,0,59.90,30555.79,31823.91,30,3925138,4362272,10269515776,36735877120
2025-05-14 06:38:09,39.210,3.706,0,0,59.90,30555.79,31823.91,30,3925339,4362473,10269515776,36735877120
2025-05-14 06:38:09,43.520,3.739,0,0,39.90,30555.79,31823.91,30,3925538,4362672,10269515776,36735877120
2025-05-14 06:38:10,45.772,3.734,0,0,59.90,30555.79,31823.91,30,3925735,4362869,10269515776,36735877120
2025-05-14 06:38:10,45.603,3.878,0,0,49.90,30555.79,31823.91,30,3925937,4363071,10269515776,36735877120
2025-05-14 06:38:10,41.205,3.748,0,0,79.80,30555.79,31823.91,30,3926138,4363272,10269515776,36735877120
2025-05-14 06:38:10,42.949,4.260,0,0,59.90,30555.79,31823.91,30,3926339,4363473,10269515776,36735877120
2025-05-14 06:38:10,46.762,4.157,0,0,69.90,30555.82,31823.91,30,3926519,4363653,10269515776,36735877120
2025-05-14 06:38:11,43.543,3.935,0,0,49.90,30555.82,31823.91,30,3926720,4363854,10269515776,36735877120
2025-05-14 06:38:11,40.427,3.880,0,24576,59.90,30555.82,31823.91,30,3926924,4364059,10269515776,36735901696
2025-05-14 06:38:11,39.209,3.758,0,0,49.90,30555.82,31823.91,30,3927125,4364260,10269515776,36735901696
2025-05-14 06:38:11,40.835,3.820,0,0,59.90,30555.82,31823.91,30,3927325,4364460,10269515776,36735901696
2025-05-14 06:38:11,45.441,4.067,0,0,189.60,30555.82,31823.91,30,3927519,4364654,10269515776,36735901696
2025-05-14 06:38:12,48.862,4.294,0,0,189.70,30555.82,31823.91,30,3927742,4364884,10269515776,36736028672
2025-05-14 06:38:12,45.929,4.130,0,2080768,169.70,30555.82,31823.91,30,3928110,4365313,10269515776,36737982464
2025-05-14 06:38:12,42.778,4.049,0,0,159.80,30555.82,31823.91,30,3928311,4365514,10269515776,36737982464
2025-05-14 06:38:12,42.452,3.742,0,0,159.70,30555.82,31823.91,30,3928511,4365714,10269515776,36737982464
2025-05-14 06:38:12,44.985,3.974,0,0,159.70,30555.82,31823.91,30,3928711,4365914,10269515776,36737982464
2025-05-14 06:38:13,42.804,3.812,0,0,159.80,30555.82,31823.91,30,3928912,4366115,10269515776,36737982464
2025-05-14 06:38:13,42.574,3.836,0,0,159.70,30555.82,31823.91,30,3929117,4366321,10269515776,36737986560
2025-05-14 06:38:13,41.872,3.960,0,4096,149.70,30555.82,31823.91,30,3929318,4366522,10269515776,36737986560
2025-05-14 06:38:13,42.702,3.796,0,0,149.70,30555.82,31823.91,30,3929519,4366723,10269515776,36737986560
2025-05-14 06:38:13,43.417,3.934,0,0,159.70,30555.82,31823.91,30,3929720,4366924,10269515776,36737986560
2025-05-14 06:38:14,42.733,3.842,0,0,149.70,30555.82,31823.91,30,3929922,4367126,10269515776,36737986560
2025-05-14 06:38:14,41.940,3.944,0,0,149.70,30555.82,31823.91,30,3930123,4367327,10269515776,36737986560
2025-05-14 06:38:14,46.307,4.155,0,0,149.70,30555.82,31823.91,30,3930324,4367528,10269515776,36737986560
2025-05-14 06:38:14,42.992,3.850,0,0,139.80,30555.82,31823.91,30,3930524,4367728,10269515776,36737986560
2025-05-14 06:38:14,45.602,3.983,0,0,49.90,30555.82,31823.91,30,3930724,4367928,10269515776,36737986560
2025-05-14 06:38:15,39.840,3.852,61440,0,149.80,30555.82,31823.91,30,3930940,4368139,10269577216,36737986560
2025-05-14 06:38:15,43.334,4.069,0,0,59.90,30555.82,31823.91,30,3931141,4368340,10269577216,36737986560
2025-05-14 06:38:15,42.691,4.201,106496,0,99.80,30555.82,31823.91,30,3931440,4368614,10269683712,36738072576
2025-05-14 06:38:15,41.408,3.896,0,86016,49.90,30555.82,31823.91,30,3931640,4368814,10269683712,36738072576
2025-05-14 06:38:15,44.484,3.783,0,0,49.90,30555.82,31823.91,30,3931841,4369015,10269683712,36738072576
2025-05-14 06:38:16,41.819,3.705,0,0,49.90,30555.82,31823.91,30,3932042,4369216,10269683712,36738072576
2025-05-14 06:38:16,38.788,3.759,0,0,59.90,30555.82,31823.91,30,3932244,4369418,10269683712,36738072576
2025-05-14 06:38:16,37.934,3.734,0,8192,49.90,30555.82,31823.91,30,3932456,4369632,10269683712,36738080768
2025-05-14 06:38:16,39.183,3.771,0,0,59.90,30555.82,31823.91,30,3932656,4369832,10269683712,36738080768
2025-05-14 06:38:16,41.477,3.800,0,1953792,59.90,30555.82,31823.91,30,3932921,4370128,10269683712,36740034560
2025-05-14 06:38:17,37.603,3.686,0,0,69.90,30555.82,31823.91,30,3933123,4370330,10269683712,36740034560
2025-05-14 06:38:17,37.746,3.687,0,0,49.90,30555.82,31823.91,30,3933324,4370531,10269683712,36740034560
2025-05-14 06:38:17,39.175,3.707,0,0,79.90,30555.82,31823.91,30,3933521,4370729,10269683712,36740034560
2025-05-14 06:38:17,39.807,3.749,0,0,39.90,30555.82,31823.91,30,3933723,4370930,10269683712,36740034560
2025-05-14 06:38:17,39.710,3.697,0,0,59.90,30555.82,31823.91,30,3933924,4371131,10269683712,36740034560
2025-05-14 06:38:18,41.181,3.976,110592,0,149.80,30555.82,31879.93,37,3934249,4371431,10275827712,36740579328
2025-05-14 06:38:18,43.608,4.422,6033408,544768,149.70,30555.82,31879.93,37,3934450,4371632,10275827712,36740579328
2025-05-14 06:38:18,42.890,4.580,8192,12288,209.60,30555.82,31879.93,37,3934666,4371849,10275835904,36740591616
2025-05-14 06:38:18,43.432,4.393,0,0,199.60,30555.82,31879.93,37,3934870,4372053,10275835904,36740591616
2025-05-14 06:38:18,45.193,4.740,0,0,169.70,30555.82,31879.93,37,3935071,4372254,10275835904,36740591616
2025-05-14 06:38:19,40.975,3.924,0,0,159.80,30555.82,31879.93,37,3935272,4372455,10275835904,36740591616
2025-05-14 06:38:19,42.982,4.381,0,0,169.70,30555.82,31879.93,37,3935472,4372655,10275835904,36740591616
2025-05-14 06:38:19,42.540,3.793,0,0,169.70,30555.82,31879.93,37,3935674,4372857,10275835904,36740591616
2025-05-14 06:38:19,42.211,3.851,0,0,169.70,30555.82,31879.93,37,3935875,4373058,10275835904,36740591616
2025-05-14 06:38:19,42.365,3.782,0,0,159.70,30555.82,31879.93,37,3936076,4373259,10275835904,36740591616
2025-05-14 06:38:20,42.575,3.815,0,0,149.70,30555.82,31879.93,37,3936285,4373469,10275835904,36740595712
2025-05-14 06:38:20,42.778,3.979,0,4096,149.70,30555.82,31879.93,37,3936486,4373670,10275835904,36740595712
2025-05-14 06:38:20,42.145,3.806,0,4096,149.80,30555.82,31879.93,37,3936690,4373875,10275835904,36740599808
2025-05-14 06:38:20,42.152,3.880,0,0,159.70,30555.82,31879.93,37,3936891,4374076,10275835904,36740599808
2025-05-14 06:38:20,42.399,3.787,0,0,169.70,30555.82,31879.93,37,3937092,4374277,10275835904,36740599808
2025-05-14 06:38:21,42.199,3.874,0,0,159.70,30555.82,31879.93,37,3937293,4374478,10275835904,36740599808
2025-05-14 06:38:21,42.238,3.771,0,0,149.70,30555.82,31879.93,37,3937494,4374679,10275835904,36740599808
2025-05-14 06:38:21,41.919,3.803,0,0,169.70,30555.82,31879.93,37,3937695,4374880,10275835904,36740599808
2025-05-14 06:38:21,42.190,3.796,0,0,169.70,30555.82,31879.93,37,3937896,4375081,10275835904,36740599808
2025-05-14 06:38:21,42.405,3.934,0,0,169.70,30555.82,31879.93,37,3938097,4375282,10275835904,36740599808
2025-05-14 06:38:22,42.133,3.854,0,0,149.80,30555.82,31879.93,37,3938298,4375483,10275835904,36740599808
2025-05-14 06:38:22,42.472,3.850,0,0,159.70,30555.82,31879.93,37,3938500,4375685,10275835904,36740599808
2025-05-14 06:38:22,42.157,3.841,0,0,149.80,30555.82,31879.93,37,3938701,4375886,10275835904,36740599808
2025-05-14 06:38:22,42.035,3.811,0,0,159.70,30555.82,31879.93,37,3938901,4376086,10275835904,36740599808
2025-05-14 06:38:22,42.076,3.781,0,0,159.70,30555.82,31879.93,37,3939102,4376287,10275835904,36740599808
2025-05-14 06:38:23,41.708,3.900,0,0,129.80,30555.82,31879.93,37,3939304,4376489,10275835904,36740599808
2025-05-14 06:38:23,40.836,4.139,16384,0,149.70,30555.82,31879.93,37,3939517,4376698,10275864576,36740599808
2025-05-14 06:38:23,41.412,3.937,53248,0,159.70,30555.82,31879.93,37,3939744,4376922,10275926016,36740612096
2025-05-14 06:38:23,41.911,3.869,180224,12288,159.70,30555.82,31879.93,37,3939962,4377135,10276085760,36740612096
2025-05-14 06:38:23,42.571,3.822,0,0,159.70,30555.82,31879.93,37,3940169,4377340,10276102144,36740612096
2025-05-14 06:38:24,41.780,3.887,45056,0,159.70,30555.82,31879.93,37,3940385,4377551,10276225024,36740612096
2025-05-14 06:38:24,41.679,3.829,94208,0,139.80,30555.82,31879.93,37,3940601,4377762,10276282368,36740612096
2025-05-14 06:38:24,41.392,3.861,176128,0,159.70,30555.82,31879.93,37,3940808,4377967,10276401152,36740612096
2025-05-14 06:38:24,42.445,3.803,0,0,139.70,30555.82,31879.93,37,3941009,4378168,10276401152,36740612096
2025-05-14 06:38:24,40.023,3.743,0,0,59.90,30555.82,31879.93,37,3941210,4378369,10276401152,36740612096
2025-05-14 06:38:25,38.127,3.747,0,0,299.40,30555.82,31879.93,37,3941434,4378583,10276470784,36740612096
2025-05-14 06:38:25,46.704,4.602,94208,1265664,409.30,30555.82,31879.93,37,3941811,4378960,10277052416,36742098944
2025-05-14 06:38:25,50.262,4.981,589824,380928,289.50,30555.82,31879.93,37,3942147,4379287,10277085184,36742373376
2025-05-14 06:38:25,48.685,4.528,122880,114688,529.10,30555.82,31879.93,37,3942466,4379600,10277330944,36742938624
2025-05-14 06:38:25,51.543,5.147,344064,749568,588.90,30555.85,31879.93,37,3942954,4380056,10277724160,36743319552
2025-05-14 06:38:26,50.151,5.133,638976,638976,379.30,30555.85,31879.93,37,3943387,4380467,10278580224,36743852032
2025-05-14 06:38:26,45.948,4.689,389120,90112,69.90,30555.85,31879.93,37,3943587,4380667,10278580224,36743852032
2025-05-14 06:38:26,47.357,4.298,0,0,49.90,30555.85,31879.93,37,3943789,4380869,10278580224,36743852032
2025-05-14 06:38:26,40.196,3.808,0,0,69.90,30555.85,31879.93,37,3943981,4381061,10278580224,36743852032
2025-05-14 06:38:26,45.849,3.799,0,0,49.90,30555.85,31879.93,37,3944182,4381262,10278580224,36743852032
2025-05-14 06:38:27,43.647,3.690,0,0,49.90,30555.85,31879.93,37,3944382,4381462,10278580224,36743852032
2025-05-14 06:38:27,43.467,3.826,0,0,59.90,30555.85,31879.93,37,3944584,4381664,10278580224,36743852032
2025-05-14 06:38:27,41.151,3.820,0,4096,239.60,30555.85,31879.93,37,3944781,4381862,10278580224,36743856128
2025-05-14 06:38:27,46.352,4.428,0,0,169.60,30555.85,31879.93,37,3944977,4382058,10278580224,36743856128
2025-05-14 06:38:27,46.619,4.543,0,0,169.70,30555.85,31879.93,37,3945170,4382251,10278580224,36743856128
2025-05-14 06:38:28,43.967,4.275,0,0,229.60,30555.85,31879.93,37,3945374,4382455,10278580224,36743856128
2025-05-14 06:38:28,44.334,4.033,0,0,229.60,30555.85,31879.93,37,3945582,4382665,10278584320,36743880704
2025-05-14 06:38:28,44.396,3.982,4096,24576,239.50,30555.85,31879.93,37,3945783,4382866,10278584320,36743880704
2025-05-14 06:38:28,44.884,4.016,0,0,249.50,30555.85,31879.93,37,3945983,4383066,10278584320,36743880704
2025-05-14 06:38:28,44.575,4.004,0,12288,239.60,30555.85,31879.93,37,3946189,4383275,10278584320,36743892992
2025-05-14 06:38:29,44.356,4.018,0,0,239.50,30555.85,31879.93,37,3946391,4383476,10278584320,36743892992
2025-05-14 06:38:29,44.457,4.038,0,0,229.60,30555.85,31879.93,37,3946592,4383677,10278584320,36743892992
2025-05-14 06:38:29,44.266,4.082,0,0,229.60,30555.85,31879.93,37,3946793,4383878,10278584320,36743892992
2025-05-14 06:38:29,44.144,4.029,0,0,259.60,30555.85,31879.93,37,3946994,4384079,10278584320,36743892992
2025-05-14 06:38:29,44.702,3.979,0,0,219.60,30555.85,31879.93,37,3947195,4384281,10278584320,36743892992
2025-05-14 06:38:30,44.870,3.994,0,0,229.60,30555.85,31879.93,37,3947397,4384482,10278584320,36743892992
2025-05-14 06:38:30,44.460,4.021,0,0,226.20,30555.85,31879.93,37,3947602,4384687,10278584320,36743892992
2025-05-14 06:38:30,44.573,4.026,0,0,229.60,30555.85,31879.93,37,3947803,4384888,10278584320,36743892992
2025-05-14 06:38:30,44.698,4.068,0,0,239.60,30555.85,31879.93,37,3948003,4385088,10278584320,36743892992
2025-05-14 06:38:30,44.335,4.059,0,0,249.50,30555.85,31879.93,37,3948205,4385290,10278584320,36743892992
2025-05-14 06:38:31,44.298,3.959,0,0,229.60,30555.85,31879.93,37,3948406,4385491,10278584320,36743892992
2025-05-14 06:38:31,44.410,4.001,0,0,239.60,30555.85,31879.93,37,3948607,4385692,10278584320,36743892992
2025-05-14 06:38:31,44.558,4.015,0,0,169.70,30555.85,31879.93,37,3948809,4385894,10278584320,36743892992
2025-05-14 06:38:31,42.587,3.946,0,0,149.80,30555.85,31879.93,37,3949011,4386096,10278584320,36743892992
2025-05-14 06:38:31,42.923,3.943,0,0,169.70,30555.85,31879.93,37,3949212,4386297,10278584320,36743892992
2025-05-14 06:38:32,42.887,4.191,0,24576,219.60,30555.85,31879.93,37,3949422,4386510,10278584320,36743917568
2025-05-14 06:38:32,43.527,4.406,0,0,209.60,30555.85,31879.93,37,3949623,4386711,10278584320,36743917568
2025-05-14 06:38:32,43.297,4.561,0,0,159.70,30555.85,31879.93,37,3949824,4386912,10278584320,36743917568
2025-05-14 06:38:32,42.010,3.858,0,0,179.70,30555.85,31879.93,37,3950024,4387112,10278584320,36743917568
2025-05-14 06:38:32,42.406,3.774,0,0,149.80,30555.85,31879.93,37,3950229,4387319,10278584320,36743925760
2025-05-14 06:38:33,42.207,3.818,0,8192,189.70,30555.85,31879.93,37,3950431,4387521,10278584320,36743925760
2025-05-14 06:38:33,42.231,3.824,0,0,139.80,30555.85,31879.93,37,3950632,4387722,10278584320,36743925760
2025-05-14 06:38:33,42.115,4.082,0,0,99.90,30555.85,31879.93,37,3950833,4387923,10278584320,36743925760
2025-05-14 06:38:33,41.488,4.112,0,0,149.70,30555.85,31879.93,37,3951034,4388124,10278584320,36743925760
2025-05-14 06:38:33,42.508,3.900,0,0,169.70,30555.85,31879.93,37,3951235,4388325,10278584320,36743925760
2025-05-14 06:38:34,42.348,3.846,0,0,239.60,30555.85,31879.93,37,3951437,4388527,10278584320,36743925760
2025-05-14 06:38:34,41.756,4.081,0,0,149.70,30555.85,31879.93,37,3951638,4388728,10278584320,36743925760
2025-05-14 06:38:34,41.803,3.799,0,0,139.80,30555.85,31879.93,37,3951838,4388928,10278584320,36743925760
2025-05-14 06:38:34,41.939,3.900,0,0,159.70,30555.85,31879.93,37,3952039,4389129,10278584320,36743925760
2025-05-14 06:38:35,42.500,3.812,0,0,99.80,30555.85,31879.93,37,3952240,4389330,10278584320,36743925760
2025-05-14 06:38:35,39.773,3.776,0,0,39.90,30555.85,31879.93,37,3952445,4389535,10278584320,36743925760
2025-05-14 06:38:35,43.663,4.019,0,0,429.20,30555.85,31879.93,37,3952638,4389728,10278584320,36743925760
2025-05-14 06:38:35,47.424,4.872,0,0,409.20,30555.85,31879.93,37,3952838,4389928,10278584320,36743925760
2025-05-14 06:38:35,45.426,4.709,0,0,299.40,30555.85,31879.93,37,3953044,4390134,10278584320,36743925760
2025-05-14 06:38:36,46.003,4.481,0,0,339.30,30555.85,31879.93,37,3953242,4390332,10278584320,36743925760
2025-05-14 06:38:36,46.198,4.436,0,3170304,89.80,30555.85,31879.93,37,3953713,4390852,10278588416,36747096064
2025-05-14 06:38:36,42.944,3.996,4096,425984,39.90,30555.85,31879.93,37,3953964,4391134,10278588416,36747530240
2025-05-14 06:38:36,39.217,3.670,0,8192,59.90,30555.85,31879.93,37,3954164,4391334,10278588416,36747530240
2025-05-14 06:38:36,41.843,3.647,0,0,49.90,30555.85,31879.93,37,3954366,4391536,10278588416,36747530240
2025-05-14 06:38:37,39.257,3.699,0,0,79.80,30555.85,31879.93,37,3954567,4391737,10278588416,36747530240
2025-05-14 06:38:37,37.635,3.680,0,90112,69.90,30555.85,31879.93,37,3954788,4391966,10278588416,36747636736
2025-05-14 06:38:37,36.991,3.633,0,16384,59.90,30555.85,31879.93,37,3954989,4392167,10278588416,36747636736
2025-05-14 06:38:37,38.542,3.573,0,0,49.90,30555.85,31879.93,37,3955191,4392369,10278588416,36747636736
2025-05-14 06:38:37,40.440,3.623,0,0,109.80,30555.85,31879.93,37,3955399,4392574,10278703104,36747636736
2025-05-14 06:38:38,42.475,3.986,114688,0,189.70,30555.85,31879.93,37,3955623,4392795,10278748160,36747665408
2025-05-14 06:38:38,43.398,4.268,53248,585728,159.70,30555.85,31879.93,37,3956027,4393175,10278756352,36748447744
2025-05-14 06:38:38,40.337,3.950,0,512000,99.80,30555.85,31879.93,37,3956251,4393403,10278760448,36748754944
2025-05-14 06:38:38,40.362,3.877,4096,299008,59.90,30555.85,31879.93,37,3956462,4393619,10278760448,36749033472
2025-05-14 06:38:38,41.161,3.663,0,0,49.90,30555.85,31879.93,37,3956663,4393820,10278760448,36749033472
2025-05-14 06:38:39,40.081,3.728,0,0,109.80,30555.85,31879.93,37,3956864,4394021,10278760448,36749033472
2025-05-14 06:38:39,45.691,4.496,0,0,79.90,30555.85,31879.93,37,3957066,4394223,10278760448,36749033472
2025-05-14 06:38:39,43.071,4.261,0,0,59.90,30555.85,31879.93,37,3957267,4394424,10278760448,36749033472
2025-05-14 06:38:39,38.470,3.807,0,0,69.90,30555.85,31879.93,37,3957468,4394625,10278760448,36749033472
2025-05-14 06:38:39,40.873,3.696,0,0,49.90,30555.85,31879.93,37,3957669,4394826,10278760448,36749033472
2025-05-14 06:38:40,41.163,3.927,0,0,49.90,30555.85,31879.93,37,3957871,4395028,10278760448,36749033472
2025-05-14 06:38:40,42.431,3.904,0,0,69.90,30555.85,31879.93,37,3958072,4395229,10278760448,36749033472
2025-05-14 06:38:40,41.987,4.047,4096,12288,179.60,30555.85,31879.93,37,3958284,4395443,10278764544,36749045760
2025-05-14 06:38:40,44.870,4.207,0,0,169.70,30555.85,31879.93,37,3958488,4395647,10278764544,36749045760
2025-05-14 06:38:40,46.009,4.065,0,0,189.70,30555.85,31879.93,37,3958684,4395843,10278764544,36749045760
2025-05-14 06:38:41,44.493,3.998,0,0,159.70,30555.85,31879.93,37,3958884,4396043,10278764544,36749045760
2025-05-14 06:38:41,42.857,3.889,0,0,169.70,30555.85,31879.93,37,3959085,4396244,10278764544,36749045760
2025-05-14 06:38:41,42.094,3.789,0,0,159.80,30555.85,31879.93,37,3959286,4396445,10278764544,36749045760
2025-05-14 06:38:41,42.461,3.824,0,0,149.70,30555.85,31879.93,37,3959487,4396646,10278764544,36749045760
2025-05-14 06:38:41,43.986,3.908,0,0,159.70,30555.85,31879.93,37,3959686,4396845,10278764544,36749045760
2025-05-14 06:38:42,42.471,3.857,0,0,159.70,30555.85,31879.93,37,3959887,4397046,10278764544,36749045760
2025-05-14 06:38:42,42.956,3.916,0,0,169.70,30555.85,31879.93,37,3960088,4397247,10278764544,36749045760
2025-05-14 06:38:42,42.340,3.808,0,4096,159.70,30555.85,31879.93,37,3960292,4397452,10278764544,36749049856
2025-05-14 06:38:42,42.182,3.801,0,0,149.70,30555.85,31879.93,37,3960490,4397650,10278764544,36749049856
2025-05-14 06:38:42,45.109,3.994,0,0,159.70,30555.85,31879.93,37,3960689,4397849,10278764544,36749049856
2025-05-14 06:38:43,42.217,3.776,0,0,159.70,30555.85,31879.93,37,3960890,4398050,10278764544,36749049856
2025-05-14 06:38:43,42.194,3.902,0,0,59.90,30555.85,31879.93,37,3961089,4398249,10278764544,36749049856
2025-05-14 06:38:43,41.717,3.756,0,0,169.70,30555.85,31879.93,37,3961291,4398451,10278764544,36749049856
2025-05-14 06:38:43,43.057,4.041,0,0,69.90,30555.85,31879.93,37,3961490,4398650,10278764544,36749049856
2025-05-14 06:38:43,45.277,4.009,0,0,49.90,30555.85,31879.93,37,3961676,4398836,10278764544,36749049856
2025-05-14 06:38:44,42.283,3.810,0,0,39.90,30555.85,31879.93,37,3961877,4399037,10278764544,36749049856
2025-05-14 06:38:44,39.914,3.640,0,0,69.90,30555.85,31879.93,37,3962078,4399238,10278764544,36749049856
2025-05-14 06:38:44,39.324,3.641,0,0,49.90,30555.85,31879.93,37,3962279,4399439,10278764544,36749049856
2025-05-14 06:38:44,38.046,3.669,0,0,49.90,30555.85,31879.93,37,3962480,4399640,10278764544,36749049856
2025-05-14 06:38:44,39.680,3.717,0,0,49.90,30555.85,31879.93,37,3962681,4399841,10278764544,36749049856
2025-05-14 06:38:45,38.017,3.738,0,0,89.80,30555.85,31879.93,37,3962882,4400042,10278764544,36749049856
2025-05-14 06:38:45,41.383,3.922,0,2330624,69.90,30555.85,31879.93,37,3963236,4400441,10278764544,36751380480
2025-05-14 06:38:45,37.798,3.681,0,0,69.90,30555.85,31879.93,37,3963437,4400642,10278764544,36751380480
2025-05-14 06:38:45,38.306,3.665,0,0,39.90,30555.85,31879.93,37,3963638,4400843,10278764544,36751380480
2025-05-14 06:38:45,40.558,3.667,0,0,69.90,30555.85,31879.93,37,3963839,4401044,10278764544,36751380480
2025-05-14 06:38:46,38.435,3.665,0,0,49.90,30555.85,31879.93,37,3964041,4401246,10278764544,36751380480
2025-05-14 06:38:46,38.865,3.659,0,0,99.90,30555.85,31879.93,37,3964239,4401444,10278764544,36751380480
2025-05-14 06:38:46,43.731,4.188,0,0,129.80,30555.85,31879.93,37,3964440,4401645,10278764544,36751380480
2025-05-14 06:38:46,42.795,4.482,0,0,159.70,30555.85,31879.93,37,3964639,4401844,10278764544,36751380480
2025-05-14 06:38:46,45.297,4.027,0,0,159.70,30555.85,31879.93,37,3964836,4402041,10278764544,36751380480
2025-05-14 06:38:47,42.320,3.874,0,0,149.70,30555.85,31879.93,37,3965037,4402242,10278764544,36751380480
2025-05-14 06:38:47,42.148,3.776,0,0,159.80,30555.85,31879.93,37,3965235,4402440,10278764544,36751380480
2025-05-14 06:38:47,42.367,3.852,0,0,149.80,30555.85,31879.93,37,3965445,4402653,10278764544,36751392768
2025-05-14 06:38:47,42.430,3.857,0,12288,169.70,30555.85,31879.93,37,3965645,4402854,10278764544,36751392768
2025-05-14 06:38:47,42.028,3.892,0,0,149.70,30555.85,31879.93,37,3965847,4403055,10278764544,36751392768
2025-05-14 06:38:48,42.476,3.808,0,0,149.80,30555.85,31879.93,37,3966048,4403256,10278764544,36751392768
2025-05-14 06:38:48,42.695,3.864,0,0,159.70,30555.85,31879.93,37,3966249,4403457,10278764544,36751392768
2025-05-14 06:38:48,42.728,3.900,0,4096,149.80,30555.85,31879.93,37,3966453,4403662,10278764544,36751396864
2025-05-14 06:38:48,42.429,3.803,0,0,159.80,30555.85,31879.93,37,3966653,4403862,10278764544,36751396864
2025-05-14 06:38:48,42.403,3.835,0,0,149.80,30555.85,31879.93,37,3966855,4404064,10278764544,36751396864
2025-05-14 06:38:49,41.849,3.857,0,0,169.70,30555.85,31879.93,37,3967056,4404265,10278764544,36751396864
2025-05-14 06:38:49,42.327,3.850,0,0,169.70,30555.85,31879.93,37,3967257,4404466,10278764544,36751396864
2025-05-14 06:38:49,41.977,3.800,0,0,159.80,30555.85,31879.93,37,3967458,4404667,10278764544,36751396864
2025-05-14 06:38:49,42.214,3.837,0,0,159.70,30555.85,31879.93,37,3967660,4404869,10278764544,36751396864
2025-05-14 06:38:49,43.286,3.779,0,0,159.80,30555.85,31879.93,37,3967861,4405070,10278764544,36751396864
2025-05-14 06:38:50,42.312,3.820,0,0,159.80,30555.85,31879.93,37,3968062,4405271,10278764544,36751396864
2025-05-14 06:38:50,42.432,3.796,0,0,159.70,30555.85,31879.93,37,3968263,4405472,10278764544,36751396864
2025-05-14 06:38:50,42.068,3.768,0,0,179.70,30555.85,31879.93,37,3968464,4405673,10278764544,36751396864
2025-05-14 06:38:50,41.709,3.797,0,0,149.80,30555.85,31879.93,37,3968664,4405873,10278764544,36751396864
2025-05-14 06:38:50,42.359,3.821,0,0,179.70,30555.85,31879.93,37,3968865,4406074,10278764544,36751396864
2025-05-14 06:38:51,42.371,3.851,0,0,139.80,30555.85,31879.93,37,3969071,4406280,10278764544,36751396864
2025-05-14 06:38:51,41.657,4.245,0,0,109.80,30555.85,31879.93,37,3969272,4406481,10278764544,36751396864
2025-05-14 06:38:51,41.082,3.923,0,0,149.80,30555.85,31879.93,37,3969473,4406682,10278764544,36751396864
2025-05-14 06:38:51,41.640,3.904,0,0,159.70,30555.85,31879.93,37,3969674,4406883,10278764544,36751396864
2025-05-14 06:38:51,43.103,3.951,0,0,139.80,30555.85,31879.93,37,3969875,4407084,10278764544,36751396864
2025-05-14 06:38:52,42.137,4.039,0,0,159.70,30555.85,31879.93,37,3970076,4407285,10278764544,36751396864
2025-05-14 06:38:52,41.882,3.842,0,0,139.80,30555.85,31879.93,37,3970278,4407487,10278764544,36751396864
2025-05-14 06:38:52,42.105,3.793,0,0,149.70,30555.85,31879.93,37,3970479,4407688,10278764544,36751396864
2025-05-14 06:38:52,41.299,3.762,0,4096,49.90,30555.85,31879.93,37,3970681,4407891,10278764544,36751400960
2025-05-14 06:38:52,38.799,3.710,0,0,249.60,30555.85,31879.93,37,3970876,4408086,10278764544,36751400960
2025-05-14 06:38:53,46.793,4.439,0,0,369.30,30555.85,31879.93,37,3971076,4408286,10278764544,36751400960
2025-05-14 06:38:53,47.164,4.808,0,0,249.50,30555.85,31879.93,37,3971277,4408487,10278764544,36751400960
2025-05-14 06:38:53,46.846,4.508,0,0,329.40,30555.85,31879.93,37,3971478,4408688,10278764544,36751400960
2025-05-14 06:38:53,43.979,4.275,0,0,59.90,30555.85,31879.93,37,3971676,4408886,10278764544,36751400960
2025-05-14 06:38:53,44.403,3.931,0,0,59.90,30555.85,31879.93,37,3971877,4409087,10278764544,36751400960
2025-05-14 06:38:54,40.240,3.781,0,0,49.90,30555.85,31879.93,37,3972079,4409289,10278764544,36751400960
2025-05-14 06:38:54,38.520,3.725,0,0,49.90,30555.85,31879.93,37,3972280,4409490,10278764544,36751400960
2025-05-14 06:38:54,39.375,3.814,0,0,69.90,30555.85,31879.93,37,3972481,4409691,10278764544,36751400960
2025-05-14 06:38:54,38.694,3.729,0,0,59.90,30555.85,31879.93,37,3972681,4409891,10278764544,36751400960
2025-05-14 06:38:54,38.385,3.734,0,0,49.90,30555.85,31879.93,37,3972882,4410092,10278764544,36751400960
2025-05-14 06:38:55,39.783,3.789,0,0,59.90,30555.82,31799.89,23,3973084,4410294,10278764544,36751400960
2025-05-14 06:38:55,39.725,3.692,0,0,139.80,30555.81,31759.88,18,3973285,4410495,10278764544,36751400960
2025-05-14 06:38:55,42.313,4.072,0,0,149.70,30555.81,31759.88,18,3973486,4410696,10278764544,36751400960
2025-05-14 06:38:55,42.546,4.047,0,0,59.90,30555.81,31759.88,18,3973695,4410902,10278764544,36751400960
2025-05-14 06:38:55,40.215,3.789,0,0,69.90,30555.81,31759.88,18,3973897,4411104,10278764544,36751400960
2025-05-14 06:38:56,39.547,3.813,0,0,69.90,30555.81,31759.88,18,3974098,4411305,10278764544,36751400960
2025-05-14 06:38:56,38.524,3.656,0,0,69.90,30555.81,31759.88,18,3974299,4411506,10278764544,36751400960
2025-05-14 06:38:56,42.643,4.192,0,0,59.90,30555.81,31759.88,18,3974496,4411703,10278764544,36751400960
2025-05-14 06:38:56,47.818,4.348,0,0,39.90,30555.81,31759.88,18,3974694,4411901,10278764544,36751400960
2025-05-14 06:38:56,42.422,3.887,0,0,89.80,30555.81,31759.88,18,3974900,4412107,10278764544,36751400960
2025-05-14 06:38:57,40.427,3.961,0,0,79.90,30555.81,31759.88,18,3975101,4412308,10278764544,36751400960
2025-05-14 06:38:57,38.924,3.823,0,0,59.90,30555.81,31759.88,18,3975302,4412509,10278764544,36751400960
2025-05-14 06:38:57,38.911,3.785,0,0,89.80,30555.79,31751.87,17,3975504,4412711,10278764544,36751400960
2025-05-14 06:38:57,43.576,4.231,0,12288,169.70,30555.79,31751.87,17,3975723,4412933,10278764544,36751413248
2025-05-14 06:38:57,48.162,4.085,0,0,139.70,30555.79,31751.87,17,3975917,4413127,10278764544,36751413248
2025-05-14 06:38:58,46.658,3.943,0,0,159.70,30555.79,31751.87,17,3976118,4413328,10278764544,36751413248
2025-05-14 06:38:58,43.059,3.897,0,0,159.70,30555.79,31751.87,17,3976319,4413529,10278764544,36751413248
2025-05-14 06:38:58,42.607,3.952,0,0,149.70,30555.79,31751.87,17,3976520,4413730,10278764544,36751413248
2025-05-14 06:38:58,43.096,3.927,0,0,149.70,30555.79,31751.87,17,3976720,4413930,10278764544,36751413248
2025-05-14 06:38:58,42.891,3.909,0,0,159.70,30555.79,31751.87,17,3976921,4414131,10278764544,36751413248
2025-05-14 06:38:59,42.716,3.906,0,0,159.70,30555.79,31751.87,17,3977123,4414333,10278764544,36751413248
2025-05-14 06:38:59,42.573,3.795,0,0,149.80,30555.79,31751.87,17,3977324,4414534,10278764544,36751413248
2025-05-14 06:38:59,42.571,3.884,0,0,159.70,30555.79,31751.87,17,3977525,4414735,10278764544,36751413248
2025-05-14 06:38:59,43.209,3.816,0,0,159.70,30555.79,31751.87,17,3977726,4414936,10278764544,36751413248
2025-05-14 06:38:59,42.734,3.828,0,0,149.70,30555.79,31751.87,17,3977927,4415137,10278764544,36751413248
2025-05-14 06:39:00,42.799,3.912,0,1241088,159.70,30555.79,31751.87,17,3978150,4415370,10278764544,36752654336
2025-05-14 06:39:00,42.630,3.851,0,0,149.70,30555.79,31751.87,17,3978356,4415576,10278764544,36752654336
2025-05-14 06:39:00,42.207,3.920,0,0,69.90,30555.79,31751.87,17,3978557,4415777,10278764544,36752654336
2025-05-14 06:39:00,41.445,3.823,0,0,119.80,30555.79,31751.87,17,3978756,4415976,10278764544,36752654336
2025-05-14 06:39:00,47.785,4.223,0,0,159.70,30555.79,31751.87,17,3978962,4416182,10278764544,36752654336
2025-05-14 06:39:01,46.157,4.258,0,0,49.90,30555.79,31751.87,17,3979160,4416380,10278764544,36752654336
2025-05-14 06:39:01,43.930,3.918,0,0,39.90,30555.79,31751.87,17,3979361,4416581,10278764544,36752654336
2025-05-14 06:39:01,40.952,3.738,0,0,59.90,30555.79,31751.87,17,3979562,4416782,10278764544,36752654336
2025-05-14 06:39:01,40.268,3.730,0,0,49.90,30555.79,31751.87,17,3979762,4416982,10278764544,36752654336
2025-05-14 06:39:01,40.759,3.807,0,0,59.90,30555.79,31751.87,17,3979964,4417184,10278764544,36752654336
2025-05-14 06:39:02,39.298,3.952,0,0,59.90,30555.79,31751.87,17,3980165,4417385,10278764544,36752654336
2025-05-14 06:39:02,39.232,3.793,0,0,79.90,30555.79,31751.87,17,3980366,4417586,10278764544,36752654336
2025-05-14 06:39:02,39.780,3.777,0,49152,69.90,30555.79,31751.87,17,3980576,4417799,10278764544,36752703488
2025-05-14 06:39:02,38.863,3.730,0,0,69.90,30555.79,31751.87,17,3980776,4417999,10278764544,36752703488
2025-05-14 06:39:02,36.927,3.714,0,0,69.90,30555.79,31751.87,17,3980977,4418200,10278764544,36752703488
2025-05-14 06:39:03,38.519,3.732,0,0,49.90,30555.79,31751.87,17,3981178,4418401,10278764544,36752703488
2025-05-14 06:39:03,39.476,3.706,0,0,59.90,30555.79,31751.87,17,3981380,4418603,10278764544,36752703488
2025-05-14 06:39:03,39.210,3.687,0,0,129.70,30555.79,31751.87,17,3981581,4418804,10278764544,36752703488
2025-05-14 06:39:03,45.194,4.434,0,0,139.70,30555.79,31751.87,17,3981781,4419004,10278764544,36752703488
2025-05-14 06:39:03,42.920,4.406,0,0,159.70,30555.79,31751.87,17,3981983,4419206,10278764544,36752703488
2025-05-14 06:39:04,42.737,3.960,0,0,159.70,30555.79,31751.87,17,3982184,4419407,10278764544,36752703488
2025-05-14 06:39:04,42.602,3.845,0,0,169.70,30555.79,31751.87,17,3982391,4419616,10278764544,36752711680
2025-05-14 06:39:04,42.558,3.888,0,8192,159.70,30555.79,31751.87,17,3982592,4419817,10278764544,36752711680
2025-05-14 06:39:04,43.576,3.902,0,0,149.70,30555.79,31751.87,17,3982790,4420015,10278764544,36752711680
2025-05-14 06:39:04,42.689,3.865,0,4096,159.70,30555.79,31751.87,17,3982994,4420220,10278764544,36752715776
2025-05-14 06:39:05,42.544,3.886,0,0,169.70,30555.79,31751.87,17,3983195,4420421,10278764544,36752715776
2025-05-14 06:39:05,43.062,4.012,0,1265664,159.70,30555.79,31751.87,17,3983424,4420670,10278764544,36754309120
2025-05-14 06:39:05,40.660,3.990,0,327680,169.70,30555.79,31751.87,17,3983625,4420871,10278764544,36754309120
2025-05-14 06:39:05,43.077,3.969,0,0,159.70,30555.79,31751.87,17,3983827,4421073,10278764544,36754309120
2025-05-14 06:39:05,42.490,3.963,0,0,169.70,30555.79,31751.87,17,3984028,4421274,10278764544,36754309120
2025-05-14 06:39:06,42.531,3.851,0,0,149.70,30555.79,31751.87,17,3984229,4421475,10278764544,36754309120
2025-05-14 06:39:06,42.704,3.883,0,0,169.70,30555.79,31751.87,17,3984430,4421676,10278764544,36754309120
2025-05-14 06:39:06,42.996,3.999,0,0,159.70,30555.79,31751.87,17,3984631,4421877,10278764544,36754309120
2025-05-14 06:39:06,42.769,3.894,0,0,169.70,30555.79,31751.87,17,3984831,4422077,10278764544,36754309120
2025-05-14 06:39:06,42.327,3.883,0,0,159.70,30555.79,31751.87,17,3985032,4422278,10278764544,36754309120
2025-05-14 06:39:07,42.725,3.946,0,0,159.70,30555.79,31751.87,17,3985233,4422479,10278764544,36754309120
2025-05-14 06:39:07,42.598,3.891,0,0,149.70,30555.79,31751.87,17,3985435,4422681,10278764544,36754309120
2025-05-14 06:39:07,42.402,3.854,0,0,169.70,30555.79,31751.87,17,3985636,4422882,10278764544,36754309120
2025-05-14 06:39:07,42.355,3.846,0,0,159.70,30555.79,31751.87,17,3985837,4423083,10278764544,36754309120
2025-05-14 06:39:08,42.728,3.872,0,0,159.70,30555.79,31751.87,17,3986038,4423284,10278764544,36754309120
2025-05-14 06:39:08,42.329,3.921,0,0,179.70,30555.79,31751.87,17,3986239,4423485,10278764544,36754309120
2025-05-14 06:39:08,42.552,3.935,0,0,129.80,30555.79,31751.87,17,3986440,4423686,10278764544,36754309120
2025-05-14 06:39:08,42.456,4.282,0,0,119.80,30555.79,31751.87,17,3986640,4423886,10278764544,36754309120
2025-05-14 06:39:08,42.011,3.997,0,0,149.80,30555.79,31751.87,17,3986841,4424087,10278764544,36754309120
2025-05-14 06:39:09,42.063,3.902,0,0,179.70,30555.79,31751.87,17,3987043,4424289,10278764544,36754309120
2025-05-14 06:39:09,40.704,3.900,0,0,149.80,30555.79,31751.87,17,3987244,4424490,10278764544,36754309120
2025-05-14 06:39:09,42.236,3.911,0,0,159.70,30555.79,31751.87,17,3987445,4424691,10278764544,36754309120
2025-05-14 06:39:09,41.238,3.888,0,0,159.70,30555.79,31751.87,17,3987646,4424892,10278764544,36754309120
2025-05-14 06:39:09,42.189,3.855,0,0,159.70,30555.79,31751.87,17,3987847,4425093,10278764544,36754309120
2025-05-14 06:39:10,42.028,3.857,0,0,69.90,30555.79,31751.87,17,3988048,4425294,10278764544,36754309120
2025-05-14 06:39:10,38.424,3.821,0,12288,219.60,30555.79,31751.87,17,3988254,4425503,10278764544,36754321408
2025-05-14 06:39:10,47.224,4.397,0,0,349.40,30555.79,31751.87,17,3988450,4425699,10278764544,36754321408
2025-05-14 06:39:10,48.845,4.842,0,0,99.80,30555.79,31751.87,17,3988647,4425896,10278764544,36754321408
2025-05-14 06:39:10,46.409,4.466,0,32768,369.30,30555.79,31751.87,17,3988842,4426093,10278764544,36754354176
2025-05-14 06:39:11,48.963,4.665,0,0,99.80,30555.79,31751.87,17,3989046,4426297,10278764544,36754354176
2025-05-14 06:39:11,45.528,4.155,0,0,49.90,30555.79,31751.87,17,3989247,4426498,10278764544,36754354176
2025-05-14 06:39:11,39.577,3.893,0,0,49.90,30555.79,31751.87,17,3989448,4426699,10278764544,36754354176
2025-05-14 06:39:11,40.039,3.741,0,0,59.90,30555.79,31751.87,17,3989650,4426901,10278764544,36754354176
2025-05-14 06:39:11,40.910,3.756,0,0,59.90,30555.79,31751.87,17,3989851,4427102,10278764544,36754354176
2025-05-14 06:39:12,39.207,3.743,0,0,79.90,30555.79,31751.87,17,3990052,4427303,10278764544,36754354176
2025-05-14 06:39:12,38.608,3.730,0,0,59.90,30555.79,31751.87,17,3990253,4427504,10278764544,36754354176
2025-05-14 06:39:12,41.340,3.740,0,0,59.90,30555.79,31751.87,17,3990454,4427705,10278764544,36754354176
2025-05-14 06:39:12,39.016,3.704,0,0,139.80,30555.79,31751.87,17,3990654,4427905,10278764544,36754354176
2025-05-14 06:39:12,44.408,4.162,0,0,199.70,30555.79,31751.87,17,3990856,4428104,10278764544,36754354176
2025-05-14 06:39:13,41.273,4.126,0,0,49.90,30555.79,31751.87,17,3991057,4428305,10278764544,36754354176
2025-05-14 06:39:13,37.904,3.811,0,0,69.90,30555.79,31751.87,17,3991258,4428506,10278764544,36754354176
2025-05-14 06:39:13,40.121,3.826,0,0,59.90,30555.79,31751.87,17,3991459,4428707,10278764544,36754354176
2025-05-14 06:39:13,38.706,3.720,0,0,59.90,30555.79,31751.87,17,3991661,4428909,10278764544,36754354176
2025-05-14 06:39:13,44.399,4.154,0,0,69.90,30555.79,31751.87,17,3991862,4429110,10278764544,36754354176
2025-05-14 06:39:14,44.668,4.377,0,0,49.90,30555.79,31751.87,17,3992063,4429311,10278764544,36754354176
2025-05-14 06:39:14,40.436,3.997,0,0,89.90,30555.79,31751.87,17,3992264,4429512,10278764544,36754354176
2025-05-14 06:39:14,39.936,3.923,0,0,49.90,30555.79,31751.87,17,3992466,4429714,10278764544,36754354176
2025-05-14 06:39:14,38.119,3.778,0,0,49.20,30555.79,31751.87,17,3992667,4429915,10278764544,36754354176
2025-05-14 06:39:14,43.403,3.777,0,0,39.90,30555.79,31751.87,17,3992869,4430117,10278764544,36754354176
2025-05-14 06:39:15,43.523,3.802,0,0,99.80,30555.79,31751.87,17,3993074,4430323,10278764544,36754358272
2025-05-14 06:39:15,44.810,4.260,0,4096,169.70,30555.79,31751.87,17,3993275,4430524,10278764544,36754358272
2025-05-14 06:39:15,44.400,4.020,0,0,169.70,30555.79,31751.87,17,3993474,4430723,10278764544,36754358272
2025-05-14 06:39:15,44.442,4.058,0,0,159.70,30555.79,31751.87,17,3993676,4430925,10278764544,36754358272
2025-05-14 06:39:15,44.436,3.927,0,0,159.70,30555.79,31751.87,17,3993877,4431126,10278764544,36754358272
2025-05-14 06:39:16,42.270,3.958,0,0,159.70,30555.79,31751.87,17,3994078,4431327,10278764544,36754358272
2025-05-14 06:39:16,42.230,3.888,0,0,149.70,30555.79,31751.87,17,3994279,4431528,10278764544,36754358272
2025-05-14 06:39:16,42.439,3.879,0,0,149.70,30555.79,31751.87,17,3994480,4431729,10278764544,36754358272
2025-05-14 06:39:16,42.362,3.895,0,0,149.70,30555.79,31751.87,17,3994680,4431929,10278764544,36754358272
2025-05-14 06:39:16,43.112,3.889,0,0,149.80,30555.79,31751.87,17,3994882,4432131,10278764544,36754358272
2025-05-14 06:39:17,42.796,3.901,0,0,159.70,30555.79,31751.87,17,3995083,4432332,10278764544,36754358272
2025-05-14 06:39:17,42.640,3.826,0,0,159.70,30555.79,31751.87,17,3995284,4432533,10278764544,36754358272
2025-05-14 06:39:17,41.106,3.897,0,0,159.70,30555.79,31751.87,17,3995485,4432734,10278764544,36754358272
2025-05-14 06:39:17,43.356,3.923,0,0,149.70,30555.79,31751.87,17,3995686,4432935,10278764544,36754358272
2025-05-14 06:39:17,43.520,3.846,0,0,159.70,30555.79,31751.87,17,3995887,4433136,10278764544,36754358272
2025-05-14 06:39:18,42.461,3.934,0,0,39.90,30555.79,31751.87,17,3996089,4433338,10278764544,36754358272
2025-05-14 06:39:18,41.214,3.872,0,0,169.70,30555.79,31751.87,17,3996290,4433539,10278764544,36754358272
2025-05-14 06:39:18,42.415,3.970,0,0,149.70,30555.79,31751.87,17,3996490,4433739,10278764544,36754358272
2025-05-14 06:39:18,40.968,3.918,0,0,49.90,30555.79,31751.87,17,3996688,4433937,10278764544,36754358272
2025-05-14 06:39:18,44.669,3.820,0,0,49.90,30555.79,31751.87,17,3996890,4434139,10278764544,36754358272
2025-05-14 06:39:19,43.150,3.748,0,0,59.90,30555.79,31751.87,17,3997091,4434340,10278764544,36754358272
2025-05-14 06:39:19,38.387,3.699,0,0,69.90,30555.79,31751.87,17,3997292,4434541,10278764544,36754358272
2025-05-14 06:39:19,37.856,3.670,0,0,59.90,30555.79,31751.87,17,3997493,4434742,10278764544,36754358272
2025-05-14 06:39:19,38.333,3.704,0,0,39.90,30555.79,31751.87,17,3997693,4434942,10278764544,36754358272
2025-05-14 06:39:19,40.831,3.806,0,0,89.80,30555.79,31751.87,17,3997895,4435144,10278764544,36754358272
2025-05-14 06:39:20,40.713,3.862,0,1622016,69.90,30555.79,31751.87,17,3998165,4435440,10278764544,36755992576
2025-05-14 06:39:20,38.155,3.773,0,12288,59.90,30555.79,31751.87,17,3998366,4435641,10278764544,36755992576
2025-05-14 06:39:20,37.876,3.742,0,4096,59.90,30555.79,31751.87,17,3998570,4435846,10278764544,36755996672
2025-05-14 06:39:20,38.367,3.678,0,0,49.90,30555.79,31751.87,17,3998769,4436045,10278764544,36755996672
2025-05-14 06:39:20,39.789,3.750,0,0,59.90,30555.79,31751.87,17,3998973,4436249,10278764544,36755996672
2025-05-14 06:39:21,39.481,3.824,0,4096,99.80,30555.79,31751.87,17,3999176,4436453,10278764544,36756000768
2025-05-14 06:39:21,43.738,4.390,0,0,139.70,30555.79,31751.87,17,3999377,4436654,10278764544,36756000768
2025-05-14 06:39:21,44.005,4.701,0,0,149.70,30555.79,31751.87,17,3999578,4436855,10278764544,36756000768
2025-05-14 06:39:21,42.617,3.982,0,0,149.80,30555.79,31751.87,17,3999780,4437057,10278764544,36756000768
2025-05-14 06:39:21,43.093,3.967,0,0,169.70,30555.79,31751.87,17,3999981,4437258,10278764544,36756000768
2025-05-14 06:39:22,42.598,3.861,0,0,169.70,30555.79,31751.87,17,4000182,4437459,10278764544,36756000768
2025-05-14 06:39:22,42.709,3.884,0,0,159.70,30555.79,31751.87,17,4000383,4437660,10278764544,36756000768
2025-05-14 06:39:22,42.350,3.913,0,0,159.70,30555.79,31751.87,17,4000584,4437861,10278764544,36756000768
2025-05-14 06:39:22,42.566,3.909,0,0,159.70,30555.79,31751.87,17,4000785,4438062,10278764544,36756000768
2025-05-14 06:39:22,43.012,3.843,0,0,149.80,30555.79,31751.87,17,4000986,4438263,10278764544,36756000768
2025-05-14 06:39:23,42.424,3.880,0,0,149.80,30555.79,31751.87,17,4001187,4438464,10278764544,36756000768
2025-05-14 06:39:23,43.085,3.935,0,0,149.70,30555.79,31751.87,17,4001388,4438665,10278764544,36756000768
2025-05-14 06:39:23,42.332,3.891,0,0,159.70,30555.79,31751.87,17,4001589,4438866,10278764544,36756000768
2025-05-14 06:39:23,42.256,3.853,0,0,159.70,30555.79,31751.87,17,4001790,4439067,10278764544,36756000768
2025-05-14 06:39:23,43.522,3.927,0,0,149.80,30555.79,31751.87,17,4001992,4439269,10278764544,36756000768
2025-05-14 06:39:24,41.879,3.866,0,0,149.80,30555.79,31751.87,17,4002193,4439470,10278764544,36756000768
2025-05-14 06:39:24,42.376,3.863,0,0,149.70,30555.79,31751.87,17,4002394,4439671,10278764544,36756000768
2025-05-14 06:39:24,42.605,3.879,0,0,149.70,30555.79,31751.87,17,4002595,4439872,10278764544,36756000768
2025-05-14 06:39:24,42.825,3.878,0,0,149.70,30555.79,31751.87,17,4002796,4440073,10278764544,36756000768
2025-05-14 06:39:24,42.453,3.900,0,0,149.70,30555.79,31751.87,17,4002997,4440274,10278764544,36756000768
2025-05-14 06:39:25,42.329,3.924,0,0,159.70,30555.79,31751.87,17,4003209,4440489,10278764544,36756013056
2025-05-14 06:39:25,43.041,4.003,0,12288,169.70,30555.79,31751.87,17,4003410,4440690,10278764544,36756013056
2025-05-14 06:39:25,42.168,3.847,0,0,169.70,30555.79,31751.87,17,4003611,4440891,10278764544,36756013056
2025-05-14 06:39:25,42.212,3.910,0,0,139.70,30555.79,31751.87,17,4003813,4441093,10278764544,36756013056
2025-05-14 06:39:25,42.131,3.839,0,0,139.80,30555.79,31751.87,17,4004014,4441294,10278764544,36756013056
2025-05-14 06:39:26,42.031,4.248,0,0,89.80,30555.79,31751.87,17,4004215,4441495,10278764544,36756013056
2025-05-14 06:39:26,41.485,4.062,0,0,149.70,30555.79,31751.87,17,4004416,4441696,10278764544,36756013056
2025-05-14 06:39:26,41.902,3.859,0,0,159.70,30555.79,31751.87,17,4004617,4441897,10278764544,36756013056
2025-05-14 06:39:26,42.817,3.865,0,0,159.70,30555.79,31751.87,17,4004818,4442098,10278764544,36756013056
2025-05-14 06:39:26,41.515,3.892,0,0,169.70,30555.79,31751.87,17,4005019,4442299,10278764544,36756013056
2025-05-14 06:39:27,42.251,3.885,0,0,149.70,30555.79,31751.87,17,4005220,4442500,10278764544,36756013056
2025-05-14 06:39:27,42.198,3.911,0,0,159.70,30555.79,31751.87,17,4005421,4442701,10278764544,36756013056
2025-05-14 06:39:27,42.416,3.808,0,0,109.80,30555.79,31751.87,17,4005622,4442902,10278764544,36756013056
2025-05-14 06:39:27,39.212,3.795,0,0,49.90,30555.79,31751.87,17,4005823,4443103,10278764544,36756013056
2025-05-14 06:39:27,42.992,4.299,0,0,289.50,30555.79,31751.87,17,4006025,4443305,10278764544,36756013056
2025-05-14 06:39:28,46.534,4.824,0,0,309.40,30555.79,31751.87,17,4006223,4443503,10278764544,36756013056
2025-05-14 06:39:28,46.133,5.116,0,0,339.40,30555.79,31751.87,17,4006410,4443690,10278764544,36756013056
2025-05-14 06:39:28,48.467,5.020,0,0,309.40,30555.79,31751.87,17,4006596,4443876,10278764544,36756013056
2025-05-14 06:39:28,46.045,5.134,0,0,179.70,30555.79,31751.87,17,4006800,4444080,10278764544,36756013056
2025-05-14 06:39:28,46.685,4.686,0,0,109.80,30555.79,31751.87,17,4007000,4444280,10278764544,36756013056
2025-05-14 06:39:29,47.366,4.650,0,0,59.90,30555.79,31751.87,17,4007201,4444481,10278764544,36756013056
2025-05-14 06:39:29,42.994,4.332,0,0,59.90,30555.79,31751.87,17,4007388,4444669,10278764544,36756013056
2025-05-14 06:39:29,41.774,3.918,0,0,69.90,30555.79,31751.87,17,4007590,4444870,10278764544,36756013056
2025-05-14 06:39:29,37.933,3.781,0,0,49.90,30555.79,31751.87,17,4007787,4445067,10278764544,36756013056
2025-05-14 06:39:29,45.657,3.808,0,12288,39.90,30555.79,31751.87,17,4007992,4445274,10278764544,36756025344
2025-05-14 06:39:30,44.013,3.965,0,0,49.90,30555.79,31751.87,17,4008197,4445479,10278764544,36756025344
2025-05-14 06:39:30,43.955,4.142,0,0,219.60,30555.79,31751.87,17,4008399,4445681,10278764544,36756025344
2025-05-14 06:39:30,44.918,4.615,0,0,179.70,30555.79,31751.87,17,4008600,4445882,10278764544,36756025344
2025-05-14 06:39:30,44.454,4.645,0,0,199.60,30555.79,31751.87,17,4008791,4446073,10278764544,36756025344
2025-05-14 06:39:30,46.797,4.238,0,0,259.50,30555.79,31751.87,17,4008992,4446274,10278764544,36756025344
2025-05-14 06:39:31,44.681,4.161,0,0,229.60,30555.79,31751.87,17,4009194,4446476,10278764544,36756025344
2025-05-14 06:39:31,44.571,4.031,0,0,239.50,30555.79,31751.87,17,4009394,4446676,10278764544,36756025344
2025-05-14 06:39:31,44.493,4.222,0,0,229.60,30555.79,31751.87,17,4009595,4446877,10278764544,36756025344
2025-05-14 06:39:31,43.967,4.166,0,0,249.60,30555.79,31751.87,17,4009796,4447078,10278764544,36756025344
2025-05-14 06:39:31,44.844,4.108,0,0,239.60,30555.79,31751.87,17,4009998,4447280,10278764544,36756025344
2025-05-14 06:39:32,44.686,4.173,0,0,239.60,30555.79,31751.87,17,4010199,4447481,10278764544,36756025344
2025-05-14 06:39:32,44.634,4.014,0,0,229.60,30555.79,31751.87,17,4010399,4447682,10278764544,36756025344
2025-05-14 06:39:32,44.265,4.019,0,0,229.60,30555.79,31751.87,17,4010601,4447883,10278764544,36756025344
2025-05-14 06:39:32,44.141,4.050,0,0,239.50,30555.79,31751.87,17,4010801,4448083,10278764544,36756025344
2025-05-14 06:39:32,44.587,4.136,0,0,219.60,30555.79,31751.87,17,4011006,4448290,10278764544,36756033536
2025-05-14 06:39:33,44.119,4.164,0,8192,239.60,30555.79,31751.87,17,4011208,4448492,10278764544,36756033536
2025-05-14 06:39:33,44.678,4.087,0,0,229.60,30555.79,31751.87,17,4011409,4448693,10278764544,36756033536
2025-05-14 06:39:33,44.659,4.039,0,0,219.60,30555.79,31751.87,17,4011609,4448893,10278764544,36756033536
2025-05-14 06:39:33,44.557,4.098,0,0,249.60,30555.79,31751.87,17,4011810,4449094,10278764544,36756033536
2025-05-14 06:39:33,44.282,4.151,0,0,269.50,30555.79,31751.87,17,4012011,4449295,10278764544,36756033536
2025-05-14 06:39:34,45.213,4.597,0,0,229.60,30555.79,31751.87,17,4012213,4449497,10278764544,36756033536
2025-05-14 06:39:34,44.017,4.696,0,0,229.50,30555.79,31751.87,17,4012422,4449709,10278764544,36756049920
2025-05-14 06:39:34,43.544,4.113,0,16384,159.70,30555.79,31751.87,17,4012623,4449910,10278764544,36756049920
2025-05-14 06:39:34,42.559,3.754,0,0,149.70,30555.79,31751.87,17,4012823,4450110,10278764544,36756049920
2025-05-14 06:39:34,42.161,3.909,0,0,159.70,30555.79,31751.87,17,4013024,4450311,10278764544,36756049920
2025-05-14 06:39:35,41.819,3.879,0,0,169.70,30555.79,31751.87,17,4013230,4450518,10278764544,36756062208
2025-05-14 06:39:35,42.696,3.911,0,12288,339.40,30555.79,31751.87,17,4013431,4450719,10278764544,36756062208
2025-05-14 06:39:35,44.166,3.921,0,0,159.70,30555.79,31751.87,17,4013632,4450920,10278764544,36756062208
2025-05-14 06:39:35,42.187,3.805,0,0,149.70,30555.79,31751.87,17,4013833,4451121,10278764544,36756062208
2025-05-14 06:39:35,42.253,3.844,0,0,159.70,30555.79,31751.87,17,4014034,4451322,10278764544,36756062208
2025-05-14 06:39:36,42.181,3.920,0,0,139.80,30555.79,31751.87,17,4014236,4451524,10278764544,36756062208
2025-05-14 06:39:36,41.479,4.221,0,0,109.80,30555.79,31751.87,17,4014437,4451725,10278764544,36756062208
2025-05-14 06:39:36,40.979,4.004,0,0,149.70,30555.79,31751.87,17,4014638,4451926,10278764544,36756062208
2025-05-14 06:39:36,42.883,3.909,0,0,149.70,30555.79,31751.87,17,4014838,4452126,10278764544,36756062208
2025-05-14 06:39:36,42.285,3.838,0,0,139.70,30555.79,31751.87,17,4015040,4452328,10278764544,36756062208
2025-05-14 06:39:37,41.687,3.863,0,0,159.70,30555.79,31751.87,17,4015241,4452529,10278764544,36756062208
2025-05-14 06:39:37,42.700,3.951,0,24576,139.80,30555.79,31751.87,17,4015448,4452742,10278764544,36756086784
2025-05-14 06:39:37,41.817,3.884,0,0,149.70,30555.79,31751.87,17,4015649,4452943,10278764544,36756086784
2025-05-14 06:39:37,43.264,3.859,0,0,99.80,30555.79,31751.87,17,4015850,4453144,10278764544,36756086784
2025-05-14 06:39:37,41.855,3.781,0,0,39.90,30555.79,31751.87,17,4016051,4453345,10278764544,36756086784
2025-05-14 06:39:38,40.078,3.874,0,0,299.50,30555.79,31751.87,17,4016253,4453547,10278764544,36756086784
2025-05-14 06:39:38,46.343,4.617,0,0,459.20,30555.79,31751.87,17,4016452,4453746,10278764544,36756086784
2025-05-14 06:39:38,47.005,4.851,0,0,259.50,30555.79,31751.87,17,4016648,4453942,10278764544,36756086784
2025-05-14 06:39:38,49.161,4.431,0,0,49.90,30555.79,31751.87,17,4016848,4454142,10278764544,36756086784
2025-05-14 06:39:38,43.985,3.992,0,0,49.90,30555.79,31751.87,17,4017050,4454344,10278764544,36756086784
2025-05-14 06:39:39,40.780,3.762,0,0,59.90,30555.79,31751.87,17,4017251,4454545,10278764544,36756086784
2025-05-14 06:39:39,38.362,3.646,0,0,49.90,30555.79,31751.87,17,4017452,4454746,10278764544,36756086784
2025-05-14 06:39:39,39.569,3.709,0,12288,69.90,30555.79,31751.87,17,4017661,4454958,10278764544,36756099072
2025-05-14 06:39:39,40.952,3.707,0,0,69.90,30555.79,31751.87,17,4017862,4455159,10278764544,36756099072
2025-05-14 06:39:39,37.908,3.766,0,0,49.90,30555.79,31751.87,17,4018063,4455360,10278764544,36756099072
2025-05-14 06:39:40,38.403,3.682,0,0,59.90,30555.79,31751.87,17,4018265,4455562,10278764544,36756099072
2025-05-14 06:39:40,38.732,3.697,0,4096,109.80,30555.79,31751.87,17,4018472,4455770,10278764544,36756103168
2025-05-14 06:39:40,43.182,4.042,0,0,109.80,30555.79,31751.87,17,4018671,4455969,10278764544,36756103168
2025-05-14 06:39:40,43.530,4.161,0,0,59.90,30555.79,31751.87,17,4018884,4456178,10278764544,36756103168
2025-05-14 06:39:41,41.051,3.825,0,0,109.80,30555.79,31751.87,17,4019085,4456379,10278764544,36756103168
2025-05-14 06:39:41,40.384,3.865,0,0,59.90,30555.79,31751.87,17,4019287,4456581,10278764544,36756103168
2025-05-14 06:39:41,39.973,3.678,0,0,59.90,30555.79,31751.87,17,4019488,4456782,10278764544,36756103168
2025-05-14 06:39:41,42.564,4.021,0,0,109.80,30555.79,31751.87,17,4019687,4456981,10278764544,36756103168
2025-05-14 06:39:41,47.850,4.435,0,0,59.90,30555.79,31751.87,17,4019885,4457179,10278764544,36756103168
2025-05-14 06:39:42,43.313,4.245,0,0,69.90,30555.79,31751.87,17,4020086,4457380,10278764544,36756103168
2025-05-14 06:39:42,39.865,3.862,0,0,59.90,30555.79,31751.87,17,4020288,4457582,10278764544,36756103168
2025-05-14 06:39:42,38.754,3.742,0,0,39.90,30555.79,31751.87,17,4020489,4457783,10278764544,36756103168
2025-05-14 06:39:42,41.331,3.748,0,0,59.90,30555.79,31751.87,17,4020695,4457991,10278764544,36756119552
2025-05-14 06:39:42,42.191,3.851,0,16384,159.70,30555.79,31751.87,17,4020876,4458173,10278764544,36756119552
2025-05-14 06:39:43,48.653,4.209,0,0,179.70,30555.79,31751.87,17,4021064,4458360,10278764544,36756119552
2025-05-14 06:39:43,45.953,4.188,0,0,159.70,30555.79,31751.87,17,4021265,4458561,10278764544,36756119552
2025-05-14 06:39:43,42.857,3.976,0,0,169.70,30555.79,31751.87,17,4021466,4458762,10278764544,36756119552
2025-05-14 06:39:43,42.638,3.878,0,0,149.70,30555.79,31751.87,17,4021667,4458963,10278764544,36756119552
2025-05-14 06:39:43,44.911,3.905,0,0,169.70,30555.79,31751.87,17,4021867,4459163,10278764544,36756119552
2025-05-14 06:39:44,42.403,3.802,0,0,159.70,30555.79,31751.87,17,4022068,4459364,10278764544,36756119552
2025-05-14 06:39:44,42.535,3.940,0,0,149.70,30555.79,31751.87,17,4022269,4459565,10278764544,36756119552
2025-05-14 06:39:44,42.566,3.757,0,0,149.70,30555.79,31751.87,17,4022471,4459767,10278764544,36756119552
2025-05-14 06:39:44,42.585,3.810,0,0,149.80,30555.79,31751.87,17,4022671,4459967,10278764544,36756119552
2025-05-14 06:39:44,44.035,3.830,0,0,169.70,30555.79,31751.87,17,4022866,4460162,10278764544,36756119552
2025-05-14 06:39:45,42.553,3.778,0,0,159.70,30555.79,31751.87,17,4023067,4460363,10278764544,36756119552
2025-05-14 06:39:45,43.154,3.944,0,0,169.70,30555.79,31751.87,17,4023268,4460564,10278764544,36756119552
2025-05-14 06:39:45,43.345,3.834,0,0,159.70,30555.79,31751.87,17,4023469,4460765,10278764544,36756119552
2025-05-14 06:39:45,42.292,3.912,0,0,149.70,30555.79,31751.87,17,4023670,4460966,10278764544,36756119552
2025-05-14 06:39:45,44.319,3.891,0,0,69.90,30555.79,31751.87,17,4023870,4461166,10278764544,36756119552
2025-05-14 06:39:46,39.359,3.920,0,12288,149.70,30555.79,31751.87,17,4024080,4461379,10278764544,36756131840
2025-05-14 06:39:46,43.478,4.157,0,0,149.70,30555.79,31751.87,17,4024280,4461579,10278764544,36756131840
2025-05-14 06:39:46,41.080,4.006,0,0,59.90,30555.79,31751.87,17,4024481,4461780,10278764544,36756131840
2025-05-14 06:39:46,39.811,3.826,0,0,59.90,30555.79,31751.87,17,4024681,4461981,10278764544,36756131840
2025-05-14 06:39:46,43.034,3.720,0,0,39.90,30555.79,31751.87,17,4024882,4462181,10278764544,36756131840
2025-05-14 06:39:47,41.451,3.770,0,0,59.90,30555.79,31751.87,17,4025083,4462382,10278764544,36756131840
2025-05-14 06:39:47,38.089,3.718,0,0,49.90,30555.79,31751.87,17,4025284,4462583,10278764544,36756131840
2025-05-14 06:39:47,38.989,3.657,0,0,69.90,30555.79,31751.87,17,4025485,4462784,10278764544,36756131840
2025-05-14 06:39:47,38.710,3.743,0,0,129.80,30555.79,31751.87,17,4025731,4463064,10278764544,36757770240
2025-05-14 06:39:47,40.968,3.754,0,1835008,59.90,30555.79,31751.87,17,4025938,4463274,10278764544,36757966848
2025-05-14 06:39:48,37.429,3.701,0,0,59.90,30555.79,31751.87,17,4026139,4463475,10278764544,36757966848
2025-05-14 06:39:48,37.654,3.708,0,0,59.90,30555.79,31751.87,17,4026340,4463676,10278764544,36757966848
2025-05-14 06:39:48,38.548,3.670,0,8192,49.90,30555.79,31751.87,17,4026547,4463885,10278764544,36757975040
2025-05-14 06:39:48,40.290,3.658,0,0,59.90,30555.79,31751.87,17,4026748,4464086,10278764544,36757975040
2025-05-14 06:39:48,39.703,3.701,0,0,129.80,30555.79,31751.87,17,4026948,4464286,10278764544,36757975040
2025-05-14 06:39:49,43.908,4.397,0,0,139.80,30555.79,31751.87,17,4027149,4464487,10278764544,36757975040
2025-05-14 06:39:49,42.739,4.327,0,0,149.80,30555.79,31751.87,17,4027350,4464688,10278764544,36757975040
2025-05-14 06:39:49,42.567,3.911,0,0,149.70,30555.79,31751.87,17,4027551,4464889,10278764544,36757975040
2025-05-14 06:39:49,42.155,3.840,0,0,139.80,30555.79,31751.87,17,4027752,4465090,10278764544,36757975040
2025-05-14 06:39:49,44.448,3.890,0,0,149.70,30555.79,31751.87,17,4027953,4465291,10278764544,36757975040
2025-05-14 06:39:50,41.848,3.810,0,0,139.80,30555.79,31751.87,17,4028154,4465492,10278764544,36757975040
2025-05-14 06:39:50,42.054,3.931,0,0,139.80,30555.79,31751.87,17,4028356,4465694,10278764544,36757975040
2025-05-14 06:39:50,42.162,3.840,0,0,139.70,30555.79,31751.87,17,4028556,4465894,10278764544,36757975040
2025-05-14 06:39:50,42.287,3.770,0,0,149.70,30555.79,31751.87,17,4028756,4466094,10278764544,36757975040
2025-05-14 06:39:50,42.138,3.871,0,0,149.70,30555.79,31751.87,17,4028959,4466297,10278764544,36757975040
2025-05-14 06:39:51,43.252,3.976,0,4096,169.70,30555.79,31751.87,17,4029162,4466501,10278764544,36757979136
2025-05-14 06:39:51,41.852,3.884,0,0,149.70,30555.79,31751.87,17,4029364,4466703,10278764544,36757979136
2025-05-14 06:39:51,41.777,3.761,0,0,159.70,30555.79,31751.87,17,4029560,4466899,10278764544,36757979136
2025-05-14 06:39:51,42.882,4.027,0,0,149.70,30555.79,31751.87,17,4029761,4467100,10278764544,36757979136
2025-05-14 06:39:51,42.495,3.843,0,0,149.80,30555.79,31751.87,17,4029962,4467301,10278764544,36757979136
2025-05-14 06:39:52,41.909,3.787,0,0,149.70,30555.79,31751.87,17,4030163,4467502,10278764544,36757979136
2025-05-14 06:39:52,42.616,3.930,0,0,169.70,30555.79,31751.87,17,4030365,4467704,10278764544,36757979136
2025-05-14 06:39:52,42.557,3.925,0,0,149.70,30555.79,31751.87,17,4030566,4467905,10278764544,36757979136
2025-05-14 06:39:52,42.113,3.762,0,0,149.80,30555.79,31751.87,17,4030766,4468105,10278764544,36757979136
2025-05-14 06:39:52,42.238,3.838,0,0,149.70,30555.79,31751.87,17,4030967,4468306,10278764544,36757979136
2025-05-14 06:39:53,42.257,3.794,0,0,159.70,30555.79,31751.87,17,4031168,4468507,10278764544,36757979136
2025-05-14 06:39:53,42.149,3.857,0,0,159.70,30555.79,31751.87,17,4031370,4468709,10278764544,36757979136
2025-05-14 06:39:53,42.321,3.799,0,0,159.70,30555.79,31751.87,17,4031575,4468915,10278764544,36757983232
2025-05-14 06:39:53,41.791,3.749,0,4096,159.70,30555.79,31751.87,17,4031775,4469115,10278764544,36757983232
2025-05-14 06:39:53,42.340,3.811,0,0,139.80,30555.79,31751.87,17,4031976,4469316,10278764544,36757983232
2025-05-14 06:39:54,41.888,4.081,0,0,119.80,30555.79,31751.87,17,4032177,4469517,10278764544,36757983232
2025-05-14 06:39:54,42.668,4.167,0,0,149.70,30555.79,31751.87,17,4032379,4469719,10278764544,36757983232
2025-05-14 06:39:54,41.936,3.892,0,0,139.70,30555.79,31751.87,17,4032580,4469920,10278764544,36757983232
2025-05-14 06:39:54,42.280,3.877,0,0,159.70,30555.79,31751.87,17,4032780,4470120,10278764544,36757983232
2025-05-14 06:39:54,44.350,3.876,0,0,149.70,30555.79,31751.87,17,4032981,4470321,10278764544,36757983232
2025-05-14 06:39:55,42.015,3.871,0,0,149.80,30555.79,31751.87,17,4033182,4470522,10278764544,36757983232
2025-05-14 06:39:55,41.852,3.795,0,0,139.80,30555.79,31751.87,17,4033384,4470724,10278764544,36757983232
2025-05-14 06:39:55,42.157,3.793,0,0,169.70,30555.79,31751.87,17,4033585,4470925,10278764544,36757983232
2025-05-14 06:39:55,40.346,3.747,0,0,69.90,30555.79,31751.87,17,4033786,4471126,10278764544,36757983232
2025-05-14 06:39:55,39.172,3.710,0,0,289.50,30555.79,31751.87,17,4033986,4471326,10278764544,36757983232
2025-05-14 06:39:56,47.147,4.468,0,12288,419.20,30555.79,31751.87,17,4034189,4471532,10278764544,36757995520
2025-05-14 06:39:56,47.913,4.703,0,0,359.40,30555.79,31751.87,17,4034384,4471727,10278764544,36757995520
2025-05-14 06:39:56,48.064,4.683,0,0,319.40,30555.79,31751.87,17,4034583,4471926,10278764544,36757995520
2025-05-14 06:39:56,43.936,4.267,0,0,69.90,30555.79,31751.87,17,4034782,4472125,10278764544,36757995520
2025-05-14 06:39:56,44.837,3.937,0,0,59.90,30555.79,31751.87,17,4034983,4472326,10278764544,36757995520
2025-05-14 06:39:57,39.555,3.700,0,0,49.90,30555.79,31751.87,17,4035184,4472527,10278764544,36757995520
2025-05-14 06:39:57,39.264,3.722,0,0,49.90,30555.79,31751.87,17,4035386,4472729,10278764544,36757995520
2025-05-14 06:39:57,40.393,3.725,0,0,89.90,30555.79,31751.87,17,4035587,4472930,10278764544,36757995520
2025-05-14 06:39:57,38.406,3.653,0,0,69.90,30555.79,31751.87,17,4035788,4473131,10278764544,36757995520
2025-05-14 06:39:57,38.180,3.675,0,0,69.90,30555.79,31751.87,17,4035989,4473332,10278764544,36757995520
2025-05-14 06:39:58,37.722,3.617,0,0,69.90,30555.79,31751.87,17,4036190,4473533,10278764544,36757995520
2025-05-14 06:39:58,37.240,3.629,0,0,119.90,30555.79,31751.87,17,4036391,4473734,10278764544,36757995520
2025-05-14 06:39:58,41.831,3.971,0,0,119.80,30555.79,31751.87,17,4036593,4473936,10278764544,36757995520
2025-05-14 06:39:58,41.350,4.026,0,0,49.90,30555.79,31751.87,17,4036786,4474128,10278764544,36757995520
2025-05-14 06:39:58,40.764,3.637,0,0,69.90,30555.79,31751.87,17,4036987,4474329,10278764544,36757995520
2025-05-14 06:39:59,39.640,3.823,0,0,59.90,30555.79,31751.87,17,4037188,4474530,10278764544,36757995520
2025-05-14 06:39:59,38.883,3.617,0,0,39.90,30555.79,31751.87,17,4037389,4474731,10278764544,36757995520
2025-05-14 06:39:59,39.277,3.654,0,0,49.90,30555.79,31751.87,17,4037590,4474932,10278764544,36757995520
2025-05-14 06:39:59,40.985,3.720,0,0,59.90,30555.79,31751.87,17,4037791,4475133,10278764544,36757995520
2025-05-14 06:39:59,39.985,3.685,0,0,39.90,30555.79,31751.87,17,4037992,4475334,10278764544,36757995520
2025-05-14 06:40:00,40.465,3.713,0,0,59.90,30555.79,31751.87,17,4038196,4475537,10278764544,36757995520
2025-05-14 06:40:00,39.416,3.773,0,0,59.90,30555.79,31751.87,17,4038398,4475739,10278764544,36757995520
2025-05-14 06:40:00,40.644,3.734,0,0,49.90,30555.79,31751.87,17,4038599,4475940,10278764544,36757995520
2025-05-14 06:40:00,45.417,3.981,0,0,49.90,30555.79,31751.87,17,4038798,4476139,10278764544,36757995520
2025-05-14 06:40:00,48.617,3.978,0,0,39.90,30555.79,31751.87,17,4038999,4476340,10278764544,36757995520
2025-05-14 06:40:01,44.992,3.866,0,1466368,59.90,30555.79,31751.87,17,4039228,4476583,10278764544,36759461888
2025-05-14 06:40:01,39.982,3.927,0,0,49.90,30555.79,31751.87,17,4039429,4476784,10278764544,36759461888
2025-05-14 06:40:01,40.988,3.724,0,0,59.90,30555.79,31751.87,17,4039630,4476985,10278764544,36759461888
2025-05-14 06:40:01,43.755,4.007,0,0,49.90,30555.79,31751.87,17,4039819,4477174,10278764544,36759461888
2025-05-14 06:40:01,46.568,4.174,0,0,49.90,30555.79,31751.87,17,4040035,4477402,10278764544,36761309184
2025-05-14 06:40:02,40.938,3.835,0,1978368,89.80,30555.79,31751.87,17,4040239,4477609,10278764544,36761440256
2025-05-14 06:40:02,43.880,4.143,0,0,79.90,30555.79,31751.87,17,4040439,4477809,10278764544,36761440256
2025-05-14 06:40:02,44.049,4.053,0,0,30.00,30555.79,31751.87,17,4040640,4478010,10278764544,36761440256
2025-05-14 06:40:02,41.825,3.751,0,0,69.90,30555.79,31751.87,17,4040841,4478211,10278764544,36761440256
2025-05-14 06:40:02,43.245,3.902,0,0,39.90,30555.79,31751.87,17,4041042,4478412,10278764544,36761440256
2025-05-14 06:40:03,41.226,3.802,0,0,39.90,30555.79,31751.87,17,4041243,4478613,10278764544,36761440256
2025-05-14 06:40:03,41.885,3.757,0,0,79.90,30555.79,31751.87,17,4041445,4478815,10278764544,36761440256
2025-05-14 06:40:03,42.924,4.033,0,0,209.60,30555.79,31751.87,17,4041645,4479015,10278764544,36761440256
2025-05-14 06:40:03,46.963,4.382,0,0,119.80,30555.79,31751.87,17,4041846,4479216,10278764544,36761440256
2025-05-14 06:40:03,46.309,4.090,0,0,149.70,30555.79,31751.87,17,4042044,4479415,10278764544,36761440256
2025-05-14 06:40:04,44.430,4.009,0,0,149.70,30555.79,31751.87,17,4042246,4479616,10278764544,36761440256
2025-05-14 06:40:04,42.312,3.838,0,0,129.80,30555.79,31751.87,17,4042447,4479817,10278764544,36761440256
2025-05-14 06:40:04,42.260,3.857,0,0,159.70,30555.79,31751.87,17,4042649,4480019,10278764544,36761440256
2025-05-14 06:40:04,42.733,3.772,0,0,159.70,30555.79,31751.87,17,4042849,4480219,10278764544,36761440256
2025-05-14 06:40:04,43.668,3.948,0,0,149.70,30555.79,31751.87,17,4043050,4480420,10278764544,36761440256
2025-05-14 06:40:05,42.090,3.796,0,0,169.70,30555.79,31751.87,17,4043251,4480621,10278764544,36761440256
2025-05-14 06:40:05,42.745,3.917,0,0,469.20,30555.79,31751.87,17,4043454,4480825,10278764544,36761505792
2025-05-14 06:40:05,48.313,4.540,0,73728,159.80,30555.79,31751.87,17,4043660,4481034,10278764544,36761579520
2025-05-14 06:40:05,42.964,3.871,0,65536,149.70,30555.79,31751.87,17,4043858,4481232,10278764544,36761579520
2025-05-14 06:40:05,44.028,3.974,0,0,149.80,30555.79,31751.87,17,4044058,4481432,10278764544,36761579520
2025-05-14 06:40:06,46.798,4.143,0,0,179.80,30555.79,31751.87,17,4044259,4481633,10278764544,36761579520
2025-05-14 06:40:06,42.753,3.919,0,0,159.80,30555.79,31751.87,17,4044460,4481834,10278764544,36761579520
2025-05-14 06:40:06,42.484,3.868,0,0,99.80,30555.79,31751.87,17,4044661,4482035,10278764544,36761579520
2025-05-14 06:40:06,41.082,3.792,0,0,49.90,30555.79,31751.87,17,4044862,4482236,10278764544,36761579520
2025-05-14 06:40:06,41.543,3.752,0,0,69.90,30555.79,31751.87,17,4045063,4482437,10278764544,36761579520
2025-05-14 06:40:07,38.202,3.737,20480,0,89.80,30555.79,31751.87,17,4045268,4482641,10278785024,36761579520
2025-05-14 06:40:07,42.606,3.955,36864,0,119.80,30555.79,31751.87,17,4045606,4482977,10278821888,36763353088
2025-05-14 06:40:07,39.261,3.836,0,2166784,109.80,30555.79,31751.87,17,4045811,4483186,10278821888,36763746304
2025-05-14 06:40:07,42.922,3.875,0,0,89.80,30555.79,31751.87,17,4046012,4483387,10278821888,36763746304
2025-05-14 06:40:07,41.714,3.728,0,0,59.90,30555.79,31751.87,17,4046213,4483588,10278821888,36763746304
2025-05-14 06:40:08,39.007,3.681,0,0,59.90,30555.79,31751.87,17,4046415,4483790,10278821888,36763746304
2025-05-14 06:40:08,39.650,3.663,0,0,59.90,30555.79,31751.87,17,4046622,4483999,10278821888,36763754496
2025-05-14 06:40:08,39.724,3.643,0,8192,59.90,30555.79,31751.87,17,4046823,4484200,10278821888,36763754496
2025-05-14 06:40:08,40.201,3.680,0,0,59.90,30555.79,31751.87,17,4047032,4484412,10278821888,36763787264
2025-05-14 06:40:08,38.195,3.713,0,32768,69.90,30555.79,31751.87,17,4047233,4484613,10278821888,36763787264
2025-05-14 06:40:09,37.851,3.656,0,0,69.90,30555.79,31751.87,17,4047435,4484815,10278821888,36763787264
2025-05-14 06:40:09,37.939,3.617,0,0,49.90,30555.79,31751.87,17,4047636,4485016,10278821888,36763787264
2025-05-14 06:40:09,41.507,3.601,0,0,59.90,30555.79,31751.87,17,4047840,4485221,10278821888,36763791360
2025-05-14 06:40:09,42.516,3.861,16384,4096,149.70,30555.80,31855.92,34,4048119,4485489,10282917888,36763791360
2025-05-14 06:40:09,44.126,4.399,4091904,0,149.70,30555.80,31855.92,34,4048326,4485694,10282930176,36763791360
2025-05-14 06:40:10,43.101,4.093,0,0,159.70,30555.80,31855.92,34,4048528,4485896,10282930176,36763791360
2025-05-14 06:40:10,42.877,3.890,0,0,139.80,30555.84,31855.92,34,4048731,4486099,10282930176,36763791360
2025-05-14 06:40:10,41.917,3.923,0,0,149.70,30555.84,31855.92,34,4048932,4486300,10282930176,36763791360
2025-05-14 06:40:10,43.289,3.868,0,0,139.80,30555.84,31855.92,34,4049132,4486500,10282930176,36763791360
2025-05-14 06:40:10,41.236,3.926,0,0,199.60,30555.84,31855.92,34,4049333,4486701,10282930176,36763791360
2025-05-14 06:40:11,40.822,3.861,0,0,179.70,30555.84,31855.92,34,4049535,4486903,10282930176,36763791360
2025-05-14 06:40:11,42.248,3.857,0,0,159.80,30555.84,31855.92,34,4049735,4487103,10282930176,36763791360
2025-05-14 06:40:11,42.346,3.814,0,0,159.70,30555.84,31855.92,34,4049937,4487305,10282930176,36763791360
2025-05-14 06:40:11,42.689,3.858,0,0,159.70,30555.84,31855.92,34,4050138,4487506,10282930176,36763791360
2025-05-14 06:40:11,42.582,3.903,0,0,169.70,30555.84,31855.92,34,4050339,4487707,10282930176,36763791360
2025-05-14 06:40:12,42.409,3.839,0,0,149.80,30555.84,31855.92,34,4050540,4487908,10282930176,36763791360
2025-05-14 06:40:12,42.477,3.844,0,0,159.70,30555.84,31855.92,34,4050744,4488113,10282930176,36763795456
2025-05-14 06:40:12,42.467,3.826,0,4096,159.80,30555.84,31855.92,34,4050945,4488314,10282930176,36763795456
2025-05-14 06:40:12,42.326,3.827,0,0,149.80,30555.84,31855.92,34,4051146,4488515,10282930176,36763795456
2025-05-14 06:40:12,41.914,4.199,0,0,129.80,30555.84,31855.92,34,4051350,4488718,10282950656,36763795456
2025-05-14 06:40:13,41.584,3.963,237568,0,159.70,30555.84,31855.92,34,4051560,4488925,10283167744,36763795456
2025-05-14 06:40:13,41.861,3.758,0,0,149.70,30555.84,31855.92,34,4051765,4489129,10283257856,36763795456
2025-05-14 06:40:13,41.832,3.833,90112,0,149.70,30555.84,31855.92,34,4051972,4489334,10283290624,36763795456
2025-05-14 06:40:13,42.169,3.922,98304,0,159.70,30555.84,31855.92,34,4052179,4489539,10283356160,36763795456
2025-05-14 06:40:14,42.134,3.857,24576,0,119.80,30555.84,31855.92,34,4052385,4489744,10283393024,36763795456
2025-05-14 06:40:14,39.871,3.783,12288,0,69.90,30555.84,31855.92,34,4052594,4489956,10283393024,36763807744
2025-05-14 06:40:14,42.174,4.088,4096,12288,349.30,30555.84,31855.92,34,4052819,4490171,10283524096,36763807744
2025-05-14 06:40:14,48.494,4.949,217088,1323008,379.40,30555.84,31855.92,34,4053115,4490478,10283614208,36765564928
2025-05-14 06:40:14,45.521,4.426,0,434176,529.10,30555.84,31855.92,34,4053451,4490772,10283966464,36765577216
2025-05-14 06:40:15,48.469,5.072,999424,77824,109.80,30555.84,31855.92,34,4053790,4491071,10284613632,36765663232
2025-05-14 06:40:15,43.754,4.148,0,217088,99.80,30555.84,31855.92,34,4053996,4491280,10284613632,36765859840
2025-05-14 06:40:15,41.462,3.857,0,0,59.90,30555.84,31855.92,34,4054198,4491482,10284613632,36765859840
2025-05-14 06:40:15,39.792,3.774,0,0,59.90,30555.84,31855.92,34,4054399,4491683,10284613632,36765859840
2025-05-14 06:40:15,44.621,3.837,0,0,69.90,30555.84,31855.92,34,4054600,4491884,10284613632,36765859840
2025-05-14 06:40:16,46.343,3.935,0,0,59.90,30555.84,31855.92,34,4054801,4492085,10284613632,36765859840
2025-05-14 06:40:16,39.815,3.792,0,0,49.90,30555.84,31855.92,34,4055003,4492287,10284613632,36765859840
2025-05-14 06:40:16,41.342,3.752,0,0,69.90,30555.84,31855.92,34,4055210,4492496,10284617728,36765876224
2025-05-14 06:40:16,38.824,3.762,53248,16384,219.80,30555.84,31855.92,34,4055451,4492724,10284707840,36765892608
2025-05-14 06:40:16,47.836,4.645,45056,311296,598.90,30555.84,31855.92,34,4055930,4493202,10284711936,36766683136
2025-05-14 06:40:17,49.601,4.937,0,589824,529.00,30555.84,31855.92,34,4056151,4493430,10284711936,36766842880
2025-05-14 06:40:17,46.519,4.131,0,65536,69.90,30555.84,31855.92,34,4056352,4493631,10284711936,36766842880
2025-05-14 06:40:17,39.539,3.696,0,0,59.90,30555.84,31855.92,34,4056554,4493833,10284711936,36766842880
2025-05-14 06:40:17,44.006,3.855,0,0,49.90,30555.84,31855.92,34,4056755,4494034,10284711936,36766842880
2025-05-14 06:40:17,43.882,3.703,0,0,49.90,30555.84,31855.92,34,4056956,4494235,10284711936,36766842880
2025-05-14 06:40:18,46.131,3.773,0,0,39.90,30555.84,31855.92,34,4057156,4494435,10284711936,36766842880
2025-05-14 06:40:18,40.487,3.679,0,0,59.90,30555.84,31855.92,34,4057357,4494636,10284711936,36766842880
2025-05-14 06:40:18,46.105,3.908,0,0,39.90,30555.84,31855.92,34,4057558,4494837,10284711936,36766842880
2025-05-14 06:40:18,41.282,3.703,0,0,59.90,30555.84,31855.92,34,4057759,4495038,10284711936,36766842880
2025-05-14 06:40:18,42.102,3.954,0,0,79.80,30555.84,31855.92,34,4057960,4495239,10284711936,36766842880
2025-05-14 06:40:19,46.417,4.045,0,0,69.90,30555.84,31855.92,34,4058161,4495440,10284711936,36766842880
2025-05-14 06:40:19,43.198,3.894,0,0,49.90,30555.84,31855.92,34,4058362,4495641,10284711936,36766842880
2025-05-14 06:40:19,39.579,3.795,0,0,49.90,30555.84,31855.92,34,4058563,4495842,10284711936,36766842880
2025-05-14 06:40:19,38.044,3.693,0,0,39.90,30555.84,31855.92,34,4058764,4496043,10284711936,36766842880
2025-05-14 06:40:19,43.065,3.723,0,0,49.90,30555.84,31855.92,34,4058965,4496244,10284711936,36766842880
2025-05-14 06:40:20,44.547,3.734,0,0,29.90,30555.84,31855.92,34,4059161,4496440,10284711936,36766842880
2025-05-14 06:40:20,45.733,3.806,0,0,239.50,30555.84,31855.92,34,4059348,4496627,10284711936,36766842880
2025-05-14 06:40:20,46.324,4.407,0,0,189.70,30555.84,31855.92,34,4059549,4496828,10284711936,36766842880
2025-05-14 06:40:20,43.709,4.126,0,0,149.80,30555.84,31855.92,34,4059754,4497033,10284711936,36766842880
2025-05-14 06:40:20,45.783,3.998,0,0,149.70,30555.84,31855.92,34,4059955,4497234,10284711936,36766842880
2025-05-14 06:40:21,41.207,3.840,0,0,199.70,30555.84,31855.92,34,4060156,4497435,10284711936,36766842880
2025-05-14 06:40:21,43.434,3.951,0,0,159.70,30555.84,31855.92,34,4060357,4497636,10284711936,36766842880
2025-05-14 06:40:21,42.878,3.814,0,0,169.70,30555.84,31855.92,34,4060559,4497838,10284711936,36766842880
2025-05-14 06:40:21,41.730,3.811,0,0,149.70,30555.84,31855.92,34,4060757,4498036,10284711936,36766842880
2025-05-14 06:40:21,44.112,3.838,0,0,159.70,30555.84,31855.92,34,4060957,4498236,10284711936,36766842880
2025-05-14 06:40:22,42.292,3.923,0,0,169.70,30555.84,31855.92,34,4061166,4498448,10284711936,36766855168
2025-05-14 06:40:22,42.863,3.894,0,12288,159.70,30555.84,31855.92,34,4061368,4498650,10284711936,36766855168
2025-05-14 06:40:22,42.995,3.805,0,0,159.70,30555.84,31855.92,34,4061569,4498851,10284711936,36766855168
2025-05-14 06:40:22,43.924,3.982,0,0,149.70,30555.84,31855.92,34,4061769,4499051,10284711936,36766855168
2025-05-14 06:40:22,47.518,4.080,0,0,159.70,30555.84,31855.92,34,4061969,4499251,10284711936,36766855168
2025-05-14 06:40:23,42.441,3.842,0,0,159.70,30555.84,31855.92,34,4062171,4499453,10284711936,36766855168
2025-05-14 06:40:23,39.575,3.946,0,0,69.90,30555.84,31855.92,34,4062372,4499654,10284711936,36766855168
2025-05-14 06:40:23,41.114,3.989,0,0,159.70,30555.84,31855.92,34,4062573,4499855,10284711936,36766855168
2025-05-14 06:40:23,43.607,4.275,0,0,169.70,30555.84,31855.92,34,4062772,4500054,10284711936,36766855168
2025-05-14 06:40:23,45.143,4.094,0,0,159.70,30555.84,31855.92,34,4062973,4500255,10284711936,36766855168
2025-05-14 06:40:24,42.240,3.866,0,0,159.70,30555.84,31855.92,34,4063174,4500456,10284711936,36766855168
2025-05-14 06:40:24,40.433,4.104,0,0,69.90,30555.84,31855.92,34,4063375,4500657,10284711936,36766855168
2025-05-14 06:40:24,38.345,3.738,0,0,279.50,30555.84,31855.92,34,4063573,4500855,10284711936,36766855168
2025-05-14 06:40:24,43.767,4.265,0,0,459.40,30555.84,31855.92,34,4063777,4501059,10284711936,36766855168
2025-05-14 06:40:24,49.837,4.990,0,0,528.90,30555.84,31855.92,34,4063972,4501254,10284711936,36766855168
2025-05-14 06:40:25,50.750,5.017,0,0,519.10,30555.84,31855.92,34,4064172,4501454,10284711936,36766855168
2025-05-14 06:40:25,48.908,4.887,0,0,399.10,30555.84,31855.92,34,4064372,4501654,10284711936,36766855168
2025-05-14 06:40:25,44.740,4.330,0,0,259.60,30555.84,31855.92,34,4064589,4501865,10284732416,36766855168
2025-05-14 06:40:25,43.309,4.218,20480,3411968,109.80,30555.84,31855.92,34,4065198,4502644,10284736512,36770496512
2025-05-14 06:40:25,41.989,3.880,4096,557056,39.90,30555.84,31855.92,34,4065403,4502853,10284736512,36770824192
2025-05-14 06:40:26,43.036,3.912,2228224,4096,149.70,30555.84,31855.92,34,4065644,4503090,10286964736,36770828288
2025-05-14 06:40:26,44.743,4.366,0,0,159.70,30555.84,31855.92,34,4065845,4503291,10286964736,36770828288
2025-05-14 06:40:26,43.243,4.116,0,0,159.70,30555.84,31855.92,34,4066046,4503492,10286964736,36770828288
2025-05-14 06:40:26,42.628,3.837,0,0,149.80,30555.84,31855.92,34,4066242,4503688,10286964736,36770828288
2025-05-14 06:40:26,45.983,3.783,0,0,139.80,30555.84,31855.92,34,4066443,4503889,10286964736,36770828288
2025-05-14 06:40:27,42.638,3.914,0,0,149.70,30555.84,31855.92,34,4066652,4504101,10286964736,36770840576
2025-05-14 06:40:27,42.354,4.006,0,12288,149.70,30555.84,31855.92,34,4066853,4504302,10286964736,36770840576
2025-05-14 06:40:27,41.913,4.065,8192,0,89.80,30555.84,31855.92,34,4067062,4504512,10286977024,36770861056
2025-05-14 06:40:27,40.733,4.052,12288,2342912,89.90,30555.84,31855.92,34,4067379,4504874,10286985216,36773634048
2025-05-14 06:40:27,41.648,3.854,0,1368064,99.80,30555.84,31855.92,34,4067830,4505417,10286985216,36774813696
2025-05-14 06:40:28,39.578,3.709,0,262144,69.90,30555.84,31855.92,34,4068031,4505618,10286985216,36774813696
2025-05-14 06:40:28,37.902,3.669,0,0,69.90,30555.84,31855.92,34,4068232,4505819,10286985216,36774813696
2025-05-14 06:40:28,37.725,3.660,0,8192,49.90,30555.84,31855.92,34,4068439,4506028,10286985216,36774821888
2025-05-14 06:40:28,36.681,3.662,0,0,69.90,30555.84,31855.92,34,4068639,4506228,10286985216,36774821888
2025-05-14 06:40:28,39.648,3.691,0,0,69.90,30555.84,31855.92,34,4068846,4506437,10286985216,36774834176
2025-05-14 06:40:29,38.574,3.706,0,12288,69.90,30555.84,31855.92,34,4069047,4506638,10286985216,36774834176
2025-05-14 06:40:29,37.043,3.731,0,0,59.90,30555.84,31855.92,34,4069248,4506839,10286985216,36774834176
2025-05-14 06:40:29,36.863,3.711,0,0,49.90,30555.84,31855.92,34,4069449,4507040,10286985216,36774834176
2025-05-14 06:40:29,39.940,3.768,0,0,59.90,30555.84,31855.92,34,4069650,4507241,10286985216,36774834176
2025-05-14 06:40:29,39.582,3.691,0,0,39.90,30555.84,31855.92,34,4069852,4507443,10286985216,36774834176
2025-05-14 06:40:30,40.089,3.770,0,0,59.90,30555.84,31855.92,34,4070053,4507644,10286985216,36774834176
2025-05-14 06:40:30,38.791,3.734,0,0,49.90,30555.84,31855.92,34,4070254,4507845,10286985216,36774834176
2025-05-14 06:40:30,38.969,3.697,0,0,79.80,30555.84,31855.92,34,4070456,4508047,10286985216,36774834176
2025-05-14 06:40:30,39.381,3.681,0,0,39.90,30555.84,31855.92,34,4070654,4508245,10286985216,36774834176
2025-05-14 06:40:30,44.090,3.689,0,0,59.90,30555.84,31855.92,34,4070859,4508450,10286985216,36774834176
2025-05-14 06:40:31,41.385,3.913,65536,1437696,69.90,30555.84,31855.92,34,4071124,4508755,10287050752,36776468480
2025-05-14 06:40:31,39.182,3.711,0,196608,39.90,30555.84,31855.92,34,4071326,4508957,10287050752,36776468480
2025-05-14 06:40:31,42.252,4.040,8192,40960,459.20,30555.84,31855.92,34,4071609,4509235,10287058944,36776730624
2025-05-14 06:40:31,48.551,5.126,16384,712704,379.30,30555.84,31855.92,34,4072175,4509705,10287075328,36777426944
2025-05-14 06:40:31,48.517,5.134,0,335872,419.20,30555.84,31855.92,34,4072503,4510008,10287075328,36777631744
2025-05-14 06:40:32,46.353,4.897,0,73728,389.30,30555.84,31855.92,34,4072705,4510210,10287075328,36777631744
2025-05-14 06:40:32,46.580,4.537,0,0,389.30,30555.84,31855.92,34,4072906,4510411,10287075328,36777631744
2025-05-14 06:40:32,46.918,4.819,0,69632,319.50,30555.84,31855.92,34,4073113,4510620,10287075328,36777701376
2025-05-14 06:40:32,45.800,4.515,0,0,309.40,30555.84,31855.92,34,4073360,4510850,10287075328,36777705472
2025-05-14 06:40:32,47.262,4.575,0,135168,389.30,30555.84,31855.92,34,4073565,4511057,10287075328,36777836544
2025-05-14 06:40:33,45.249,4.270,0,0,379.40,30555.84,31855.92,34,4073774,4511269,10287075328,36777852928
2025-05-14 06:40:33,45.260,4.754,0,16384,359.40,30555.84,31855.92,34,4073979,4511476,10287075328,36777861120
2025-05-14 06:40:33,44.750,4.655,0,77824,409.30,30555.84,31855.92,34,4074175,4511674,10287075328,36777930752
2025-05-14 06:40:33,46.115,4.492,0,0,409.30,30555.84,31855.92,34,4074377,4511876,10287075328,36777930752
2025-05-14 06:40:33,45.188,4.714,0,0,389.30,30555.84,31855.92,34,4074584,4512084,10287075328,36777934848
2025-05-14 06:40:34,46.189,4.882,0,73728,319.50,30555.84,31855.92,34,4074795,4512298,10287075328,36778004480
2025-05-14 06:40:34,44.514,4.594,0,0,509.10,30555.84,31855.92,34,4074996,4512499,10287075328,36778004480
2025-05-14 06:40:34,45.999,4.798,0,0,429.30,30555.84,31855.92,34,4075205,4512702,10287075328,36778004480
2025-05-14 06:40:34,45.149,4.827,0,0,369.40,30555.84,31855.92,34,4075405,4512902,10287075328,36778004480
2025-05-14 06:40:34,46.032,4.862,0,8192,419.30,30555.84,31855.92,34,4075614,4513115,10287075328,36778082304
2025-05-14 06:40:35,46.717,5.069,0,438272,618.80,30555.84,31855.92,34,4076537,4514419,10287075328,36785508352
2025-05-14 06:40:35,48.016,5.088,0,7180288,459.20,30555.84,31855.92,34,4076809,4514711,10287075328,36785934336
2025-05-14 06:40:35,45.551,4.941,0,401408,309.40,30555.84,31855.92,34,4077046,4514953,10287075328,36786102272
2025-05-14 06:40:35,44.807,4.492,0,73728,399.30,30555.84,31855.92,34,4077262,4515170,10287075328,36786241536
2025-05-14 06:40:35,45.791,4.509,0,200704,429.30,30555.84,31855.92,34,4077473,4515380,10287075328,36786307072
2025-05-14 06:40:36,46.254,4.446,0,0,429.30,30555.84,31855.92,34,4077674,4515581,10287075328,36786307072
2025-05-14 06:40:36,45.714,4.275,0,0,439.40,30555.84,31855.92,34,4077881,4515790,10287079424,36786319360
2025-05-14 06:40:36,45.581,4.605,4096,81920,369.30,30555.84,31855.92,34,4078100,4516014,10287079424,36786462720
2025-05-14 06:40:36,44.877,4.785,0,81920,399.30,30555.84,31855.92,34,4078302,4516218,10287079424,36786475008
2025-05-14 06:40:36,45.225,4.621,0,135168,389.40,30555.84,31855.92,34,4078506,4516423,10287079424,36786606080
2025-05-14 06:40:37,44.823,4.738,0,135168,289.50,30555.84,31855.92,34,4078710,4516631,10287079424,36786741248
2025-05-14 06:40:37,44.171,4.629,0,0,409.40,30555.84,31855.92,34,4078912,4516832,10287079424,36786741248
2025-05-14 06:40:37,45.445,4.502,0,0,339.50,30555.84,31855.92,34,4079113,4517033,10287079424,36786741248
2025-05-14 06:40:37,44.675,4.658,0,4096,339.40,30555.84,31855.92,34,4079324,4517251,10287079424,36787273728
2025-05-14 06:40:37,44.994,4.495,0,790528,369.40,30555.84,31855.92,34,4079529,4517459,10287079424,36787535872
2025-05-14 06:40:38,45.764,4.631,0,0,329.50,30555.84,31855.92,34,4079734,4517665,10287079424,36787539968
2025-05-14 06:40:38,45.144,4.628,0,4096,319.40,30555.84,31855.92,34,4079935,4517866,10287079424,36787539968
2025-05-14 06:40:38,45.319,4.612,0,0,329.50,30555.84,31855.92,34,4080137,4518068,10287079424,36787539968
2025-05-14 06:40:38,45.824,4.618,0,0,299.50,30555.84,31855.92,34,4080337,4518268,10287079424,36787539968
2025-05-14 06:40:38,45.004,4.591,0,0,299.50,30555.84,31855.92,34,4080538,4518469,10287079424,36787539968
2025-05-14 06:40:39,44.036,4.647,0,0,299.60,30555.84,31855.92,34,4080745,4518678,10287079424,36787613696
2025-05-14 06:40:39,45.636,4.727,0,73728,329.40,30555.84,31855.92,34,4080947,4518880,10287079424,36787613696
2025-05-14 06:40:39,45.504,4.633,0,0,329.40,30555.84,31855.92,34,4081148,4519081,10287079424,36787613696
2025-05-14 06:40:39,45.394,4.562,0,0,329.50,30555.84,31855.92,34,4081349,4519282,10287079424,36787613696
2025-05-14 06:40:39,45.543,4.561,0,0,299.50,30555.84,31855.92,34,4081551,4519484,10287079424,36787613696
2025-05-14 06:40:40,45.578,4.731,0,0,259.60,30555.84,31855.92,34,4081755,4519688,10287079424,36787613696
2025-05-14 06:40:40,44.973,4.592,0,0,239.80,30555.84,31855.92,34,4081956,4519889,10287079424,36787613696
2025-05-14 06:40:40,45.102,4.375,0,0,359.30,30555.84,31855.92,34,4082167,4520099,10287079424,36787613696
2025-05-14 06:40:40,46.294,4.422,0,0,329.50,30555.84,31855.92,34,4082367,4520299,10287079424,36787613696
2025-05-14 06:40:40,45.177,4.438,0,0,359.40,30555.84,31855.92,34,4082569,4520501,10287079424,36787613696
2025-05-14 06:40:41,45.539,4.492,0,0,199.60,30555.84,31855.92,34,4082770,4520702,10287079424,36787613696
2025-05-14 06:40:41,42.829,3.831,0,0,149.80,30555.84,31855.92,34,4082972,4520904,10287079424,36787613696
2025-05-14 06:40:41,41.267,3.937,0,0,109.90,30555.84,31855.92,34,4083173,4521105,10287079424,36787613696
2025-05-14 06:40:41,42.505,3.888,0,0,119.80,30555.84,31855.92,34,4083374,4521306,10287079424,36787613696
2025-05-14 06:40:41,47.708,4.520,0,0,429.10,30555.84,31855.92,34,4083575,4521507,10287079424,36787613696
2025-05-14 06:40:42,51.054,5.202,0,0,469.20,30555.84,31855.92,34,4083772,4521704,10287079424,36787613696
2025-05-14 06:40:42,50.465,5.186,0,53248,439.20,30555.84,31855.92,34,4083997,4521940,10287079424,36787666944
2025-05-14 06:40:42,48.089,4.917,0,0,329.40,30555.84,31855.92,34,4084192,4522135,10287079424,36787666944
2025-05-14 06:40:42,46.696,4.422,0,0,259.50,30555.84,31855.92,34,4084398,4522341,10287079424,36787666944
2025-05-14 06:40:42,46.372,4.120,0,0,39.90,30555.84,31855.92,34,4084599,4522542,10287079424,36787666944
2025-05-14 06:40:43,41.306,3.784,0,0,59.90,30555.84,31855.92,34,4084808,4522754,10287079424,36787683328
2025-05-14 06:40:43,39.468,3.795,0,16384,69.90,30555.84,31855.92,34,4085010,4522956,10287079424,36787683328
2025-05-14 06:40:43,38.739,3.741,0,0,339.30,30555.84,31855.92,34,4085210,4523156,10287079424,36787683328
2025-05-14 06:40:43,47.239,4.455,0,0,449.20,30555.84,31855.92,34,4085401,4523347,10287079424,36787683328
2025-05-14 06:40:43,46.954,4.420,0,0,319.40,30555.84,31855.92,34,4085603,4523549,10287079424,36787683328
2025-05-14 06:40:44,44.677,4.590,0,0,399.30,30555.84,31855.92,34,4086142,4524194,10287079424,36790448128
2025-05-14 06:40:44,44.345,4.445,0,2764800,69.90,30555.84,31855.92,34,4086343,4524395,10287079424,36790448128
2025-05-14 06:40:44,36.562,3.606,0,0,49.90,30555.84,31855.92,34,4086545,4524597,10287079424,36790448128
2025-05-14 06:40:44,39.078,3.677,0,0,59.90,30555.84,31855.92,34,4086745,4524797,10287079424,36790448128
2025-05-14 06:40:44,39.333,3.677,0,0,60.00,30555.84,31855.92,34,4086946,4524998,10287079424,36790448128
2025-05-14 06:40:45,39.190,3.679,0,0,59.90,30555.84,31855.92,34,4087147,4525199,10287079424,36790448128
2025-05-14 06:40:45,41.341,3.695,0,0,49.90,30555.84,31855.92,34,4087348,4525401,10287079424,36790448128
2025-05-14 06:40:45,41.252,3.739,0,0,49.90,30555.84,31855.92,34,4087550,4525602,10287079424,36790448128
2025-05-14 06:40:45,44.751,3.785,0,0,49.90,30555.84,31855.92,34,4087749,4525801,10287079424,36790448128
2025-05-14 06:40:46,44.177,3.747,0,0,79.90,30555.84,31855.92,34,4087950,4526002,10287079424,36790448128
2025-05-14 06:40:46,38.044,3.717,0,0,59.90,30555.84,31855.92,34,4088152,4526204,10287079424,36790448128
2025-05-14 06:40:46,40.868,3.753,0,0,49.90,30555.84,31855.92,34,4088352,4526404,10287079424,36790448128
2025-05-14 06:40:46,47.253,4.076,0,0,309.50,30555.84,31855.92,34,4088547,4526599,10287079424,36790448128
2025-05-14 06:40:46,48.257,4.754,0,0,339.40,30555.84,31855.92,34,4088745,4526797,10287079424,36790448128
2025-05-14 06:40:47,47.379,4.667,0,0,379.40,30555.84,31855.92,34,4088943,4526995,10287079424,36790448128
2025-05-14 06:40:47,47.563,5.026,0,0,319.50,30555.84,31855.92,34,4089140,4527192,10287079424,36790448128
2025-05-14 06:40:47,46.289,4.952,0,0,299.50,30555.84,31855.92,34,4089339,4527391,10287079424,36790448128
2025-05-14 06:40:47,45.964,4.722,0,0,269.60,30555.84,31855.92,34,4089540,4527592,10287079424,36790448128
2025-05-14 06:40:47,46.458,4.589,0,0,229.60,30555.84,31855.92,34,4089759,4527811,10287079424,36790448128
2025-05-14 06:40:48,48.346,4.561,0,0,299.50,30555.84,31855.92,34,4089964,4528016,10287079424,36790448128
2025-05-14 06:40:48,46.382,4.790,0,0,369.30,30555.84,31855.92,34,4090168,4528222,10287079424,36790452224
2025-05-14 06:40:48,49.119,4.629,0,4096,299.40,30555.84,31855.92,34,4090364,4528418,10287079424,36790452224
2025-05-14 06:40:48,45.945,4.532,0,0,329.30,30555.84,31855.92,34,4090561,4528615,10287079424,36790452224
2025-05-14 06:40:48,48.660,4.606,0,0,279.50,30555.84,31855.92,34,4090751,4528805,10287079424,36790452224
2025-05-14 06:40:49,45.797,4.849,0,0,209.60,30555.84,31855.92,34,4090952,4529006,10287079424,36790452224
2025-05-14 06:40:49,43.267,4.569,0,0,219.60,30555.84,31855.92,34,4091153,4529207,10287079424,36790452224
2025-05-14 06:40:49,41.906,4.093,0,0,159.70,30555.84,31855.92,34,4091354,4529408,10287079424,36790452224
2025-05-14 06:40:49,42.503,3.914,0,0,159.70,30555.84,31855.92,34,4091555,4529609,10287079424,36790452224
2025-05-14 06:40:49,43.756,3.857,0,0,159.70,30555.84,31855.92,34,4091761,4529815,10287079424,36790452224
2025-05-14 06:40:50,42.205,3.938,0,0,159.70,30555.84,31855.92,34,4091963,4530017,10287079424,36790452224
2025-05-14 06:40:50,43.590,3.826,0,0,159.70,30555.84,31855.92,34,4092164,4530218,10287079424,36790452224
2025-05-14 06:40:50,42.550,3.864,0,0,149.70,30555.84,31855.92,34,4092369,4530423,10287079424,36790452224
2025-05-14 06:40:50,44.132,3.977,0,0,159.70,30555.84,31855.92,34,4092560,4530614,10287079424,36790452224
2025-05-14 06:40:50,45.721,4.118,0,0,159.70,30555.84,31855.92,34,4092752,4530806,10287079424,36790452224
2025-05-14 06:40:51,42.993,3.989,0,0,189.70,30555.84,31855.92,34,4092954,4531008,10287079424,36790452224
2025-05-14 06:40:51,42.637,3.929,0,0,149.70,30555.84,31855.92,34,4093155,4531209,10287079424,36790452224
2025-05-14 06:40:51,42.708,3.932,0,0,149.70,30555.84,31855.92,34,4093356,4531410,10287079424,36790452224
2025-05-14 06:40:51,42.669,3.937,0,0,149.70,30555.84,31855.92,34,4093556,4531610,10287079424,36790452224
2025-05-14 06:40:51,44.398,3.866,0,0,69.80,30555.84,31855.92,34,4093758,4531812,10287079424,36790452224
2025-05-14 06:40:52,38.319,3.732,0,0,69.90,30555.84,31855.92,34,4093959,4532013,10287079424,36790452224
2025-05-14 06:40:52,39.437,3.781,20480,0,99.80,30555.84,31855.92,34,4094181,4532228,10287104000,36790452224
2025-05-14 06:40:52,40.938,3.987,106496,1536000,59.90,30555.84,31855.92,34,4094442,4532511,10287206400,36791988224
2025-05-14 06:40:52,39.702,3.927,3805184,0,139.70,30555.84,31855.92,34,4094718,4532773,10291056640,36791988224
2025-05-14 06:40:52,46.041,4.433,45056,0,149.70,30555.84,31855.92,34,4094889,4532944,10291056640,36791988224
2025-05-14 06:40:53,45.313,4.114,0,0,149.70,30555.84,31855.92,34,4095090,4533145,10291056640,36791988224
2025-05-14 06:40:53,42.391,3.857,0,0,169.70,30555.84,31855.92,34,4095300,4533358,10291056640,36792000512
2025-05-14 06:40:53,41.973,3.878,0,12288,159.70,30555.84,31855.92,34,4095501,4533559,10291056640,36792000512
2025-05-14 06:40:53,42.189,3.853,0,0,159.70,30555.84,31855.92,34,4095702,4533760,10291056640,36792000512
2025-05-14 06:40:53,41.989,3.823,0,0,169.70,30555.84,31855.92,34,4095903,4533961,10291056640,36792000512
2025-05-14 06:40:54,42.162,3.864,0,0,159.70,30555.84,31855.92,34,4096104,4534162,10291056640,36792000512
2025-05-14 06:40:54,42.872,3.858,0,0,189.70,30555.84,31855.92,34,4096306,4534364,10291056640,36792000512
2025-05-14 06:40:54,42.471,3.887,0,0,149.80,30555.84,31855.92,34,4096507,4534565,10291056640,36792000512
2025-05-14 06:40:54,42.120,3.769,0,0,169.70,30555.84,31855.92,34,4096707,4534765,10291056640,36792000512
2025-05-14 06:40:54,40.502,3.837,0,0,159.70,30555.84,31855.92,34,4096908,4534966,10291056640,36792000512
2025-05-14 06:40:55,41.715,3.841,0,0,169.70,30555.84,31855.92,34,4097109,4535167,10291056640,36792000512
2025-05-14 06:40:55,41.973,3.740,0,0,159.70,30555.84,31855.92,34,4097310,4535368,10291056640,36792000512
2025-05-14 06:40:55,42.252,3.764,0,0,159.70,30555.84,31855.92,34,4097512,4535570,10291056640,36792000512
2025-05-14 06:40:55,42.475,3.882,0,0,139.70,30555.84,31855.92,34,4097713,4535771,10291056640,36792000512
2025-05-14 06:40:55,41.057,4.115,20480,0,149.70,30555.84,31855.92,34,4097920,4535976,10291167232,36792000512
2025-05-14 06:40:56,42.021,3.791,90112,0,149.70,30555.84,31855.92,34,4098126,4536181,10291326976,36792000512
2025-05-14 06:40:56,41.588,3.892,172032,0,129.80,30555.84,31855.92,34,4098333,4536386,10291392512,36792000512
2025-05-14 06:40:56,42.337,3.855,77824,0,149.80,30555.84,31855.92,34,4098540,4536591,10291429376,36792000512
2025-05-14 06:40:56,41.938,3.834,102400,0,149.70,30555.84,31855.92,34,4098744,4536794,10291519488,36792000512
2025-05-14 06:40:56,42.200,3.771,0,0,89.80,30555.84,31855.92,34,4098945,4536995,10291519488,36792000512
2025-05-14 06:40:57,39.921,3.693,0,0,49.90,30555.84,31855.92,34,4099146,4537196,10291519488,36792000512
2025-05-14 06:40:57,42.186,4.117,8192,0,179.80,30555.84,31855.92,34,4099366,4537410,10291580928,36792000512
2025-05-14 06:40:57,43.083,4.134,53248,0,49.90,30555.84,31855.92,34,4099567,4537611,10291580928,36792000512
2025-05-14 06:40:57,41.789,3.896,0,12288,39.90,30555.84,31855.92,34,4099769,4537814,10291580928,36792012800
2025-05-14 06:40:57,44.688,3.728,0,0,69.90,30555.84,31855.92,34,4099971,4538016,10291580928,36792012800
2025-05-14 06:40:58,37.116,3.652,0,0,69.90,30555.84,31855.92,34,4100172,4538217,10291580928,36792012800
2025-05-14 06:40:58,38.774,3.674,0,0,539.10,30555.84,31855.92,34,4100549,4538565,10291978240,36793360384
2025-05-14 06:40:58,46.632,4.763,598016,1482752,59.90,30555.84,31855.92,34,4100825,4538839,10292178944,36793561088
2025-05-14 06:40:58,39.817,3.708,0,65536,49.90,30555.84,31855.92,34,4101025,4539039,10292178944,36793561088
2025-05-14 06:40:58,39.643,3.671,0,0,69.90,30555.84,31855.92,34,4101226,4539240,10292178944,36793561088
2025-05-14 06:40:59,36.823,3.713,0,0,59.90,30555.84,31855.92,34,4101427,4539441,10292178944,36793561088
2025-05-14 06:40:59,38.924,3.638,0,0,89.90,30555.84,31855.92,34,4101628,4539642,10292178944,36793561088
2025-05-14 06:40:59,36.913,3.626,0,0,69.90,30555.84,31855.92,34,4101830,4539844,10292178944,36793561088
2025-05-14 06:40:59,36.580,3.617,0,0,59.90,30555.84,31855.92,34,4102031,4540045,10292178944,36793561088
2025-05-14 06:40:59,38.883,3.714,0,0,69.90,30555.84,31855.92,34,4102232,4540246,10292178944,36793561088
2025-05-14 06:41:00,36.630,3.703,0,0,79.90,30555.84,31855.92,34,4102436,4540450,10292178944,36793561088
2025-05-14 06:41:00,38.343,3.720,0,0,69.90,30555.84,31855.92,34,4102638,4540652,10292178944,36793561088
2025-05-14 06:41:00,37.613,3.594,4096,12288,99.80,30555.84,31855.92,34,4102854,4540873,10292183040,36793716736
2025-05-14 06:41:00,40.133,3.806,0,143360,49.90,30555.84,31855.92,34,4103060,4541079,10292183040,36793716736
2025-05-14 06:41:00,41.693,3.924,0,1904640,529.10,30555.84,31855.92,34,4103347,4541430,10292187136,36795932672
2025-05-14 06:41:01,48.559,4.953,4096,466944,409.30,30555.84,31855.92,34,4103649,4541764,10292187136,36796325888
2025-05-14 06:41:01,46.951,4.768,0,331776,399.30,30555.84,31855.92,34,4103865,4541985,10292187136,36796420096
2025-05-14 06:41:01,47.285,5.090,131072,4096,389.20,30555.84,31855.92,34,4104084,4542202,10292318208,36796489728
2025-05-14 06:41:01,46.073,4.822,0,65536,299.40,30555.84,31855.92,34,4104287,4542405,10292318208,36796489728
2025-05-14 06:41:01,48.780,4.594,0,0,449.20,30555.84,31855.92,34,4104473,4542591,10292318208,36796489728
2025-05-14 06:41:02,48.191,4.622,0,0,359.30,30555.84,31855.92,34,4104674,4542792,10292318208,36796489728
2025-05-14 06:41:02,47.268,4.795,0,0,459.10,30555.84,31855.92,34,4104889,4543007,10292318208,36796489728
2025-05-14 06:41:02,47.863,5.209,0,0,389.30,30555.84,31855.92,34,4105090,4543208,10292318208,36796489728
2025-05-14 06:41:02,47.013,5.064,0,0,339.40,30555.84,31855.92,34,4105563,4543733,10292318208,36799049728
2025-05-14 06:41:02,49.150,4.835,4096,2560000,369.20,30555.84,31855.92,34,4105758,4543927,10292322304,36799049728
2025-05-14 06:41:03,47.287,4.854,8192,184320,608.90,30555.84,31855.92,34,4106050,4544234,10292477952,36799393792
2025-05-14 06:41:03,49.064,5.347,151552,528384,539.10,30555.84,31855.92,34,4106536,4544661,10292486144,36800106496
2025-05-14 06:41:03,48.095,5.274,4096,651264,409.30,30555.84,31855.92,34,4106839,4544961,10292486144,36800684032
2025-05-14 06:41:03,45.973,4.262,0,270336,369.30,30555.84,31855.92,34,4107043,4545165,10292486144,36800684032
2025-05-14 06:41:03,47.532,4.306,0,65536,369.40,30555.84,31855.92,34,4107249,4545372,10292486144,36800749568
2025-05-14 06:41:04,46.042,4.318,0,184320,349.40,30555.84,31855.92,34,4107458,4545586,10292486144,36800933888
2025-05-14 06:41:04,47.841,4.202,0,0,339.30,30555.84,31855.92,34,4107662,4545790,10292486144,36800933888
2025-05-14 06:41:04,47.367,4.743,4096,20480,319.40,30555.84,31855.92,34,4107889,4546014,10292490240,36800983040
2025-05-14 06:41:04,45.445,4.813,0,28672,279.50,30555.84,31855.92,34,4108084,4546211,10292490240,36801052672
2025-05-14 06:41:04,47.234,4.410,0,69632,439.20,30555.84,31855.92,34,4108281,4546408,10292490240,36801052672
2025-05-14 06:41:05,46.361,4.521,0,204800,419.20,30555.84,31855.92,34,4108457,4546590,10292490240,36801257472
2025-05-14 06:41:05,48.897,4.578,0,0,339.30,30555.84,31855.92,34,4108646,4546778,10292490240,36801257472
2025-05-14 06:41:05,47.844,4.655,0,0,429.30,30555.84,31855.92,34,4108856,4546991,10292490240,36801331200
2025-05-14 06:41:05,46.657,4.689,0,147456,389.30,30555.84,31855.92,34,4109064,4547201,10292490240,36801404928
2025-05-14 06:41:05,45.644,4.706,0,0,459.20,30555.84,31855.92,34,4109285,4547418,10292490240,36801486848
2025-05-14 06:41:06,46.103,4.482,0,94208,409.30,30555.84,31855.92,34,4109494,4547630,10292490240,36801499136
2025-05-14 06:41:06,46.252,4.550,0,0,329.40,30555.84,31855.92,34,4109695,4547831,10292490240,36801499136
2025-05-14 06:41:06,44.605,4.512,0,0,449.20,30555.84,31855.92,34,4109897,4548033,10292490240,36801499136
2025-05-14 06:41:06,46.651,4.979,0,0,389.20,30555.84,31855.92,34,4110116,4548249,10292490240,36801646592
2025-05-14 06:41:06,45.628,5.387,0,147456,509.00,30555.84,31855.92,34,4110329,4548460,10292490240,36801646592
2025-05-14 06:41:07,48.174,5.651,0,4390912,319.40,30555.84,31855.92,34,4111021,4549363,10292490240,36806103040
2025-05-14 06:41:07,48.654,4.874,0,65536,419.30,30555.84,31855.92,34,4111217,4549559,10292490240,36806103040
2025-05-14 06:41:07,46.488,4.882,0,0,289.50,30555.84,31855.92,34,4111419,4549762,10292490240,36806115328
2025-05-14 06:41:07,46.172,4.730,0,94208,399.20,30555.84,31855.92,34,4111647,4550003,10292490240,36806348800
2025-05-14 06:41:07,48.798,4.742,0,503808,359.30,30555.84,31855.92,34,4111909,4550294,10292490240,36806950912
2025-05-14 06:41:08,47.171,4.836,0,397312,409.30,30555.84,31855.92,34,4112194,4550593,10292490240,36807450624
2025-05-14 06:41:08,46.274,4.581,0,360448,429.10,30555.84,31855.92,34,4112398,4550798,10292490240,36807458816
2025-05-14 06:41:08,45.312,4.599,4096,12288,399.20,30555.84,31855.92,34,4112605,4551007,10292494336,36807471104
2025-05-14 06:41:08,46.785,4.668,0,0,269.50,30555.84,31855.92,34,4112809,4551211,10292494336,36807471104
2025-05-14 06:41:08,44.571,4.356,0,4096,399.20,30555.84,31855.92,34,4113024,4551428,10292494336,36807483392
2025-05-14 06:41:09,45.619,4.207,0,8192,419.20,30555.84,31855.92,34,4113226,4551630,10292494336,36807483392
2025-05-14 06:41:09,45.902,4.287,0,0,319.30,30555.84,31855.92,34,4113448,4551854,10292494336,36807499776
2025-05-14 06:41:09,43.868,4.805,0,147456,399.20,30555.84,31855.92,34,4113668,4552080,10292494336,36807843840
2025-05-14 06:41:09,44.465,4.686,0,278528,389.30,30555.84,31855.92,34,4113868,4552281,10292494336,36807909376
2025-05-14 06:41:09,45.289,4.775,0,4096,369.30,30555.84,31855.92,34,4114076,4552494,10292494336,36808306688
2025-05-14 06:41:10,46.191,4.855,0,393216,399.20,30555.84,31855.92,34,4114284,4552703,10292494336,36808310784
2025-05-14 06:41:10,45.631,4.840,0,94208,239.60,30555.84,31855.92,34,4114494,4552919,10292494336,36808421376
2025-05-14 06:41:10,45.242,4.518,0,20480,309.50,30555.84,31855.92,34,4114709,4553136,10292494336,36808536064
2025-05-14 06:41:10,45.809,4.493,0,122880,239.50,30555.84,31855.92,34,4114920,4553350,10292494336,36808609792
2025-05-14 06:41:10,47.735,4.590,0,151552,329.40,30555.84,31855.92,34,4115135,4553570,10292494336,36808855552
2025-05-14 06:41:11,46.798,4.756,0,438272,449.10,30555.84,31855.92,34,4115811,4554392,10292494336,36812443648
2025-05-14 06:41:11,46.947,4.854,0,3436544,389.20,30555.84,31855.92,34,4116098,4554709,10292494336,36812951552
2025-05-14 06:41:11,45.927,4.653,0,516096,389.20,30555.84,31855.92,34,4116365,4554990,10292494336,36813230080
2025-05-14 06:41:11,46.364,4.626,0,237568,289.50,30555.84,31855.92,34,4116587,4555219,10292494336,36813422592
2025-05-14 06:41:11,45.813,4.495,0,163840,359.40,30555.84,31855.92,34,4116809,4555447,10292494336,36813774848
2025-05-14 06:41:12,44.989,4.455,0,327680,269.50,30555.84,31855.92,34,4117038,4555685,10292494336,36813885440
2025-05-14 06:41:12,45.082,4.426,0,266240,319.50,30555.84,31855.92,34,4117244,4555897,10292494336,36814090240
2025-05-14 06:41:12,44.631,4.401,0,278528,319.50,30555.84,31855.92,34,4117461,4556124,10292494336,36814639104
2025-05-14 06:41:12,46.347,4.479,0,409600,359.50,30555.84,31855.92,34,4117662,4556330,10292494336,36814848000
2025-05-14 06:41:12,46.472,4.543,0,143360,359.30,30555.84,31855.92,34,4117879,4556551,10292494336,36814934016
2025-05-14 06:41:13,45.217,4.577,0,86016,329.40,30555.84,31855.92,34,4118087,4556760,10292494336,36814999552
2025-05-14 06:41:13,46.278,4.792,0,0,279.50,30555.84,31855.92,34,4118295,4556972,10292494336,36815077376
2025-05-14 06:41:13,46.134,4.634,0,274432,329.40,30555.84,31855.92,34,4118499,4557180,10292494336,36815351808
2025-05-14 06:41:13,45.124,4.646,0,77824,319.40,30555.84,31855.92,34,4118703,4557384,10292494336,36815351808
2025-05-14 06:41:13,45.218,4.573,0,0,319.40,30555.84,31855.92,34,4118902,4557583,10292494336,36815351808
2025-05-14 06:41:14,44.856,4.497,0,0,319.40,30555.84,31855.92,34,4119104,4557785,10292494336,36815351808
2025-05-14 06:41:14,45.293,4.655,0,0,369.40,30555.84,31855.92,34,4119307,4557988,10292494336,36815351808
2025-05-14 06:41:14,45.038,4.394,0,0,339.40,30555.84,31855.92,34,4119507,4558188,10292494336,36815351808
2025-05-14 06:41:14,45.683,4.349,0,0,269.50,30555.84,31855.92,34,4119708,4558389,10292494336,36815351808
2025-05-14 06:41:14,42.860,4.521,0,126976,289.40,30555.84,31855.92,34,4119941,4558633,10292494336,36815544320
2025-05-14 06:41:15,44.124,4.445,0,172032,359.40,30555.84,31855.92,34,4120198,4558910,10292494336,36815917056
2025-05-14 06:41:15,46.031,4.670,0,3477504,239.60,30555.84,31855.92,34,4120763,4559539,10292494336,36819128320
2025-05-14 06:41:15,44.098,4.211,0,0,289.50,30555.84,31855.92,34,4120972,4559752,10292494336,36819206144
2025-05-14 06:41:15,45.951,4.329,0,212992,319.40,30555.84,31855.92,34,4121167,4559948,10292494336,36819341312
2025-05-14 06:41:15,45.015,4.391,0,0,349.40,30555.84,31855.92,34,4121380,4560167,10292494336,36819677184
2025-05-14 06:41:16,45.084,4.274,0,352256,249.70,30555.84,31855.92,34,4121595,4560387,10292494336,36819759104
2025-05-14 06:41:16,44.566,4.321,0,65536,309.50,30555.84,31855.92,34,4121802,4560596,10292494336,36819767296
2025-05-14 06:41:16,45.375,4.418,0,536576,299.50,30555.84,31855.92,34,4122011,4560811,10292494336,36820295680
2025-05-14 06:41:16,45.732,4.329,0,0,229.60,30555.84,31855.92,34,4122196,4560996,10292494336,36820295680
2025-05-14 06:41:16,44.801,4.384,0,0,259.50,30555.84,31855.92,34,4122398,4561198,10292494336,36820295680
2025-05-14 06:41:17,45.127,4.387,0,0,309.40,30555.84,31855.92,34,4122599,4561399,10292494336,36820295680
2025-05-14 06:41:17,45.576,4.700,0,0,279.50,30555.84,31855.92,34,4122798,4561598,10292494336,36820295680
2025-05-14 06:41:17,43.603,4.519,0,0,309.50,30555.84,31855.92,34,4123000,4561800,10292494336,36820295680
2025-05-14 06:41:17,44.418,4.524,0,0,319.40,30555.84,31855.92,34,4123201,4562001,10292494336,36820295680
2025-05-14 06:41:18,45.486,4.523,0,4096,289.40,30555.84,31855.92,34,4123405,4562206,10292494336,36820299776
2025-05-14 06:41:18,45.004,4.325,0,0,299.40,30555.84,31855.92,34,4123611,4562413,10292494336,36820299776
2025-05-14 06:41:18,45.275,4.568,0,0,309.40,30555.84,31855.92,34,4123813,4562614,10292494336,36820299776
2025-05-14 06:41:18,42.533,4.598,0,0,299.40,30555.84,31855.92,34,4124015,4562816,10292494336,36820299776
2025-05-14 06:41:18,45.816,4.389,0,0,319.40,30555.84,31855.92,34,4124217,4563018,10292494336,36820299776
2025-05-14 06:41:19,44.787,4.510,0,0,369.30,30555.84,31855.92,34,4124419,4563220,10292494336,36820299776
2025-05-14 06:41:19,44.858,4.493,0,0,329.40,30555.84,31855.92,34,4124620,4563421,10292494336,36820299776
2025-05-14 06:41:19,44.510,4.521,0,0,249.60,30555.84,31855.92,34,4124821,4563622,10292494336,36820299776
2025-05-14 06:41:19,44.752,4.270,0,0,269.50,30555.84,31855.92,34,4125023,4563824,10292494336,36820299776
2025-05-14 06:41:19,45.977,4.453,0,0,239.70,30555.84,31855.92,34,4125217,4564018,10292494336,36820299776
2025-05-14 06:41:20,45.070,4.412,0,0,259.50,30555.84,31855.92,34,4125418,4564219,10292494336,36820299776
2025-05-14 06:41:20,44.352,4.387,0,0,309.40,30555.84,31855.92,34,4125619,4564420,10292494336,36820299776
2025-05-14 06:41:20,46.007,4.540,0,0,309.50,30555.84,31855.92,34,4125819,4564620,10292494336,36820299776
2025-05-14 06:41:20,44.788,4.336,0,0,299.50,30555.84,31855.92,34,4126017,4564818,10292494336,36820299776
2025-05-14 06:41:20,45.508,4.443,0,0,299.50,30555.84,31855.92,34,4126214,4565015,10292494336,36820299776
2025-05-14 06:41:21,44.852,4.286,0,0,299.40,30555.84,31855.92,34,4126414,4565215,10292494336,36820299776
2025-05-14 06:41:21,44.858,4.334,0,0,319.40,30555.84,31855.92,34,4126624,4565428,10292494336,36820312064
2025-05-14 06:41:21,45.093,4.470,0,12288,289.50,30555.84,31855.92,34,4126825,4565629,10292494336,36820312064
2025-05-14 06:41:21,44.939,4.501,0,0,269.50,30555.84,31855.92,34,4127026,4565830,10292494336,36820312064
2025-05-14 06:41:21,46.141,4.400,0,0,269.50,30555.84,31855.92,34,4127221,4566025,10292494336,36820312064
2025-05-14 06:41:22,44.890,4.319,0,0,259.60,30555.84,31855.92,34,4127420,4566224,10292494336,36820312064
2025-05-14 06:41:22,44.613,4.241,0,0,329.40,30555.84,31855.92,34,4127622,4566426,10292494336,36820312064
2025-05-14 06:41:22,44.891,4.352,0,0,319.40,30555.84,31855.92,34,4127822,4566626,10292494336,36820312064
2025-05-14 06:41:22,44.669,4.330,0,0,279.50,30555.84,31855.92,34,4128024,4566828,10292494336,36820312064
2025-05-14 06:41:22,45.813,4.456,0,0,279.50,30555.84,31855.92,34,4128220,4567024,10292494336,36820312064
2025-05-14 06:41:23,45.877,4.326,0,0,309.40,30555.84,31855.92,34,4128421,4567225,10292494336,36820312064
2025-05-14 06:41:23,44.942,4.460,0,0,259.60,30555.84,31855.92,34,4128622,4567426,10292494336,36820312064
2025-05-14 06:41:23,44.678,4.419,0,0,329.40,30555.84,31855.92,34,4128824,4567628,10292494336,36820312064
2025-05-14 06:41:23,45.298,4.346,0,0,289.50,30555.84,31855.92,34,4129025,4567829,10292494336,36820312064
2025-05-14 06:41:23,47.184,4.412,0,0,329.40,30555.84,31855.92,34,4129222,4568026,10292494336,36820312064
2025-05-14 06:41:24,45.542,4.264,0,0,269.50,30555.84,31855.92,34,4129423,4568227,10292494336,36820312064
2025-05-14 06:41:24,45.115,4.425,0,0,269.50,30555.84,31855.92,34,4129624,4568428,10292494336,36820312064
2025-05-14 06:41:24,45.263,4.455,0,0,249.60,30555.84,31855.92,34,4129826,4568630,10292494336,36820312064
2025-05-14 06:41:24,43.365,4.396,0,0,279.50,30555.84,31855.92,34,4130028,4568832,10292494336,36820312064
2025-05-14 06:41:24,46.047,4.419,0,0,259.60,30555.84,31855.92,34,4130235,4569039,10292494336,36820312064
2025-05-14 06:41:25,45.337,4.471,0,0,299.50,30555.84,31855.92,34,4130436,4569240,10292494336,36820312064
2025-05-14 06:41:25,44.609,4.481,0,0,329.40,30555.84,31855.92,34,4130638,4569442,10292494336,36820312064
2025-05-14 06:41:25,45.861,4.516,0,0,309.40,30555.84,31855.92,34,4130839,4569643,10292494336,36820312064
2025-05-14 06:41:25,45.452,4.563,0,0,259.50,30555.84,31855.92,34,4131040,4569844,10292494336,36820312064
2025-05-14 06:41:25,46.172,4.285,0,0,269.60,30555.84,31855.92,34,4131236,4570040,10292494336,36820312064
2025-05-14 06:41:26,44.828,4.339,0,0,269.60,30555.86,31855.92,32,4131438,4570242,10292494336,36820312064
2025-05-14 06:41:26,42.842,4.380,0,0,309.40,30555.89,31839.91,28,4131639,4570443,10292494336,36820312064
2025-05-14 06:41:26,44.394,4.248,0,0,269.50,30555.90,31791.89,22,4131840,4570644,10292494336,36820312064
2025-05-14 06:41:26,44.610,4.286,0,0,299.50,30555.83,31743.87,16,4132034,4570838,10292494336,36820312064
2025-05-14 06:41:26,46.225,4.501,0,0,319.50,30555.83,31743.87,16,4132235,4571039,10292494336,36820312064
2025-05-14 06:41:27,45.382,4.389,0,0,339.40,30555.83,31743.87,16,4132437,4571241,10292494336,36820312064
2025-05-14 06:41:27,44.929,4.377,0,0,299.50,30555.83,31743.87,16,4132638,4571442,10292494336,36820312064
2025-05-14 06:41:27,45.704,4.392,0,0,249.60,30555.83,31743.87,16,4132839,4571643,10292494336,36820312064
2025-05-14 06:41:27,45.119,4.430,0,1826816,389.30,30555.83,31743.87,16,4133597,4572601,10292494336,36822712320
2025-05-14 06:41:27,46.872,4.633,0,1462272,359.40,30555.83,31743.87,16,4134771,4574108,10292494336,36824469504
2025-05-14 06:41:28,46.388,4.468,0,1642496,369.40,30555.83,31743.87,16,4135881,4575530,10292494336,36826013696
2025-05-14 06:41:28,46.607,4.600,0,1536000,329.40,30555.83,31743.87,16,4137032,4577006,10292494336,36827570176
2025-05-14 06:41:28,46.092,4.452,0,1482752,379.40,30555.83,31743.87,16,4138115,4578398,10292494336,36829057024
2025-05-14 06:41:28,46.680,4.530,0,1257472,289.50,30555.83,31743.87,16,4138590,4578971,10292494336,36829626368
2025-05-14 06:41:28,47.122,4.555,0,278528,379.40,30555.80,31743.87,16,4139237,4579767,10292494336,36830597120
2025-05-14 06:41:29,46.805,4.359,0,1527808,339.40,30555.80,31743.87,16,4140168,4580958,10292494336,36831956992
2025-05-14 06:41:29,45.912,4.556,0,741376,299.40,30555.80,31743.87,16,4140430,4581242,10292494336,36832235520
2025-05-14 06:41:29,45.215,4.440,0,839680,339.40,30555.80,31743.87,16,4141438,4582531,10292494336,36834144256
2025-05-14 06:41:29,46.576,4.325,0,2220032,309.50,30555.80,31743.87,16,4142623,4584062,10292494336,36836339712
2025-05-14 06:41:29,46.527,4.570,0,2244608,359.40,30555.80,31743.87,16,4143846,4585643,10292494336,36838395904
2025-05-14 06:41:30,45.732,4.401,0,2015232,369.40,30555.80,31743.87,16,4144990,4587116,10292494336,36840382464
2025-05-14 06:41:30,45.927,4.622,0,1970176,339.50,30555.80,31743.87,16,4146238,4588722,10292494336,36842749952
2025-05-14 06:41:30,46.261,4.506,0,2285568,349.40,30555.80,31743.87,16,4147334,4590138,10292494336,36844699648
2025-05-14 06:41:30,44.589,4.566,0,2019328,319.40,30555.80,31743.87,16,4148461,4591588,10292494336,36846649344
2025-05-14 06:41:30,46.707,4.545,0,2342912,339.40,30555.80,31743.87,16,4149711,4593214,10292494336,36849152000
2025-05-14 06:41:31,45.296,4.468,0,2310144,359.40,30555.45,31743.87,16,4150989,4594868,10292494336,36851384320
2025-05-14 06:41:31,46.333,4.487,0,2134016,319.50,30555.45,31743.87,16,4152267,4596525,10292494336,36854026240
2025-05-14 06:41:31,46.041,4.313,0,2248704,279.50,30555.45,31743.87,16,4152686,4597027,10292494336,36854697984
2025-05-14 06:41:31,44.327,4.523,0,0,239.60,30555.45,31743.87,16,4152887,4597228,10292494336,36854697984
2025-05-14 06:41:31,45.676,4.498,0,0,269.50,30555.45,31743.87,16,4153087,4597428,10292494336,36854697984
2025-05-14 06:41:32,44.491,4.223,0,0,379.20,30555.45,31743.87,16,4153284,4597626,10292494336,36854702080
2025-05-14 06:41:32,45.637,4.487,0,4096,289.50,30555.45,31743.87,16,4153486,4597828,10292494336,36854702080
2025-05-14 06:41:32,45.566,4.415,0,0,339.40,30555.45,31743.87,16,4153841,4598206,10292494336,36858122240
2025-05-14 06:41:32,44.951,4.221,0,3465216,299.40,30555.45,31743.87,16,4154046,4598414,10292494336,36858167296
2025-05-14 06:41:32,48.215,4.323,0,0,309.50,30555.45,31743.87,16,4154246,4598614,10292494336,36858167296
2025-05-14 06:41:33,44.776,4.287,0,0,339.50,30555.45,31743.87,16,4154447,4598815,10292494336,36858167296
2025-05-14 06:41:33,45.193,4.353,0,0,329.50,30555.45,31743.87,16,4154648,4599016,10292494336,36858167296
2025-05-14 06:41:33,44.444,4.412,0,0,299.50,30555.45,31743.87,16,4154850,4599218,10292494336,36858167296
2025-05-14 06:41:33,45.152,4.275,0,0,259.50,30555.45,31743.87,16,4155035,4599403,10292494336,36858167296
2025-05-14 06:41:33,46.222,4.394,0,0,319.50,30555.45,31743.87,16,4155235,4599603,10292494336,36858167296
2025-05-14 06:41:34,44.310,4.434,0,0,279.50,30555.45,31743.87,16,4155437,4599805,10292494336,36858167296
2025-05-14 06:41:34,44.206,4.396,0,0,309.50,30555.45,31743.87,16,4155638,4600006,10292494336,36858167296
2025-05-14 06:41:34,45.036,4.279,0,0,329.50,30555.45,31743.87,16,4155851,4600222,10292494336,36858183680
2025-05-14 06:41:34,45.073,4.297,0,16384,249.60,30555.45,31743.87,16,4156044,4600415,10292494336,36858183680
2025-05-14 06:41:34,47.229,4.433,4096,28672,269.50,30555.45,31743.87,16,4156254,4600633,10292498432,36858212352
2025-05-14 06:41:35,44.865,4.214,0,16384,309.50,30555.45,31743.87,16,4156459,4600839,10292498432,36858228736
2025-05-14 06:41:35,46.045,4.421,0,0,289.50,30555.45,31743.87,16,4156661,4601041,10292498432,36858228736
2025-05-14 06:41:35,45.507,4.204,0,0,339.40,30555.45,31743.87,16,4156862,4601242,10292498432,36858228736
2025-05-14 06:41:35,45.090,4.254,0,0,309.40,30555.45,31743.87,16,4157061,4601441,10292498432,36858228736
2025-05-14 06:41:35,46.631,4.311,0,0,349.40,30555.45,31743.87,16,4157263,4601643,10292498432,36858228736
2025-05-14 06:41:36,45.164,4.280,0,0,319.40,30555.45,31743.87,16,4157464,4601844,10292498432,36858228736
2025-05-14 06:41:36,45.309,4.383,0,0,309.50,30555.45,31743.87,16,4157665,4602045,10292498432,36858228736
2025-05-14 06:41:36,46.376,4.389,0,0,299.50,30555.45,31743.87,16,4157866,4602246,10292498432,36858228736
2025-05-14 06:41:36,45.374,4.352,0,0,309.50,30555.45,31743.87,16,4158057,4602437,10292498432,36858228736
2025-05-14 06:41:36,47.538,4.475,0,0,309.50,30555.45,31743.87,16,4158256,4602636,10292498432,36858228736
2025-05-14 06:41:37,45.853,4.317,0,0,319.50,30555.45,31743.87,16,4158458,4602838,10292498432,36858228736
2025-05-14 06:41:37,45.156,4.369,0,0,359.50,30555.45,31743.87,16,4158655,4603036,10292498432,36858228736
2025-05-14 06:41:37,45.852,4.325,0,0,339.40,30555.45,31743.87,16,4158860,4603240,10292498432,36858228736
2025-05-14 06:41:37,44.956,4.356,0,0,309.40,30555.45,31743.87,16,4159058,4603438,10292498432,36858228736
2025-05-14 06:41:37,45.784,4.762,0,0,329.50,30555.45,31743.87,16,4159259,4603639,10292498432,36858228736
2025-05-14 06:41:38,45.847,4.596,0,0,299.50,30555.45,31743.87,16,4159465,4603845,10292498432,36858228736
2025-05-14 06:41:38,44.670,4.519,0,0,359.30,30555.45,31743.87,16,4159666,4604046,10292498432,36858228736
2025-05-14 06:41:38,44.206,4.670,0,0,289.50,30555.45,31743.87,16,4159867,4604247,10292498432,36858228736
2025-05-14 06:41:38,45.658,4.442,0,0,249.60,30555.45,31743.87,16,4160066,4604446,10292498432,36858228736
2025-05-14 06:41:38,46.453,4.525,0,0,309.40,30555.45,31743.87,16,4160268,4604648,10292498432,36858228736
2025-05-14 06:41:39,45.746,4.506,0,0,309.50,30555.45,31743.87,16,4160469,4604849,10292498432,36858228736
2025-05-14 06:41:39,45.144,4.569,0,0,349.30,30555.45,31743.87,16,4160670,4605050,10292498432,36858228736
2025-05-14 06:41:39,45.663,4.558,0,0,359.40,30555.45,31743.87,16,4160879,4605262,10292498432,36858241024
2025-05-14 06:41:39,45.754,4.413,0,12288,279.50,30555.45,31743.87,16,4161078,4605461,10292498432,36858241024
2025-05-14 06:41:39,47.031,4.582,0,0,289.50,30555.45,31743.87,16,4161280,4605663,10292498432,36858241024
2025-05-14 06:41:40,45.134,4.327,0,0,329.40,30555.45,31743.87,16,4161481,4605864,10292498432,36858241024
2025-05-14 06:41:40,44.997,4.547,0,0,259.70,30555.45,31743.87,16,4161672,4606055,10292498432,36858241024
2025-05-14 06:41:40,44.869,4.311,0,0,289.50,30555.45,31743.87,16,4161873,4606256,10292498432,36858241024
2025-05-14 06:41:40,45.135,4.317,0,0,289.50,30555.45,31743.87,16,4162068,4606451,10292498432,36858241024
2025-05-14 06:41:40,47.190,4.595,0,0,359.40,30555.45,31743.87,16,4162268,4606651,10292498432,36858241024
2025-05-14 06:41:41,45.834,4.558,0,0,319.50,30555.45,31743.87,16,4162469,4606852,10292498432,36858241024
2025-05-14 06:41:41,45.935,4.550,0,0,289.50,30555.45,31743.87,16,4162671,4607054,10292498432,36858241024
2025-05-14 06:41:41,45.234,4.344,0,0,309.50,30555.45,31743.87,16,4162872,4607255,10292498432,36858241024
2025-05-14 06:41:41,45.878,4.484,0,0,289.40,30555.45,31743.87,16,4163058,4607441,10292498432,36858241024
2025-05-14 06:41:41,46.341,4.422,0,0,299.50,30555.45,31743.87,16,4163256,4607639,10292498432,36858241024
2025-05-14 06:41:42,44.673,4.337,0,0,339.60,30555.45,31743.87,16,4163456,4607839,10292498432,36858241024
2025-05-14 06:41:42,45.963,4.605,0,0,309.40,30555.45,31743.87,16,4163657,4608040,10292498432,36858241024
2025-05-14 06:41:42,46.094,4.574,0,0,349.40,30555.45,31743.87,16,4163858,4608241,10292498432,36858241024
2025-05-14 06:41:42,45.275,4.683,0,0,249.60,30555.45,31743.87,16,4164058,4608441,10292498432,36858241024
2025-05-14 06:41:42,45.233,4.088,0,2605056,159.70,30555.45,31743.87,16,4164503,4608925,10292498432,36860911616
2025-05-14 06:41:43,42.349,3.750,0,65536,259.60,30555.45,31743.87,16,4164704,4609126,10292498432,36860911616
2025-05-14 06:41:43,42.988,3.989,0,0,169.70,30555.45,31743.87,16,4164905,4609327,10292498432,36860911616
2025-05-14 06:41:43,40.917,3.848,0,0,149.80,30555.45,31743.87,16,4165106,4609528,10292498432,36860911616
2025-05-14 06:41:43,42.443,3.802,0,0,149.70,30555.45,31743.87,16,4165307,4609729,10292498432,36860911616
2025-05-14 06:41:43,43.295,3.835,0,0,179.70,30555.45,31743.87,16,4165508,4609930,10292498432,36860911616
2025-05-14 06:41:44,42.154,3.794,0,0,79.90,30555.45,31743.87,16,4165710,4610132,10292498432,36860911616
2025-05-14 06:41:44,38.335,3.767,0,0,69.90,30555.45,31743.87,16,4165911,4610333,10292498432,36860911616
2025-05-14 06:41:44,41.098,3.969,0,0,149.70,30555.45,31743.87,16,4166112,4610534,10292498432,36860911616
2025-05-14 06:41:44,44.092,4.232,0,4096,239.60,30555.45,31743.87,16,4166316,4610739,10292498432,36860915712
2025-05-14 06:41:44,48.375,4.110,0,0,199.70,30555.45,31743.87,16,4166513,4610936,10292498432,36860915712
2025-05-14 06:41:45,42.840,3.893,0,0,159.70,30555.45,31743.87,16,4166714,4611137,10292498432,36860915712
2025-05-14 06:41:45,42.261,3.946,0,0,79.90,30555.45,31743.87,16,4166917,4611340,10292498432,36860915712
2025-05-14 06:41:45,39.462,3.751,0,0,139.80,30555.45,31743.87,16,4167116,4611539,10292498432,36860915712
2025-05-14 06:41:45,44.569,4.362,0,0,229.60,30555.45,31743.87,16,4167314,4611737,10292498432,36860915712
2025-05-14 06:41:45,48.260,4.597,0,0,479.20,30555.45,31743.87,16,4167515,4611938,10292498432,36860915712
2025-05-14 06:41:46,49.886,5.039,0,0,538.90,30555.45,31743.87,16,4167714,4612137,10292498432,36860915712
2025-05-14 06:41:46,50.454,5.055,0,0,319.50,30555.45,31743.87,16,4167918,4612341,10292498432,36860915712
2025-05-14 06:41:46,46.999,4.514,0,0,189.70,30555.45,31743.87,16,4168114,4612537,10292498432,36860915712
2025-05-14 06:41:46,43.075,4.042,0,0,99.80,30555.45,31743.87,16,4168317,4612740,10292498432,36860915712
2025-05-14 06:41:46,43.524,3.854,0,0,59.90,30555.45,31743.87,16,4168518,4612941,10292498432,36860915712
2025-05-14 06:41:47,40.660,3.811,0,0,109.80,30555.45,31743.87,16,4168720,4613143,10292498432,36860915712
2025-05-14 06:41:47,42.307,4.185,0,0,159.70,30555.45,31743.87,16,4168921,4613344,10292498432,36860915712
2025-05-14 06:41:47,43.425,4.106,0,0,149.80,30555.45,31743.87,16,4169122,4613545,10292498432,36860915712
2025-05-14 06:41:47,44.626,4.057,0,0,149.70,30555.45,31743.87,16,4169320,4613743,10292498432,36860915712
2025-05-14 06:41:47,46.171,3.941,0,0,159.70,30555.45,31743.87,16,4169518,4613941,10292498432,36860915712
2025-05-14 06:41:48,42.409,3.905,0,0,159.70,30555.45,31743.87,16,4169719,4614142,10292498432,36860915712
2025-05-14 06:41:48,42.213,3.814,0,0,159.70,30555.45,31743.87,16,4169923,4614347,10292498432,36860919808
2025-05-14 06:41:48,42.106,4.199,0,4096,69.90,30555.45,31743.87,16,4170124,4614548,10292498432,36860919808
2025-05-14 06:41:48,42.518,3.837,0,0,139.80,30555.45,31743.87,16,4170323,4614747,10292498432,36860919808
2025-05-14 06:41:48,41.753,3.918,0,0,69.90,30555.45,31743.87,16,4170524,4614948,10292498432,36860919808
2025-05-14 06:41:49,37.972,3.662,0,0,79.90,30555.45,31743.87,16,4170725,4615149,10292498432,36860919808
2025-05-14 06:41:49,41.319,3.848,0,0,59.90,30555.45,31743.87,16,4170927,4615351,10292498432,36860919808
2025-05-14 06:41:49,36.819,3.667,0,0,69.90,30555.45,31743.87,16,4171128,4615552,10292498432,36860919808
2025-05-14 06:41:49,38.087,3.685,0,0,69.90,30555.45,31743.87,16,4171329,4615753,10292498432,36860919808
2025-05-14 06:41:50,36.960,3.677,0,0,69.90,30555.45,31743.87,16,4171530,4615954,10292498432,36860919808
2025-05-14 06:41:50,36.892,3.711,0,0,49.90,30555.45,31743.87,16,4171735,4616159,10292498432,36860919808
2025-05-14 06:41:50,39.104,3.722,0,12288,69.90,30555.45,31743.87,16,4171945,4616372,10292498432,36860932096
2025-05-14 06:41:50,37.666,3.752,0,0,69.90,30555.45,31743.87,16,4172145,4616572,10292498432,36860932096
2025-05-14 06:41:50,36.704,3.687,0,0,39.90,30555.45,31743.87,16,4172347,4616774,10292498432,36860932096
2025-05-14 06:41:51,37.579,3.690,0,0,49.90,30555.45,31743.87,16,4172548,4616975,10292498432,36860932096
2025-05-14 06:41:51,38.482,3.656,0,0,49.90,30555.45,31743.87,16,4172749,4617176,10292498432,36860932096
2025-05-14 06:41:51,39.671,3.807,0,0,59.90,30555.45,31743.87,16,4172950,4617377,10292498432,36860932096
2025-05-14 06:41:51,40.575,3.856,0,0,59.90,30555.45,31743.87,16,4173151,4617578,10292498432,36860932096
2025-05-14 06:41:51,42.123,3.749,0,0,49.90,30555.45,31743.87,16,4173354,4617781,10292498432,36860932096
2025-05-14 06:41:52,39.133,3.824,0,0,79.90,30555.45,31743.87,16,4173555,4617982,10292498432,36860932096
2025-05-14 06:41:52,38.395,3.692,0,0,69.90,30555.45,31743.87,16,4173756,4618183,10292498432,36860932096
2025-05-14 06:41:52,39.213,3.793,0,2711552,59.90,30555.48,31775.88,24,4174003,4618629,10292498432,36863651840
2025-05-14 06:41:52,41.631,3.793,0,8192,69.90,30555.48,31775.88,24,4174204,4618830,10292498432,36863651840
2025-05-14 06:41:52,43.913,4.126,0,53248,539.00,30555.48,31775.88,24,4174626,4619201,10292498432,36864086016
2025-05-14 06:41:53,49.214,5.221,0,643072,439.20,30555.48,31775.88,24,4174960,4619517,10292498432,36864479232
2025-05-14 06:41:53,48.101,4.977,0,217088,379.20,30555.48,31775.88,24,4175172,4619736,10292498432,36864638976
2025-05-14 06:41:53,45.379,4.611,0,73728,419.20,30555.48,31775.88,24,4175378,4619942,10292498432,36864638976
2025-05-14 06:41:53,46.774,4.742,0,0,419.30,30555.48,31775.88,24,4175577,4620142,10292498432,36864638976
2025-05-14 06:41:53,47.237,4.659,0,0,359.30,30555.48,31775.88,24,4175775,4620339,10292498432,36864638976
2025-05-14 06:41:54,47.568,4.612,0,0,389.30,30555.48,31775.88,24,4175976,4620540,10292498432,36864638976
2025-05-14 06:41:54,45.705,4.520,0,0,399.30,30555.48,31775.88,24,4176188,4620754,10292498432,36864708608
2025-05-14 06:41:54,43.446,4.748,0,139264,419.30,30555.49,31775.88,24,4176393,4620961,10292498432,36864778240
2025-05-14 06:41:54,45.854,4.736,0,4096,409.30,30555.51,31775.88,24,4176601,4621172,10292498432,36864806912
2025-05-14 06:41:54,45.555,4.609,0,24576,369.40,30555.51,31775.88,24,4176806,4621377,10292498432,36864806912
2025-05-14 06:41:55,45.115,4.372,0,0,428.90,30555.51,31775.88,24,4177014,4621586,10292498432,36864811008
2025-05-14 06:41:55,46.037,4.630,0,69632,559.10,30555.51,31775.88,24,4177232,4621807,10292498432,36864946176
2025-05-14 06:41:55,46.276,4.795,0,81920,379.40,30555.51,31775.88,24,4177444,4622022,10292498432,36864958464
2025-05-14 06:41:55,45.898,4.468,0,0,399.40,30555.51,31775.88,24,4177646,4622224,10292498432,36864958464
2025-05-14 06:41:55,45.430,4.451,0,0,389.40,30555.51,31775.88,24,4177856,4622436,10292498432,36865032192
2025-05-14 06:41:56,44.930,4.645,0,73728,349.40,30555.51,31775.88,24,4178060,4622641,10292498432,36865036288
2025-05-14 06:41:56,45.056,4.861,0,135168,359.40,30555.51,31775.88,24,4178264,4622846,10292498432,36865167360
2025-05-14 06:41:56,46.031,4.652,0,53248,509.10,30555.52,31775.88,24,4179278,4624072,10292498432,36872380416
2025-05-14 06:41:56,47.599,4.893,0,7176192,379.40,30555.52,31775.88,24,4179502,4624304,10292498432,36872548352
2025-05-14 06:41:56,46.011,4.710,0,249856,439.30,30555.52,31775.88,24,4179736,4624548,10292498432,36872724480
2025-05-14 06:41:57,46.389,4.416,0,77824,369.40,30555.52,31775.88,24,4179937,4624749,10292498432,36872724480
2025-05-14 06:41:57,45.414,4.536,0,0,429.20,30555.52,31775.88,24,4180137,4624949,10292498432,36872724480
2025-05-14 06:41:57,46.699,4.573,0,0,419.30,30555.52,31775.88,24,4180348,4625164,10292498432,36872929280
2025-05-14 06:41:57,46.433,4.725,0,282624,339.40,30555.52,31775.88,24,4180563,4625385,10292498432,36873072640
2025-05-14 06:41:57,43.110,4.371,0,65536,389.40,30555.52,31775.88,24,4180765,4625587,10292498432,36873072640
2025-05-14 06:41:58,45.258,4.660,0,0,379.40,30555.52,31775.88,24,4180965,4625787,10292498432,36873072640
2025-05-14 06:41:58,45.289,4.917,0,69632,369.40,30555.52,31775.88,24,4181173,4626000,10292498432,36873146368
2025-05-14 06:41:58,46.187,4.848,0,69632,399.30,30555.52,31775.88,24,4181384,4626213,10292498432,36873216000
2025-05-14 06:41:58,44.758,4.413,0,69632,379.30,30555.52,31775.88,24,4181595,4626425,10292498432,36873281536
2025-05-14 06:41:58,45.321,4.398,0,69632,339.60,30555.52,31775.88,24,4181808,4626642,10292498432,36873420800
2025-05-14 06:41:59,45.517,4.526,0,69632,269.60,30555.52,31775.88,24,4182010,4626844,10292498432,36873420800
2025-05-14 06:41:59,43.064,4.599,0,0,369.30,30555.52,31775.88,24,4182211,4627045,10292498432,36873420800
2025-05-14 06:41:59,45.840,4.628,0,0,339.40,30555.52,31775.88,24,4182414,4627248,10292498432,36873420800
2025-05-14 06:41:59,45.562,4.537,0,0,329.50,30555.52,31775.88,24,4182615,4627449,10292498432,36873420800
2025-05-14 06:41:59,44.630,4.503,0,0,339.50,30555.52,31775.88,24,4182817,4627651,10292498432,36873420800
2025-05-14 06:42:00,45.086,4.408,0,0,349.30,30555.52,31775.88,24,4183029,4627867,10292498432,36873494528
2025-05-14 06:42:00,45.256,4.383,0,139264,259.60,30555.52,31775.88,24,4183233,4628072,10292498432,36873560064
2025-05-14 06:42:00,44.739,4.341,0,69632,289.50,30555.52,31775.88,24,4183446,4628287,10292498432,36873629696
2025-05-14 06:42:00,45.122,4.464,0,0,279.40,30555.52,31775.88,24,4183638,4628479,10292498432,36873629696
2025-05-14 06:42:00,46.923,4.431,0,0,309.40,30555.52,31775.88,24,4183839,4628680,10292498432,36873629696
2025-05-14 06:42:01,47.287,4.581,0,0,259.60,30555.52,31775.88,24,4184040,4628881,10292498432,36873629696
2025-05-14 06:42:01,46.629,4.752,0,0,269.60,30555.52,31775.88,24,4184241,4629082,10292498432,36873629696
2025-05-14 06:42:01,44.656,4.468,0,0,279.50,30555.52,31775.88,24,4184442,4629283,10292498432,36873629696
2025-05-14 06:42:01,44.507,4.504,0,0,299.50,30555.52,31775.88,24,4184643,4629484,10292498432,36873629696
2025-05-14 06:42:01,44.993,4.486,0,0,289.50,30555.52,31775.88,24,4184845,4629686,10292498432,36873629696
2025-05-14 06:42:02,44.788,4.507,0,0,329.40,30555.52,31775.88,24,4185038,4629879,10292498432,36873629696
2025-05-14 06:42:02,45.819,4.452,0,0,329.40,30555.52,31775.88,24,4185243,4630084,10292498432,36873629696
2025-05-14 06:42:02,45.049,4.258,0,0,299.50,30555.52,31775.88,24,4185445,4630286,10292498432,36873629696
2025-05-14 06:42:02,44.679,4.308,0,0,339.40,30555.52,31775.88,24,4185645,4630486,10292498432,36873629696
2025-05-14 06:42:02,45.766,4.383,0,0,319.50,30555.52,31775.88,24,4185846,4630687,10292498432,36873629696
2025-05-14 06:42:03,43.557,4.036,0,0,169.70,30555.52,31775.88,24,4186047,4630888,10292498432,36873629696
2025-05-14 06:42:03,42.191,3.990,0,0,89.90,30555.52,31775.88,24,4186249,4631090,10292498432,36873629696
2025-05-14 06:42:03,40.040,3.864,0,0,249.50,30555.52,31775.88,24,4186450,4631291,10292498432,36873629696
2025-05-14 06:42:03,47.445,4.632,0,0,409.30,30555.52,31775.88,24,4186648,4631489,10292498432,36873629696
2025-05-14 06:42:03,48.978,4.915,0,0,439.20,30555.52,31775.88,24,4186844,4631685,10292498432,36873629696
2025-05-14 06:42:04,49.414,5.059,0,0,439.20,30555.52,31775.88,24,4187043,4631884,10292498432,36873629696
2025-05-14 06:42:04,46.620,4.982,0,0,369.40,30555.52,31775.88,24,4187244,4632085,10292498432,36873629696
2025-05-14 06:42:04,44.701,4.332,0,0,159.70,30555.52,31775.88,24,4187444,4632285,10292498432,36873629696
2025-05-14 06:42:04,42.495,3.971,0,0,49.90,30555.52,31775.88,24,4187646,4632488,10292498432,36873633792
2025-05-14 06:42:04,45.046,3.987,0,4096,49.90,30555.52,31775.88,24,4187847,4632689,10292498432,36873633792
2025-05-14 06:42:05,39.683,3.698,0,0,49.90,30555.52,31775.88,24,4188049,4632891,10292498432,36873633792
2025-05-14 06:42:05,38.077,3.677,0,0,59.90,30555.52,31775.88,24,4188251,4633093,10292498432,36873633792
2025-05-14 06:42:05,41.852,3.950,0,2568192,79.90,30555.52,31775.88,24,4188481,4633345,10292498432,36876201984
2025-05-14 06:42:05,43.843,4.223,0,0,329.40,30555.52,31775.88,24,4188870,4633863,10292498432,36879994880
2025-05-14 06:42:05,48.878,4.566,0,3792896,269.60,30555.52,31775.88,24,4189067,4634060,10292498432,36879994880
2025-05-14 06:42:06,45.445,4.366,0,0,239.50,30555.52,31775.88,24,4189269,4634262,10292498432,36879994880
2025-05-14 06:42:06,45.440,4.497,0,0,299.50,30555.52,31775.88,24,4189470,4634463,10292498432,36879994880
2025-05-14 06:42:06,45.428,4.525,0,0,279.50,30555.52,31775.88,24,4189675,4634668,10292498432,36879994880
2025-05-14 06:42:06,43.855,4.419,0,0,219.60,30555.52,31775.88,24,4189864,4634857,10292498432,36879994880
2025-05-14 06:42:06,46.280,4.425,0,0,269.60,30555.52,31775.88,24,4190065,4635058,10292498432,36879994880
2025-05-14 06:42:07,44.264,4.400,0,0,319.50,30555.52,31775.88,24,4190266,4635259,10292498432,36879994880
2025-05-14 06:42:07,44.084,4.571,0,0,319.40,30555.52,31775.88,24,4190467,4635460,10292498432,36879994880
2025-05-14 06:42:07,44.568,4.320,0,0,299.50,30555.52,31775.88,24,4190668,4635661,10292498432,36879994880
2025-05-14 06:42:07,44.491,4.365,0,0,269.50,30555.52,31775.88,24,4190866,4635859,10292498432,36879994880
2025-05-14 06:42:07,43.945,4.490,0,0,289.50,30555.52,31775.88,24,4191068,4636061,10292498432,36879994880
2025-05-14 06:42:08,44.817,4.496,0,0,329.40,30555.52,31775.88,24,4191271,4636264,10292498432,36879994880
2025-05-14 06:42:08,44.884,4.343,0,0,299.50,30555.52,31775.88,24,4191472,4636465,10292498432,36879994880
2025-05-14 06:42:08,45.068,4.512,0,8192,229.60,30555.52,31775.88,24,4191677,4636672,10292498432,36880003072
2025-05-14 06:42:08,44.867,4.390,0,0,289.50,30555.52,31775.88,24,4191882,4636877,10292498432,36880003072
2025-05-14 06:42:08,44.297,4.379,0,0,319.50,30555.52,31775.88,24,4192086,4637083,10292498432,36880011264
2025-05-14 06:42:09,46.218,4.570,0,8192,199.60,30555.52,31775.88,24,4192287,4637284,10292498432,36880011264
2025-05-14 06:42:09,43.900,4.571,0,0,209.60,30555.52,31775.88,24,4192488,4637485,10292498432,36880011264
2025-05-14 06:42:09,43.918,4.549,0,0,159.70,30555.52,31775.88,24,4192690,4637687,10292498432,36880011264
2025-05-14 06:42:09,42.307,3.874,0,0,169.80,30555.52,31775.88,24,4192891,4637888,10292498432,36880011264
2025-05-14 06:42:09,42.361,3.850,0,0,159.90,30555.52,31775.88,24,4193092,4638089,10292498432,36880011264
2025-05-14 06:42:10,42.359,3.870,0,0,159.70,30555.52,31775.88,24,4193293,4638290,10292498432,36880011264
2025-05-14 06:42:10,42.247,4.055,0,0,129.70,30555.52,31775.88,24,4193498,4638497,10292498432,36880044032
2025-05-14 06:42:10,42.053,4.106,0,45056,149.80,30555.52,31775.88,24,4193808,4638833,10292498432,36882681856
2025-05-14 06:42:10,46.294,4.142,0,2625536,429.20,30555.52,31775.88,24,4194076,4639096,10292592640,36882849792
2025-05-14 06:42:10,49.043,5.188,413696,323584,529.00,30555.52,31775.88,24,4194503,4639484,10293497856,36883320832
2025-05-14 06:42:11,49.614,5.168,1347584,557056,59.90,30555.52,31775.88,24,4194868,4639831,10294259712,36883640320
2025-05-14 06:42:11,41.647,3.818,0,77824,59.90,30555.52,31775.88,24,4195068,4640031,10294259712,36883640320
2025-05-14 06:42:11,38.570,3.684,0,0,69.90,30555.52,31775.88,24,4195270,4640233,10294259712,36883640320
2025-05-14 06:42:11,38.415,3.655,0,0,49.90,30555.52,31775.88,24,4195470,4640433,10294259712,36883640320
2025-05-14 06:42:11,42.316,3.725,0,0,39.90,30555.52,31775.88,24,4195671,4640634,10294259712,36883640320
2025-05-14 06:42:12,39.878,3.861,0,0,89.90,30555.52,31775.88,24,4195872,4640835,10294259712,36883640320
2025-05-14 06:42:12,40.698,3.745,0,0,39.90,30555.52,31775.88,24,4196074,4641037,10294259712,36883640320
2025-05-14 06:42:12,39.499,3.756,4096,12288,49.90,30555.52,31775.88,24,4196281,4641246,10294263808,36883652608
2025-05-14 06:42:12,41.425,3.880,0,0,309.40,30555.52,31775.88,24,4196483,4641453,10294263808,36883763200
2025-05-14 06:42:12,45.006,4.129,0,335872,89.90,30555.52,31775.88,24,4196716,4641686,10294263808,36883988480
2025-05-14 06:42:13,38.707,3.691,0,0,59.90,30555.52,31775.88,24,4196917,4641887,10294263808,36883988480
2025-05-14 06:42:13,39.417,3.624,0,0,49.90,30555.52,31775.88,24,4197119,4642089,10294263808,36883988480
2025-05-14 06:42:13,39.251,3.613,0,0,69.90,30555.52,31775.88,24,4197320,4642290,10294263808,36883988480
2025-05-14 06:42:13,38.751,3.592,0,0,59.90,30555.52,31775.88,24,4197515,4642485,10294263808,36883988480
2025-05-14 06:42:13,44.990,3.812,0,0,49.90,30555.52,31775.88,24,4197714,4642684,10294263808,36883988480
2025-05-14 06:42:14,40.970,3.668,0,0,39.90,30555.52,31775.88,24,4197914,4642884,10294263808,36883988480
2025-05-14 06:42:14,40.089,3.612,0,0,49.90,30555.52,31775.88,24,4198115,4643085,10294263808,36883988480
2025-05-14 06:42:14,38.421,3.595,0,0,59.90,30555.52,31775.88,24,4198316,4643286,10294263808,36883988480
2025-05-14 06:42:14,46.647,3.855,0,0,39.90,30555.52,31775.88,24,4198502,4643472,10294263808,36883988480
2025-05-14 06:42:14,47.628,3.861,0,0,59.90,30555.52,31775.88,24,4198703,4643673,10294263808,36883988480
2025-05-14 06:42:15,43.716,3.874,0,0,129.70,30555.52,31775.88,24,4198902,4643872,10294263808,36883988480
2025-05-14 06:42:15,45.642,4.247,0,0,59.90,30555.52,31775.88,24,4199103,4644073,10294263808,36883988480
2025-05-14 06:42:15,42.463,3.913,0,0,69.90,30555.52,31775.88,24,4199305,4644275,10294263808,36883988480
2025-05-14 06:42:15,41.123,3.838,0,0,49.90,30555.52,31775.88,24,4199503,4644473,10294263808,36883988480
2025-05-14 06:42:15,43.471,3.721,0,0,59.90,30555.52,31775.88,24,4199704,4644674,10294263808,36883988480
2025-05-14 06:42:16,38.230,3.850,0,0,69.90,30555.52,31775.88,24,4199905,4644875,10294263808,36883988480
2025-05-14 06:42:16,39.885,3.786,0,0,89.80,30555.52,31775.88,24,4200106,4645076,10294263808,36883988480
2025-05-14 06:42:16,45.568,4.266,0,0,159.70,30555.52,31775.88,24,4200308,4645278,10294263808,36883988480
2025-05-14 06:42:16,45.949,4.311,0,3948544,149.70,30555.52,31775.88,24,4200854,4645919,10294263808,36887937024
2025-05-14 06:42:16,46.801,4.011,0,0,169.70,30555.52,31775.88,24,4201055,4646120,10294263808,36887937024
2025-05-14 06:42:17,42.807,3.959,0,0,169.70,30555.52,31775.88,24,4201257,4646322,10294263808,36887937024
2025-05-14 06:42:17,42.418,3.900,0,0,159.80,30555.52,31775.88,24,4201458,4646523,10294263808,36887937024
2025-05-14 06:42:17,42.428,3.802,0,0,159.70,30555.52,31775.88,24,4201659,4646724,10294263808,36887937024
2025-05-14 06:42:17,43.658,3.752,0,0,149.70,30555.52,31775.88,24,4201859,4646924,10294263808,36887937024
2025-05-14 06:42:17,42.902,3.843,0,0,149.80,30555.52,31775.88,24,4202060,4647125,10294263808,36887937024
2025-05-14 06:42:18,42.125,3.774,0,0,169.70,30555.52,31775.88,24,4202261,4647326,10294263808,36887937024
2025-05-14 06:42:18,40.691,3.819,0,0,159.70,30555.52,31775.88,24,4202471,4647539,10294263808,36887949312
2025-05-14 06:42:18,43.216,3.917,0,12288,159.70,30555.52,31775.88,24,4202672,4647740,10294263808,36887949312
2025-05-14 06:42:18,43.374,3.827,0,0,169.70,30555.52,31775.88,24,4202872,4647940,10294263808,36887949312
2025-05-14 06:42:18,44.462,4.017,0,0,179.60,30555.52,31775.88,24,4203074,4648142,10294263808,36887949312
2025-05-14 06:42:19,45.089,4.037,0,0,159.70,30555.52,31775.88,24,4203275,4648343,10294263808,36887949312
2025-05-14 06:42:19,42.429,3.889,0,0,49.90,30555.52,31775.88,24,4203476,4648544,10294263808,36887949312
2025-05-14 06:42:19,39.563,3.729,0,0,139.80,30555.52,31775.88,24,4203698,4648763,10295066624,36887949312
2025-05-14 06:42:19,44.623,4.185,802816,0,139.70,30555.52,31775.88,24,4203894,4648959,10295066624,36887949312
2025-05-14 06:42:19,46.797,4.138,0,0,69.90,30555.52,31775.88,24,4204093,4649158,10295066624,36887949312
2025-05-14 06:42:20,43.157,4.198,118784,0,209.60,30555.52,31775.88,24,4204332,4649394,10295234560,36887982080
2025-05-14 06:42:20,43.260,4.138,118784,212992,149.70,30555.52,31775.88,24,4204587,4649662,10295312384,36888604672
2025-05-14 06:42:20,42.942,4.194,45056,442368,309.50,30555.52,31775.88,24,4204835,4649912,10295357440,36888936448
2025-05-14 06:42:20,47.238,4.650,28672,585728,269.50,30555.52,31775.88,24,4205347,4650496,10295382016,36892151808
2025-05-14 06:42:20,44.522,4.025,4096,2961408,69.90,30555.52,31775.88,24,4205548,4650697,10295382016,36892151808
2025-05-14 06:42:21,41.440,4.014,0,0,259.50,30555.52,31775.88,24,4205746,4650895,10295382016,36892151808
2025-05-14 06:42:21,41.764,3.946,0,0,49.90,30555.52,31775.88,24,4205947,4651096,10295382016,36892151808
2025-05-14 06:42:21,38.511,3.626,0,0,59.90,30555.52,31775.88,24,4206148,4651297,10295382016,36892151808
2025-05-14 06:42:21,41.435,3.632,0,0,249.50,30555.52,31775.88,24,4206400,4651536,10295738368,36892164096
2025-05-14 06:42:22,42.061,4.071,356352,122880,449.10,30555.52,31775.88,24,4206676,4651823,10295836672,36892827648
2025-05-14 06:42:22,48.717,5.745,139264,851968,389.30,30555.52,31775.88,24,4206979,4652144,10295881728,36893532160
2025-05-14 06:42:22,47.254,4.875,45056,708608,139.80,30555.52,31775.88,24,4207251,4652432,10295943168,36893917184
2025-05-14 06:42:22,41.637,4.019,20480,630784,49.90,30555.52,31775.88,24,4207467,4652655,10295943168,36894466048
2025-05-14 06:42:22,44.496,3.664,0,0,69.90,30555.52,31775.88,24,4207666,4652854,10295943168,36894466048
2025-05-14 06:42:23,39.488,3.638,0,0,59.90,30555.52,31775.88,24,4207867,4653055,10295943168,36894466048
2025-05-14 06:42:23,38.582,3.619,0,0,69.90,30555.52,31775.88,24,4208068,4653256,10295943168,36894466048
2025-05-14 06:42:23,39.324,3.650,0,0,59.90,30555.52,31775.88,24,4208273,4653462,10295943168,36894470144
2025-05-14 06:42:23,39.872,3.706,0,278528,269.50,30555.52,31775.88,24,4208544,4653738,10295943168,36894838784
2025-05-14 06:42:23,43.369,4.129,0,94208,49.90,30555.52,31775.88,24,4208745,4653939,10295943168,36894838784
2025-05-14 06:42:24,39.758,3.587,0,0,69.90,30555.52,31775.88,24,4208947,4654141,10295943168,36894838784
2025-05-14 06:42:24,39.520,3.788,0,106496,99.80,30555.52,31775.88,24,4209159,4654359,10295943168,36894945280
2025-05-14 06:42:24,42.623,4.128,12288,151552,89.80,30555.52,31775.88,24,4209395,4654602,10295955456,36895248384
2025-05-14 06:42:24,39.447,3.794,0,151552,59.90,30555.52,31775.88,24,4209595,4654802,10295955456,36895248384
2025-05-14 06:42:24,40.946,3.615,0,0,69.90,30555.52,31775.88,24,4209797,4655004,10295955456,36895248384
2025-05-14 06:42:25,40.264,3.758,0,4096,49.90,30555.52,31775.88,24,4210001,4655209,10295955456,36895252480
2025-05-14 06:42:25,38.803,3.630,0,0,69.90,30555.52,31775.88,24,4210202,4655410,10295955456,36895252480
2025-05-14 06:42:25,37.910,3.636,0,0,309.40,30555.52,31775.88,24,4210615,4655882,10295971840,36897370112
2025-05-14 06:42:25,44.414,4.289,249856,2199552,229.60,30555.52,31775.88,24,4210875,4656142,10296254464,36897652736
2025-05-14 06:42:25,44.631,4.016,49152,360448,169.70,30555.52,31775.88,24,4211110,4656393,10296254464,36898418688
2025-05-14 06:42:26,42.877,3.850,0,684032,59.90,30555.52,31775.88,24,4211325,4656614,10296254464,36898566144
2025-05-14 06:42:26,39.014,3.737,0,69632,79.90,30555.52,31775.88,24,4211526,4656815,10296254464,36898566144
2025-05-14 06:42:26,37.834,3.688,0,0,69.90,30555.52,31775.88,24,4211728,4657017,10296254464,36898566144
2025-05-14 06:42:26,39.742,3.785,421888,0,209.60,30555.52,31775.88,24,4212030,4657309,10297368576,36898689024
2025-05-14 06:42:26,44.045,4.337,704512,442368,149.80,30555.52,31775.88,24,4212289,4657577,10297389056,36899102720
2025-05-14 06:42:27,43.127,4.199,8192,348160,239.60,30555.52,31775.88,24,4212550,4657853,10297397248,36899463168
2025-05-14 06:42:27,44.213,4.151,8192,221184,259.60,30555.52,31775.88,24,4212790,4658106,10297397248,36899917824
2025-05-14 06:42:27,46.511,4.764,0,622592,549.10,30555.52,31775.88,24,4213117,4658469,10297397248,36900921344
2025-05-14 06:42:27,48.280,5.106,0,1306624,419.30,30555.52,31775.88,24,4213397,4658776,10297397248,36901650432
2025-05-14 06:42:27,47.584,4.848,0,237568,389.30,30555.52,31775.88,24,4213636,4659027,10297397248,36901867520
2025-05-14 06:42:28,47.478,4.979,0,200704,509.60,30555.52,31775.88,24,4213836,4659234,10297397248,36902055936
2025-05-14 06:42:28,47.099,4.720,0,266240,479.10,30555.52,31775.88,24,4214063,4659474,10297397248,36902780928
2025-05-14 06:42:28,47.054,4.722,0,626688,479.30,30555.52,31775.88,24,4214327,4659756,10297401344,36903350272
2025-05-14 06:42:28,46.814,4.692,4096,696320,439.20,30555.52,31775.88,24,4214578,4660025,10297401344,36903841792
2025-05-14 06:42:28,46.658,4.609,0,376832,389.20,30555.52,31775.88,24,4214779,4660228,10297401344,36903911424
2025-05-14 06:42:29,45.764,4.638,0,4096,409.30,30555.52,31775.88,24,4214991,4660447,10297401344,36904255488
2025-05-14 06:42:29,46.316,4.700,0,352256,469.20,30555.52,31775.88,24,4215212,4660674,10297401344,36904558592
2025-05-14 06:42:29,46.560,5.020,0,360448,489.20,30555.52,31775.88,24,4215445,4660916,10297401344,36904755200
2025-05-14 06:42:29,47.970,4.818,0,7122944,469.20,30555.54,31775.88,24,4216251,4661984,10297401344,36912144384
2025-05-14 06:42:29,46.179,4.628,0,737280,499.10,30555.54,31775.88,24,4216483,4662226,10297401344,36912578560
2025-05-14 06:42:30,46.909,4.725,0,389120,429.20,30555.54,31775.88,24,4216756,4662522,10297401344,36913147904
2025-05-14 06:42:30,46.798,4.867,0,413696,449.20,30555.54,31775.88,24,4216986,4662762,10297401344,36913700864
2025-05-14 06:42:30,44.244,4.567,0,802816,369.40,30555.54,31775.88,24,4217218,4663005,10297401344,36914376704
2025-05-14 06:42:30,44.650,4.686,0,577536,409.30,30555.54,31775.88,24,4217440,4663236,10297401344,36914753536
2025-05-14 06:42:30,46.551,4.669,0,409600,369.30,30555.54,31775.88,24,4217655,4663458,10297401344,36915105792
2025-05-14 06:42:31,48.580,4.985,0,323584,509.00,30555.54,31775.88,24,4217915,4663735,10297520128,36915642368
2025-05-14 06:42:31,48.851,5.270,188416,548864,429.30,30555.54,31775.88,24,4218158,4663987,10297589760,36916224000
2025-05-14 06:42:31,47.685,4.780,0,335872,459.20,30555.54,31775.88,24,4218363,4664193,10297589760,36916289536
2025-05-14 06:42:31,47.940,4.724,0,0,399.30,30555.54,31775.88,24,4218571,4664401,10297589760,36916289536
2025-05-14 06:42:31,48.165,4.511,0,0,449.10,30555.54,31775.88,24,4218770,4664601,10297589760,36916310016
2025-05-14 06:42:32,48.057,4.497,0,61440,419.20,30555.54,31775.88,24,4218978,4664811,10297589760,36916363264
2025-05-14 06:42:32,47.669,4.616,0,36864,439.20,30555.54,31775.88,24,4219210,4665055,10297593856,36916969472
2025-05-14 06:42:32,47.930,4.606,8192,831488,509.20,30555.54,31775.88,24,4219439,4665298,10297597952,36917547008
2025-05-14 06:42:32,49.879,5.076,0,610304,539.10,30555.54,31775.88,24,4219712,4665589,10297597952,36918075392
2025-05-14 06:42:32,49.592,4.907,0,794624,509.40,30555.54,31775.88,24,4219927,4665809,10297597952,36918624256
2025-05-14 06:42:33,48.649,4.697,0,425984,539.00,30555.54,31775.88,24,4220181,4666087,10297597952,36919603200
2025-05-14 06:42:33,48.977,4.740,0,557056,419.30,30555.54,31775.88,24,4220404,4666316,10297597952,36919664640
2025-05-14 06:42:33,48.919,4.848,0,253952,459.20,30555.54,31775.88,24,4220644,4666571,10297597952,36920004608
2025-05-14 06:42:33,48.918,4.918,0,466944,459.00,30555.54,31775.88,24,4221382,4667495,10297597952,36927238144
2025-05-14 06:42:33,50.137,4.843,0,7262208,329.40,30555.54,31775.88,24,4221590,4667718,10297597952,36927672320
2025-05-14 06:42:34,48.875,4.707,0,106496,399.30,30555.54,31775.88,24,4221801,4667931,10297597952,36927696896
2025-05-14 06:42:34,47.343,4.717,0,0,399.30,30555.54,31775.88,24,4222002,4668132,10297597952,36927696896
2025-05-14 06:42:34,46.910,4.575,0,0,339.40,30555.54,31775.88,24,4222202,4668334,10297597952,36927844352
2025-05-14 06:42:34,48.617,4.639,0,147456,319.40,30555.54,31775.88,24,4222416,4668551,10297597952,36928016384
2025-05-14 06:42:34,49.729,4.648,0,413696,369.30,30555.54,31775.88,24,4222624,4668765,10297597952,36928258048
2025-05-14 06:42:35,47.421,4.548,0,12288,369.40,30555.54,31775.88,24,4222831,4668974,10297597952,36928401408
2025-05-14 06:42:35,46.671,4.602,0,131072,419.30,30555.54,31775.88,24,4223035,4669178,10297597952,36928401408
2025-05-14 06:42:35,47.556,4.585,0,0,419.20,30555.54,31775.88,24,4223272,4669432,10297597952,36928528384
2025-05-14 06:42:35,46.960,4.561,0,126976,329.50,30555.54,31775.88,24,4223466,4669626,10297597952,36928528384
2025-05-14 06:42:35,49.144,4.983,0,0,349.30,30555.54,31775.88,24,4223672,4669833,10297597952,36928532480
2025-05-14 06:42:36,49.358,4.841,0,135168,399.30,30555.54,31775.88,24,4223870,4670032,10297597952,36928663552
2025-05-14 06:42:36,47.006,4.626,0,0,379.30,30555.54,31775.88,24,4224073,4670235,10297597952,36928663552
2025-05-14 06:42:36,46.708,4.665,4096,90112,269.50,30555.54,31775.88,24,4224294,4670465,10297602048,36928819200
2025-05-14 06:42:36,44.005,4.714,0,188416,229.60,30555.54,31775.88,24,4224506,4670681,10297602048,36928954368
2025-05-14 06:42:36,47.252,4.436,0,147456,299.40,30555.54,31775.88,24,4224714,4670893,10297602048,36929101824
2025-05-14 06:42:37,48.011,4.681,0,249856,259.50,30555.54,31775.88,24,4224912,4671093,10297602048,36929339392
2025-05-14 06:42:37,46.639,4.640,0,4096,249.60,30555.54,31775.88,24,4225120,4671303,10297602048,36929359872
2025-05-14 06:42:37,45.238,4.443,0,20480,259.60,30555.54,31775.88,24,4225323,4671510,10297602048,36929626112
2025-05-14 06:42:37,45.465,4.735,0,315392,289.40,30555.54,31775.88,24,4225545,4671744,10297602048,36929921024
2025-05-14 06:42:37,45.125,4.789,0,2961408,339.40,30555.54,31775.88,24,4226029,4672279,10297602048,36932710400
2025-05-14 06:42:38,44.995,4.467,0,143360,329.50,30555.54,31775.88,24,4226238,4672492,10297602048,36932808704
2025-05-14 06:42:38,44.008,4.517,0,24576,299.50,30555.54,31775.88,24,4226440,4672694,10297602048,36932808704
2025-05-14 06:42:38,45.331,4.569,0,0,259.60,30555.54,31775.88,24,4226643,4672897,10297602048,36932808704
2025-05-14 06:42:38,44.696,4.500,0,16384,309.40,30555.54,31775.88,24,4226860,4673118,10297602048,36932866048
2025-05-14 06:42:38,45.882,4.498,0,180224,309.40,30555.54,31775.88,24,4227071,4673334,10297602048,36933074944
2025-05-14 06:42:39,44.875,4.428,0,73728,359.40,30555.54,31775.88,24,4227277,4673551,10297602048,36933079040
2025-05-14 06:42:39,45.801,4.659,0,0,309.70,30555.54,31775.88,24,4227479,4673753,10297602048,36933079040
2025-05-14 06:42:39,45.331,4.584,0,0,319.40,30555.54,31775.88,24,4227680,4673954,10297602048,36933079040
2025-05-14 06:42:39,45.423,4.455,0,0,309.30,30555.54,31775.88,24,4227872,4674147,10297602048,36933087232
2025-05-14 06:42:39,44.834,4.583,0,204800,299.50,30555.54,31775.88,24,4228086,4674370,10297602048,36933619712
2025-05-14 06:42:40,43.694,4.518,0,339968,299.40,30555.54,31775.88,24,4228296,4674583,10297602048,36933701632
2025-05-14 06:42:40,44.995,4.468,0,77824,279.50,30555.54,31775.88,24,4228509,4674800,10297602048,36933787648
2025-05-14 06:42:40,47.070,4.589,0,86016,249.60,30555.54,31775.88,24,4228711,4675002,10297602048,36933787648
2025-05-14 06:42:40,45.195,4.416,0,20480,259.50,30555.54,31775.88,24,4228923,4675217,10297602048,36933877760
2025-05-14 06:42:40,43.799,4.421,0,69632,299.50,30555.54,31775.88,24,4229124,4675418,10297602048,36933877760
2025-05-14 06:42:41,44.239,4.336,0,0,269.50,30555.54,31775.88,24,4229328,4675622,10297602048,36933877760
2025-05-14 06:42:41,44.415,4.325,0,0,309.50,30555.54,31775.88,24,4229529,4675823,10297602048,36933877760
2025-05-14 06:42:41,45.276,4.545,0,0,269.60,30555.54,31775.88,24,4229736,4676032,10297602048,36933947392
2025-05-14 06:42:41,44.405,4.395,0,147456,319.40,30555.54,31775.88,24,4229971,4676290,10297602048,36934131712
2025-05-14 06:42:41,44.565,4.583,0,196608,289.50,30555.54,31775.88,24,4230189,4676514,10297602048,36934291456
2025-05-14 06:42:42,45.315,4.347,0,1884160,279.50,30555.54,31775.88,24,4230541,4676919,10297602048,36936105984
2025-05-14 06:42:42,45.307,4.492,0,0,309.80,30555.54,31775.88,24,4230741,4677119,10297602048,36936105984
2025-05-14 06:42:42,45.389,4.415,0,0,309.50,30555.54,31775.88,24,4230942,4677320,10297602048,36936105984
2025-05-14 06:42:42,45.231,4.452,0,0,289.50,30555.54,31775.88,24,4231135,4677513,10297602048,36936105984
2025-05-14 06:42:42,45.196,4.412,0,0,319.50,30555.54,31775.88,24,4231336,4677714,10297602048,36936105984
2025-05-14 06:42:43,45.489,4.611,0,0,299.50,30555.54,31775.88,24,4231538,4677916,10297602048,36936105984
2025-05-14 06:42:43,44.929,4.413,0,0,319.50,30555.54,31775.88,24,4231739,4678117,10297602048,36936105984
2025-05-14 06:42:43,45.592,4.468,0,0,299.40,30555.54,31775.88,24,4231940,4678318,10297602048,36936105984
2025-05-14 06:42:43,45.205,4.503,0,0,319.50,30555.54,31775.88,24,4232144,4678522,10297602048,36936105984
2025-05-14 06:42:43,45.016,4.546,0,0,359.40,30555.54,31775.88,24,4232346,4678724,10297602048,36936105984
2025-05-14 06:42:44,44.671,4.458,0,12288,349.50,30555.54,31775.88,24,4232558,4678939,10297602048,36936118272
2025-05-14 06:42:44,45.005,4.609,0,0,319.50,30555.54,31775.88,24,4232759,4679140,10297602048,36936118272
2025-05-14 06:42:44,45.304,4.660,0,0,309.50,30555.54,31775.88,24,4232960,4679341,10297602048,36936118272
2025-05-14 06:42:44,44.307,4.574,0,0,359.40,30555.54,31775.88,24,4233160,4679541,10297602048,36936118272
2025-05-14 06:42:44,44.691,4.642,0,0,319.50,30555.54,31775.88,24,4233361,4679742,10297602048,36936118272
2025-05-14 06:42:45,45.311,4.587,0,0,319.50,30555.54,31775.88,24,4233563,4679944,10297602048,36936118272
2025-05-14 06:42:45,45.605,4.580,0,0,279.60,30555.54,31775.88,24,4233764,4680145,10297602048,36936118272
2025-05-14 06:42:45,45.012,4.415,0,0,329.40,30555.54,31775.88,24,4233965,4680346,10297602048,36936118272
2025-05-14 06:42:45,45.686,4.502,0,0,289.40,30555.54,31775.88,24,4234165,4680546,10297602048,36936118272
2025-05-14 06:42:45,45.735,4.593,0,0,309.50,30555.54,31775.88,24,4234366,4680747,10297602048,36936118272
2025-05-14 06:42:46,44.754,4.403,0,0,339.50,30555.54,31775.88,24,4234571,4680952,10297602048,36936118272
2025-05-14 06:42:46,45.068,4.403,0,0,339.40,30555.54,31775.88,24,4234772,4681153,10297602048,36936118272
2025-05-14 06:42:46,45.467,4.493,0,0,249.60,30555.54,31775.88,24,4234973,4681354,10297602048,36936118272
2025-05-14 06:42:46,44.943,4.546,0,0,349.40,30555.54,31775.88,24,4235227,4681627,10297602048,36937596928
2025-05-14 06:42:46,45.226,4.873,0,1478656,299.70,30555.54,31775.88,24,4235428,4681828,10297602048,36937596928
2025-05-14 06:42:47,44.259,4.345,0,0,169.70,30555.54,31775.88,24,4235630,4682030,10297602048,36937596928
2025-05-14 06:42:47,42.266,3.879,0,0,169.70,30555.54,31775.88,24,4235831,4682231,10297602048,36937596928
2025-05-14 06:42:47,42.201,3.793,0,0,159.70,30555.54,31775.88,24,4236032,4682432,10297602048,36937596928
2025-05-14 06:42:47,42.085,3.851,0,0,159.70,30555.54,31775.88,24,4236233,4682633,10297602048,36937596928
2025-05-14 06:42:47,41.793,3.874,0,0,149.70,30555.54,31775.88,24,4236434,4682834,10297602048,36937596928
2025-05-14 06:42:48,42.460,3.829,0,0,159.70,30555.54,31775.88,24,4236637,4683037,10297602048,36937596928
2025-05-14 06:42:48,41.618,3.808,0,0,149.70,30555.54,31775.88,24,4236838,4683238,10297602048,36937596928
2025-05-14 06:42:48,42.121,3.839,0,0,159.70,30555.54,31775.88,24,4237040,4683440,10297602048,36937596928
2025-05-14 06:42:48,42.139,3.798,0,0,169.70,30555.54,31775.88,24,4237240,4683640,10297602048,36937596928
2025-05-14 06:42:48,40.873,3.858,0,0,69.90,30555.54,31775.88,24,4237441,4683841,10297602048,36937596928
2025-05-14 06:42:49,39.306,3.798,151552,0,189.70,30555.54,31775.88,24,4237659,4684054,10297782272,36937596928
2025-05-14 06:42:49,43.926,4.206,28672,0,209.60,30555.54,31775.88,24,4237900,4684288,10298040320,36937633792
2025-05-14 06:42:49,45.082,4.658,278528,282624,139.80,30555.54,31775.88,24,4238211,4684621,10298064896,36938051584
2025-05-14 06:42:49,44.917,4.217,16384,237568,59.90,30555.54,31775.88,24,4238426,4684839,10298077184,36938260480
2025-05-14 06:42:49,45.509,3.959,0,143360,59.90,30555.54,31775.88,24,4238627,4685040,10298077184,36938260480
2025-05-14 06:42:50,41.921,3.826,0,0,79.90,30555.54,31775.88,24,4238829,4685242,10298077184,36938260480
2025-05-14 06:42:50,41.549,4.022,0,0,159.70,30555.54,31775.88,24,4239026,4685439,10298077184,36938260480
2025-05-14 06:42:50,42.257,4.031,0,0,69.90,30555.54,31775.88,24,4239227,4685640,10298077184,36938260480
2025-05-14 06:42:50,43.333,3.845,0,0,59.90,30555.54,31775.88,24,4239428,4685841,10298077184,36938260480
2025-05-14 06:42:50,42.173,3.808,0,0,59.90,30555.54,31775.88,24,4239633,4686046,10298077184,36938260480
2025-05-14 06:42:51,39.201,3.821,0,0,39.90,30555.54,31775.88,24,4239834,4686247,10298077184,36938260480
2025-05-14 06:42:51,40.635,3.760,0,0,59.90,30555.54,31775.88,24,4240034,4686447,10298077184,36938260480
2025-05-14 06:42:51,39.666,3.885,0,0,79.90,30555.54,31775.88,24,4240245,4686655,10298089472,36938260480
2025-05-14 06:42:51,42.297,3.901,12288,2191360,349.30,30555.54,31775.88,24,4240668,4687116,10298089472,36940505088
2025-05-14 06:42:51,45.096,4.278,0,438272,229.60,30555.54,31775.88,24,4240872,4687324,10298089472,36940890112
2025-05-14 06:42:52,46.277,4.177,0,0,349.40,30555.54,31775.88,24,4241078,4687530,10298089472,36940890112
2025-05-14 06:42:52,46.660,4.307,0,0,139.80,30555.54,31775.88,24,4241302,4687761,10298089472,36940955648
2025-05-14 06:42:52,41.531,3.905,0,65536,49.90,30555.54,31775.88,24,4241503,4687962,10298089472,36940955648
2025-05-14 06:42:52,41.950,3.809,0,0,39.90,30555.54,31775.88,24,4241692,4688151,10298089472,36940955648
2025-05-14 06:42:52,44.814,3.770,0,0,39.90,30555.54,31775.88,24,4241894,4688353,10298089472,36940955648
2025-05-14 06:42:53,42.414,3.791,0,0,99.80,30555.54,31775.88,24,4242095,4688554,10298089472,36940955648
2025-05-14 06:42:53,41.443,3.839,0,0,49.90,30555.54,31775.88,24,4242296,4688755,10298089472,36940955648
2025-05-14 06:42:53,41.822,3.865,28672,0,159.70,30555.54,31775.88,24,4242554,4689000,10298179584,36941037568
2025-05-14 06:42:53,45.868,4.246,69632,1941504,229.60,30555.54,31775.88,24,4242906,4689406,10298204160,36943831040
2025-05-14 06:42:54,45.993,4.401,81920,1089536,239.60,30555.54,31775.88,24,4243242,4689758,10298302464,36944318464
2025-05-14 06:42:54,44.171,4.401,49152,614400,119.80,30555.54,31775.88,24,4243550,4690083,10298482688,36944601088
2025-05-14 06:42:54,43.012,4.157,163840,0,99.80,30555.54,31775.88,24,4243751,4690284,10298482688,36944601088
2025-05-14 06:42:54,42.659,3.864,0,0,99.80,30555.54,31775.88,24,4243952,4690485,10298482688,36944601088
2025-05-14 06:42:54,46.028,4.209,0,0,49.90,30555.54,31775.88,24,4244153,4690686,10298482688,36944601088
2025-05-14 06:42:55,48.452,3.881,0,0,59.90,30555.54,31775.88,24,4244352,4690885,10298482688,36944601088
2025-05-14 06:42:55,40.990,3.790,0,0,89.80,30555.54,31775.88,24,4244554,4691087,10298482688,36944601088
2025-05-14 06:42:55,39.707,3.853,0,0,59.90,30555.54,31775.88,24,4244755,4691288,10298482688,36944601088
2025-05-14 06:42:55,39.572,3.773,0,0,49.90,30555.54,31775.88,24,4244956,4691489,10298482688,36944601088
2025-05-14 06:42:55,41.633,3.791,0,0,79.90,30555.54,31775.88,24,4245156,4691689,10298482688,36944601088
2025-05-14 06:42:56,44.506,4.080,0,0,179.70,30555.54,31775.88,24,4245347,4691880,10298482688,36944601088
2025-05-14 06:42:56,44.606,4.202,0,0,179.70,30555.54,31775.88,24,4245548,4692081,10298482688,36944601088
2025-05-14 06:42:56,43.368,4.032,0,0,169.70,30555.54,31775.88,24,4245754,4692290,10298486784,36944613376
2025-05-14 06:42:56,42.783,3.918,4096,12288,159.70,30555.54,31775.88,24,4245954,4692490,10298486784,36944613376
2025-05-14 06:42:56,44.203,3.781,0,0,159.70,30555.54,31775.88,24,4246154,4692690,10298486784,36944613376
2025-05-14 06:42:57,44.146,3.806,0,0,159.70,30555.54,31775.88,24,4246356,4692892,10298486784,36944613376
2025-05-14 06:42:57,41.997,3.764,0,0,169.70,30555.54,31775.88,24,4246557,4693093,10298486784,36944613376
2025-05-14 06:42:57,41.296,3.859,0,0,169.70,30555.54,31775.88,24,4246758,4693294,10298486784,36944613376
2025-05-14 06:42:57,42.322,3.807,0,0,159.80,30555.54,31775.88,24,4246959,4693495,10298486784,36944613376
2025-05-14 06:42:57,42.150,3.770,0,0,159.70,30555.54,31775.88,24,4247161,4693697,10298486784,36944613376
2025-05-14 06:42:58,42.387,3.833,0,0,169.70,30555.54,31775.88,24,4247362,4693898,10298486784,36944613376
2025-05-14 06:42:58,42.533,3.847,0,16384,159.70,30555.54,31775.88,24,4247569,4694107,10298486784,36944629760
2025-05-14 06:42:58,42.439,3.842,0,0,159.70,30555.54,31775.88,24,4247770,4694308,10298486784,36944629760
2025-05-14 06:42:58,42.216,3.840,0,0,139.80,30555.54,31775.88,24,4247970,4694508,10298486784,36944629760
2025-05-14 06:42:58,41.288,3.786,0,0,49.90,30555.54,31775.88,24,4248172,4694710,10298486784,36944629760
2025-05-14 06:42:59,39.532,3.777,0,0,229.70,30555.54,31775.88,24,4248381,4694927,10298486784,36944662528
2025-05-14 06:42:59,46.238,4.564,0,3112960,189.70,30555.54,31775.88,24,4248857,4695438,10298486784,36947808256
2025-05-14 06:42:59,44.000,4.229,0,65536,39.90,30555.54,31775.88,24,4249063,4695644,10298486784,36947808256
2025-05-14 06:42:59,43.207,3.786,0,0,49.90,30555.54,31775.88,24,4249265,4695846,10298486784,36947808256
2025-05-14 06:42:59,43.566,3.701,0,0,49.90,30555.54,31775.88,24,4249457,4696038,10298486784,36947808256
2025-05-14 06:43:00,45.005,3.901,0,0,159.70,30555.54,31775.88,24,4249666,4696248,10298486784,36947816448
2025-05-14 06:43:00,42.084,3.913,0,73728,79.90,30555.54,31775.88,24,4249874,4696457,10298486784,36947881984
2025-05-14 06:43:00,42.362,3.840,0,0,39.90,30555.54,31775.88,24,4250075,4696659,10298486784,36947881984
2025-05-14 06:43:00,39.024,3.715,0,0,49.90,30555.54,31775.88,24,4250276,4696859,10298486784,36947881984
2025-05-14 06:43:00,46.495,3.775,0,0,49.90,30555.54,31775.88,24,4250477,4697060,10298486784,36947881984
2025-05-14 06:43:01,45.436,3.732,0,0,59.90,30555.54,31775.88,24,4250676,4697259,10298486784,36947881984
2025-05-14 06:43:01,41.478,3.856,0,0,139.80,30555.54,31775.88,24,4250878,4697461,10298486784,36947881984
2025-05-14 06:43:01,41.120,3.944,0,0,59.80,30555.54,31775.88,24,4251079,4697662,10298486784,36947881984
2025-05-14 06:43:01,42.125,4.036,0,0,49.90,30555.54,31775.88,24,4251280,4697863,10298486784,36947881984
2025-05-14 06:43:01,43.401,3.835,0,0,49.90,30555.54,31775.88,24,4251482,4698065,10298486784,36947881984
2025-05-14 06:43:02,40.424,3.814,0,0,49.90,30555.54,31775.88,24,4251683,4698266,10298486784,36947881984
2025-05-14 06:43:02,39.461,3.805,0,0,59.90,30555.54,31775.88,24,4251884,4698467,10298486784,36947881984
2025-05-14 06:43:02,40.670,3.845,0,0,49.90,30555.54,31775.88,24,4252086,4698669,10298486784,36947881984
2025-05-14 06:43:02,41.212,3.796,0,0,59.90,30555.54,31775.88,24,4252286,4698869,10298486784,36947881984
2025-05-14 06:43:02,44.528,3.803,0,0,119.80,30555.54,31775.88,24,4252532,4699142,10298486784,36949684224
2025-05-14 06:43:03,45.466,4.153,0,2031616,179.70,30555.54,31775.88,24,4252787,4699418,10298486784,36950388736
2025-05-14 06:43:03,44.357,4.331,0,1060864,119.80,30555.54,31775.88,24,4253044,4699696,10298486784,36950974464
2025-05-14 06:43:03,42.422,4.110,0,0,59.90,30555.54,31775.88,24,4253245,4699897,10298486784,36950974464
2025-05-14 06:43:03,41.355,3.796,0,0,49.90,30555.54,31775.88,24,4253446,4700098,10298486784,36950974464
2025-05-14 06:43:03,44.453,3.694,0,0,49.90,30555.54,31775.88,24,4253647,4700299,10298486784,36950974464
2025-05-14 06:43:04,40.677,3.700,0,0,39.90,30555.54,31775.88,24,4253848,4700500,10298486784,36950974464
2025-05-14 06:43:04,41.791,3.785,0,0,59.90,30555.54,31775.88,24,4254049,4700701,10298486784,36950974464
2025-05-14 06:43:04,41.006,3.836,0,0,59.90,30555.54,31775.88,24,4254256,4700910,10298486784,36950982656
2025-05-14 06:43:04,45.984,4.300,0,8192,59.90,30555.54,31775.88,24,4254457,4701111,10298486784,36950982656
2025-05-14 06:43:04,48.247,3.979,0,0,59.90,30555.54,31775.88,24,4254657,4701311,10298486784,36950982656
2025-05-14 06:43:05,43.318,3.986,0,0,39.90,30555.54,31775.88,24,4254863,4701517,10298486784,36950982656
2025-05-14 06:43:05,40.777,3.905,0,0,49.90,30555.54,31775.88,24,4255065,4701719,10298486784,36950982656
2025-05-14 06:43:05,39.559,3.839,0,0,209.70,30555.54,31775.88,24,4255266,4701920,10298486784,36950982656
2025-05-14 06:43:05,40.045,3.851,0,0,49.90,30555.54,31775.88,24,4255466,4702120,10298486784,36950982656
2025-05-14 06:43:05,43.838,3.746,0,0,79.90,30555.54,31775.88,24,4255666,4702320,10298486784,36950982656
2025-05-14 06:43:06,47.197,4.407,0,0,169.70,30555.54,31775.88,24,4255867,4702521,10298486784,36950982656
2025-05-14 06:43:06,44.783,4.326,0,12288,169.70,30555.54,31775.88,24,4256072,4702728,10298486784,36950994944
2025-05-14 06:43:06,43.296,3.954,0,0,159.70,30555.54,31775.88,24,4256273,4702929,10298486784,36950994944
2025-05-14 06:43:06,42.407,3.830,0,0,159.70,30555.54,31775.88,24,4256474,4703130,10298486784,36950994944
2025-05-14 06:43:06,44.194,3.966,0,0,169.70,30555.54,31775.88,24,4256675,4703331,10298486784,36950994944
2025-05-14 06:43:07,42.317,3.807,0,0,169.70,30555.54,31775.88,24,4256874,4703530,10298486784,36950994944
2025-05-14 06:43:07,41.304,3.842,0,0,179.70,30555.54,31775.88,24,4257075,4703731,10298486784,36950994944
2025-05-14 06:43:07,43.016,3.906,0,0,159.70,30555.54,31775.88,24,4257276,4703932,10298486784,36950994944
2025-05-14 06:43:07,41.656,3.736,0,8192,149.70,30555.54,31775.88,24,4257482,4704140,10298486784,36951003136
2025-05-14 06:43:07,44.346,3.832,0,0,159.70,30555.54,31775.88,24,4257683,4704341,10298486784,36951003136
2025-05-14 06:43:08,42.364,3.835,0,0,179.70,30555.54,31775.88,24,4257884,4704542,10298486784,36951003136
2025-05-14 06:43:08,42.490,3.805,0,0,169.70,30555.54,31775.88,24,4258085,4704743,10298486784,36951003136
2025-05-14 06:43:08,45.925,3.991,0,0,179.70,30555.54,31775.88,24,4258287,4704945,10298486784,36951003136
2025-05-14 06:43:08,40.207,3.832,0,0,149.70,30555.54,31775.88,24,4258487,4705145,10298486784,36951003136
2025-05-14 06:43:08,44.539,3.942,0,0,49.90,30555.54,31775.88,24,4258688,4705346,10298486784,36951003136
2025-05-14 06:43:09,39.737,3.777,4096,0,79.90,30555.54,31775.88,24,4258895,4705551,10298499072,36951003136
2025-05-14 06:43:09,41.374,3.888,20480,0,59.90,30555.54,31775.88,24,4259103,4705757,10298511360,36951003136
2025-05-14 06:43:09,39.196,3.642,0,0,49.90,30555.54,31775.88,24,4259304,4705958,10298511360,36951003136
2025-05-14 06:43:09,41.444,3.806,163840,0,189.70,30555.54,31775.88,24,4259741,4706438,10298753024,36953206784
2025-05-14 06:43:09,44.682,4.111,172032,2301952,159.70,30555.54,31775.88,24,4260017,4706714,10298867712,36953399296
2025-05-14 06:43:10,41.993,3.997,57344,229376,169.70,30555.54,31775.88,24,4260301,4707007,10298920960,36953636864
2025-05-14 06:43:10,41.235,3.936,73728,180224,149.70,30555.54,31775.88,24,4260576,4707277,10299006976,36954263552
2025-05-14 06:43:10,41.779,3.948,61440,1085440,149.80,30555.54,31775.88,24,4260823,4707521,10299052032,36954800128
2025-05-14 06:43:10,42.279,3.973,32768,577536,149.80,30555.54,31775.88,24,4261099,4707808,10299109376,36955799552
2025-05-14 06:43:10,42.057,4.029,57344,958464,159.70,30555.54,31775.88,24,4261341,4708046,10299150336,36956336128
2025-05-14 06:43:11,41.228,3.913,49152,0,159.70,30555.54,31775.88,24,4261581,4708279,10299203584,36956356608
2025-05-14 06:43:11,41.569,3.872,53248,20480,169.70,30555.54,31775.88,24,4261815,4708502,10299252736,36956356608
2025-05-14 06:43:11,40.722,3.872,32768,143360,49.90,30555.54,31775.88,24,4262034,4708721,10299265024,36956499968
2025-05-14 06:43:11,41.290,3.806,0,0,49.90,30555.54,31775.88,24,4262236,4708923,10299265024,36956499968
2025-05-14 06:43:11,39.837,3.653,0,0,59.90,30555.54,31775.88,24,4262437,4709124,10299265024,36956499968
2025-05-14 06:43:12,39.231,3.674,0,0,79.80,30555.54,31775.88,24,4262638,4709325,10299265024,36956499968
2025-05-14 06:43:12,39.124,3.735,0,0,169.70,30555.54,31775.88,24,4262840,4709527,10299265024,36956499968
2025-05-14 06:43:12,42.642,3.870,0,8192,159.70,30555.54,31775.88,24,4263047,4709736,10299265024,36956508160
2025-05-14 06:43:12,44.149,3.907,0,0,169.70,30555.54,31775.88,24,4263246,4709935,10299265024,36956508160
2025-05-14 06:43:12,42.235,3.810,0,0,49.90,30555.54,31775.88,24,4263447,4710136,10299265024,36956508160
2025-05-14 06:43:13,38.508,3.693,0,0,69.90,30555.54,31775.88,24,4263649,4710338,10299265024,36956508160
2025-05-14 06:43:13,37.514,3.637,0,0,69.90,30555.54,31775.88,24,4263850,4710539,10299265024,36956508160
2025-05-14 06:43:13,38.228,3.722,32768,0,109.80,30555.54,31775.88,24,4264059,4710746,10299297792,36956508160
2025-05-14 06:43:13,43.104,4.093,4096,0,149.70,30555.54,31775.88,24,4264317,4710993,10299301888,36957057024
2025-05-14 06:43:13,44.545,4.033,0,3014656,69.90,30555.54,31775.88,24,4264700,4711436,10299301888,36959522816
2025-05-14 06:43:14,42.662,3.960,0,24576,59.90,30555.54,31775.88,24,4264912,4711653,10299301888,36959744000
2025-05-14 06:43:14,41.287,3.708,0,196608,49.90,30555.54,31775.88,24,4265113,4711854,10299301888,36959744000
2025-05-14 06:43:14,43.308,3.737,0,0,59.90,30555.54,31775.88,24,4265315,4712056,10299301888,36959744000
2025-05-14 06:43:14,41.909,3.728,0,0,49.90,30555.54,31775.88,24,4265515,4712256,10299301888,36959744000
2025-05-14 06:43:14,45.365,3.740,0,0,39.90,30555.54,31775.88,24,4265716,4712457,10299301888,36959744000
2025-05-14 06:43:15,40.226,3.703,0,0,49.90,30555.54,31775.88,24,4265921,4712663,10299301888,36959748096
2025-05-14 06:43:15,46.028,3.856,0,8192,59.90,30555.54,31775.88,24,4266124,4712867,10299301888,36959752192
2025-05-14 06:43:15,42.718,3.762,0,0,69.90,30555.54,31775.88,24,4266325,4713068,10299301888,36959752192
2025-05-14 06:43:15,43.264,4.254,0,0,149.70,30555.54,31775.88,24,4266526,4713269,10299301888,36959752192
2025-05-14 06:43:15,47.749,4.706,0,0,139.90,30555.54,31775.88,24,4266727,4713470,10299301888,36959752192
2025-05-14 06:43:16,42.222,4.447,0,0,99.80,30555.54,31775.88,24,4266928,4713671,10299301888,36959752192
2025-05-14 06:43:16,38.662,3.793,0,0,49.90,30555.54,31775.88,24,4267129,4713872,10299301888,36959752192
2025-05-14 06:43:16,38.340,3.705,4096,12288,59.90,30555.54,31775.88,24,4267336,4714081,10299305984,36959764480
2025-05-14 06:43:16,39.163,3.742,0,0,69.90,30555.54,31775.88,24,4267538,4714283,10299305984,36959764480
2025-05-14 06:43:16,46.922,3.807,0,8192,109.80,30555.54,31775.88,24,4267737,4714484,10299305984,36959772672
2025-05-14 06:43:17,48.167,4.164,0,0,189.70,30555.54,31775.88,24,4267927,4714674,10299305984,36959772672
2025-05-14 06:43:17,45.148,4.089,0,0,179.70,30555.54,31775.88,24,4268129,4714876,10299305984,36959772672
2025-05-14 06:43:17,43.115,4.073,0,0,149.70,30555.54,31775.88,24,4268330,4715077,10299305984,36959772672
2025-05-14 06:43:17,42.584,4.072,0,0,149.70,30555.54,31775.88,24,4268529,4715276,10299305984,36959772672
2025-05-14 06:43:17,44.193,3.981,0,0,149.70,30555.54,31775.88,24,4268730,4715477,10299305984,36959772672
2025-05-14 06:43:18,42.857,3.965,0,0,169.70,30555.54,31775.88,24,4268932,4715679,10299305984,36959772672
2025-05-14 06:43:18,42.090,3.895,0,0,159.80,30555.54,31775.88,24,4269133,4715880,10299305984,36959772672
2025-05-14 06:43:18,42.355,3.751,0,0,169.70,30555.54,31775.88,24,4269334,4716081,10299305984,36959772672
2025-05-14 06:43:18,42.514,3.793,0,0,149.70,30555.54,31775.88,24,4269534,4716281,10299305984,36959772672
2025-05-14 06:43:18,43.296,3.787,0,0,159.80,30555.54,31775.88,24,4269735,4716482,10299305984,36959772672
2025-05-14 06:43:19,42.316,3.808,0,0,179.70,30555.54,31775.88,24,4269936,4716683,10299305984,36959772672
2025-05-14 06:43:19,42.238,3.795,0,0,159.70,30555.54,31775.88,24,4270138,4716885,10299305984,36959772672
2025-05-14 06:43:19,43.400,3.917,0,0,169.70,30555.54,31775.88,24,4270339,4717086,10299305984,36959772672
2025-05-14 06:43:19,45.680,3.906,0,0,159.70,30555.54,31775.88,24,4270540,4717287,10299305984,36959772672
2025-05-14 06:43:19,40.683,3.787,0,0,69.90,30555.54,31775.88,24,4270741,4717488,10299305984,36959772672
2025-05-14 06:43:20,37.245,3.685,0,0,69.90,30555.54,31775.88,24,4270943,4717690,10299305984,36959772672
2025-05-14 06:43:20,38.816,3.790,0,12288,219.60,30555.54,31775.88,24,4271160,4717909,10299305984,36959784960
2025-05-14 06:43:20,44.234,4.337,0,1343488,129.80,30555.54,31775.88,24,4271446,4718211,10299305984,36961128448
2025-05-14 06:43:20,43.707,4.031,0,0,49.90,30555.54,31775.88,24,4271646,4718411,10299305984,36961128448
2025-05-14 06:43:20,46.721,3.891,0,0,59.90,30555.54,31775.88,24,4271843,4718608,10299305984,36961128448
2025-05-14 06:43:21,40.345,3.708,0,0,59.90,30555.54,31775.88,24,4272044,4718809,10299305984,36961128448
2025-05-14 06:43:21,41.125,3.771,0,0,159.70,30555.54,31775.88,24,4272245,4719010,10299305984,36961128448
2025-05-14 06:43:21,41.014,3.918,0,0,59.90,30555.54,31775.88,24,4272446,4719211,10299305984,36961128448
2025-05-14 06:43:21,42.709,3.919,0,0,39.90,30555.54,31775.88,24,4272647,4719412,10299305984,36961128448
2025-05-14 06:43:21,42.152,3.718,0,0,59.90,30555.54,31775.88,24,4272848,4719613,10299305984,36961128448
2025-05-14 06:43:22,40.625,3.664,0,0,49.90,30555.54,31775.88,24,4273049,4719814,10299305984,36961128448
2025-05-14 06:43:22,39.628,3.647,0,0,109.80,30555.54,31775.88,24,4273264,4720033,10299305984,36961165312
2025-05-14 06:43:22,39.201,3.753,0,36864,129.80,30555.54,31775.88,24,4273466,4720235,10299305984,36961165312
2025-05-14 06:43:22,43.322,3.829,0,0,49.90,30555.54,31775.88,24,4273665,4720434,10299305984,36961165312
2025-05-14 06:43:22,42.826,3.750,0,0,49.90,30555.54,31775.88,24,4273864,4720633,10299305984,36961165312
2025-05-14 06:43:23,41.176,3.739,0,0,79.80,30555.54,31775.88,24,4274066,4720835,10299305984,36961165312
2025-05-14 06:43:23,39.256,3.752,0,0,59.90,30555.54,31775.88,24,4274267,4721036,10299305984,36961165312
2025-05-14 06:43:23,39.483,3.806,0,0,69.90,30555.54,31775.88,24,4274468,4721237,10299305984,36961165312
2025-05-14 06:43:23,40.683,3.621,0,0,59.90,30555.54,31775.88,24,4274668,4721437,10299305984,36961165312
2025-05-14 06:43:23,46.976,3.735,0,0,39.90,30555.54,31775.88,24,4274862,4721631,10299305984,36961165312
2025-05-14 06:43:24,42.164,3.670,0,0,69.90,30555.54,31775.88,24,4275063,4721832,10299305984,36961165312
2025-05-14 06:43:24,38.640,3.695,0,65536,99.80,30555.54,31775.88,24,4275266,4722036,10299305984,36961230848
2025-05-14 06:43:24,41.900,4.004,0,471040,259.60,30555.54,31775.88,24,4275552,4722399,10299305984,36963872768
2025-05-14 06:43:24,45.085,4.265,0,2588672,109.80,30555.54,31775.88,24,4275783,4722641,10299305984,36964290560
2025-05-14 06:43:24,44.049,4.062,0,0,79.80,30555.54,31775.88,24,4275982,4722840,10299305984,36964290560
2025-05-14 06:43:25,43.653,4.202,0,0,69.90,30555.54,31775.88,24,4276183,4723041,10299305984,36964290560
2025-05-14 06:43:25,43.947,4.000,0,0,69.90,30555.54,31775.88,24,4276384,4723242,10299305984,36964290560
2025-05-14 06:43:25,37.571,3.723,0,0,99.80,30555.54,31775.88,24,4276586,4723444,10299305984,36964290560
2025-05-14 06:43:25,41.389,3.816,0,40960,49.90,30555.54,31775.88,24,4276789,4723648,10299305984,36964331520
2025-05-14 06:43:26,42.360,3.929,0,0,69.90,30555.54,31775.88,24,4276990,4723849,10299305984,36964331520
2025-05-14 06:43:26,39.690,3.840,0,0,99.80,30555.54,31775.88,24,4277191,4724050,10299305984,36964331520
2025-05-14 06:43:26,41.398,4.066,0,0,169.70,30555.54,31775.88,24,4277392,4724251,10299305984,36964331520
2025-05-14 06:43:26,44.384,4.186,0,0,159.70,30555.54,31775.88,24,4277593,4724452,10299305984,36964331520
2025-05-14 06:43:26,44.852,4.028,0,0,159.70,30555.54,31775.88,24,4277793,4724652,10299305984,36964331520
2025-05-14 06:43:27,45.270,3.866,0,0,159.70,30555.54,31775.88,24,4277989,4724848,10299305984,36964331520
2025-05-14 06:43:27,42.859,3.767,0,0,169.70,30555.54,31775.88,24,4278190,4725049,10299305984,36964331520
2025-05-14 06:43:27,42.632,3.771,0,0,159.70,30555.54,31775.88,24,4278391,4725250,10299305984,36964331520
2025-05-14 06:43:27,42.553,3.749,0,0,169.70,30555.54,31775.88,24,4278593,4725452,10299305984,36964331520
2025-05-14 06:43:27,42.440,3.771,0,0,159.70,30555.54,31775.88,24,4278794,4725653,10299305984,36964331520
2025-05-14 06:43:28,42.421,3.729,0,0,159.70,30555.54,31775.88,24,4278995,4725854,10299305984,36964331520
2025-05-14 06:43:28,42.769,3.771,0,0,169.70,30555.54,31775.88,24,4279196,4726055,10299305984,36964331520
2025-05-14 06:43:28,41.964,3.780,0,16384,159.70,30555.54,31775.88,24,4279411,4726275,10299305984,36964356096
2025-05-14 06:43:28,42.386,3.740,0,8192,169.70,30555.54,31775.88,24,4279611,4726475,10299305984,36964356096
2025-05-14 06:43:28,42.680,3.757,0,0,159.70,30555.54,31775.88,24,4279813,4726677,10299305984,36964356096
2025-05-14 06:43:29,42.325,3.800,0,0,139.80,30555.54,31775.88,24,4280019,4726885,10299310080,36964368384
2025-05-14 06:43:29,39.458,3.743,4096,12288,69.90,30555.54,31775.88,24,4280220,4727086,10299310080,36964368384
2025-05-14 06:43:29,39.088,3.826,0,0,239.50,30555.54,31775.88,24,4280421,4727287,10299310080,36964368384
2025-05-14 06:43:29,45.907,4.522,0,1949696,99.80,30555.54,31775.88,24,4280789,4727730,10299310080,36966514688
2025-05-14 06:43:29,45.411,3.907,0,196608,49.90,30555.54,31775.88,24,4280989,4727930,10299310080,36966514688
2025-05-14 06:43:30,41.912,3.780,0,0,59.90,30555.54,31775.88,24,4281190,4728131,10299310080,36966514688
2025-05-14 06:43:30,39.980,3.641,0,0,129.80,30555.54,31775.88,24,4281394,4728335,10299310080,36966514688
2025-05-14 06:43:30,42.891,4.068,0,0,49.90,30555.54,31775.88,24,4281594,4728535,10299310080,36966514688
2025-05-14 06:43:30,39.106,3.703,0,0,69.90,30555.54,31775.88,24,4281794,4728735,10299310080,36966514688
2025-05-14 06:43:30,44.551,3.831,0,0,39.90,30555.54,31775.88,24,4281995,4728936,10299310080,36966514688
2025-05-14 06:43:31,41.565,3.635,0,0,59.90,30555.54,31775.88,24,4282197,4729138,10299310080,36966514688
2025-05-14 06:43:31,41.242,3.706,0,0,59.90,30555.54,31775.88,24,4282398,4729339,10299310080,36966514688
2025-05-14 06:43:31,39.103,3.646,0,0,79.80,30555.54,31775.88,24,4282605,4729548,10299310080,36966539264
2025-05-14 06:43:31,40.819,3.856,0,155648,49.90,30555.54,31775.88,24,4282861,4729788,10299310080,36966670336
2025-05-14 06:43:31,43.859,3.820,0,0,49.90,30555.54,31775.88,24,4283059,4729986,10299310080,36966670336
2025-05-14 06:43:32,42.456,3.961,0,0,39.90,30555.54,31775.88,24,4283260,4730187,10299310080,36966670336
2025-05-14 06:43:32,40.612,3.719,0,0,69.90,30555.54,31775.88,24,4283461,4730388,10299310080,36966670336
2025-05-14 06:43:32,38.750,3.731,0,0,49.90,30555.54,31775.88,24,4283662,4730589,10299310080,36966670336
2025-05-14 06:43:32,38.451,3.738,0,0,59.90,30555.54,31775.88,24,4283862,4730789,10299310080,36966670336
2025-05-14 06:43:32,43.060,3.738,0,0,49.90,30555.54,31775.88,24,4284064,4730991,10299310080,36966670336
2025-05-14 06:43:33,40.929,3.775,0,0,59.90,30555.54,31775.88,24,4284265,4731192,10299310080,36966670336
2025-05-14 06:43:33,41.380,3.768,0,0,109.80,30555.54,31775.88,24,4284464,4731391,10299310080,36966670336
2025-05-14 06:43:33,42.959,4.102,0,237568,279.50,30555.54,31775.88,24,4284784,4731761,10299310080,36967268352
2025-05-14 06:43:33,43.155,4.236,0,430080,119.80,30555.54,31775.88,24,4284997,4731976,10299310080,36967337984
2025-05-14 06:43:33,44.520,3.972,0,0,39.90,30555.54,31775.88,24,4285195,4732174,10299310080,36967337984
2025-05-14 06:43:34,40.425,3.777,0,0,49.90,30555.54,31775.88,24,4285396,4732375,10299310080,36967337984
2025-05-14 06:43:34,40.741,3.706,0,0,59.90,30555.54,31775.88,24,4285597,4732576,10299310080,36967337984
2025-05-14 06:43:34,40.710,3.661,0,0,59.90,30555.54,31775.88,24,4285798,4732777,10299310080,36967337984
2025-05-14 06:43:34,41.767,3.697,0,0,49.90,30555.54,31775.88,24,4285998,4732977,10299310080,36967337984
2025-05-14 06:43:34,44.054,3.776,0,0,79.80,30555.54,31775.88,24,4286200,4733179,10299310080,36967337984
2025-05-14 06:43:35,47.378,4.228,0,0,169.70,30555.54,31775.88,24,4286401,4733380,10299310080,36967337984
2025-05-14 06:43:35,47.308,4.804,0,0,139.80,30555.54,31775.88,24,4286599,4733578,10299310080,36967337984
2025-05-14 06:43:35,42.803,4.477,0,0,299.50,30555.54,31775.88,24,4286800,4733779,10299310080,36967337984
2025-05-14 06:43:35,42.289,3.869,0,0,69.90,30555.54,31775.88,24,4287001,4733980,10299310080,36967337984
2025-05-14 06:43:35,40.124,3.727,0,0,39.90,30555.54,31775.88,24,4287202,4734181,10299310080,36967337984
2025-05-14 06:43:36,39.488,3.814,0,0,69.90,30555.54,31775.88,24,4287403,4734382,10299310080,36967337984
2025-05-14 06:43:36,42.003,3.937,0,0,279.50,30555.54,31775.88,24,4287604,4734583,10299310080,36967337984
2025-05-14 06:43:36,46.908,4.362,0,0,169.70,30555.54,31775.88,24,4287812,4734793,10299310080,36967346176
2025-05-14 06:43:36,43.076,3.973,0,8192,149.70,30555.54,31775.88,24,4288012,4734993,10299310080,36967346176
2025-05-14 06:43:36,45.552,4.067,0,0,149.70,30555.54,31775.88,24,4288212,4735193,10299310080,36967346176
2025-05-14 06:43:37,42.389,3.848,0,0,159.70,30555.54,31775.88,24,4288413,4735394,10299310080,36967346176
2025-05-14 06:43:37,42.753,3.905,0,0,169.70,30555.54,31775.88,24,4288614,4735595,10299310080,36967346176
2025-05-14 06:43:37,42.430,3.743,0,0,149.70,30555.54,31775.88,24,4288815,4735796,10299310080,36967346176
2025-05-14 06:43:37,42.443,3.778,0,0,159.70,30555.54,31775.88,24,4289016,4735997,10299310080,36967346176
2025-05-14 06:43:37,44.422,3.779,0,0,169.70,30555.54,31775.88,24,4289217,4736198,10299310080,36967346176
2025-05-14 06:43:38,42.851,3.755,0,0,169.70,30555.54,31775.88,24,4289418,4736399,10299310080,36967346176
2025-05-14 06:43:38,43.755,3.898,0,0,159.70,30555.54,31775.88,24,4289620,4736601,10299310080,36967346176
2025-05-14 06:43:38,42.127,3.770,0,20480,159.70,30555.54,31775.88,24,4289830,4736814,10299310080,36967366656
2025-05-14 06:43:38,43.509,3.825,0,0,149.70,30555.54,31775.88,24,4290029,4737013,10299310080,36967366656
2025-05-14 06:43:38,44.091,3.897,0,0,169.70,30555.54,31775.88,24,4290231,4737215,10299310080,36967366656
2025-05-14 06:43:39,42.356,3.771,0,0,79.90,30555.54,31775.88,24,4290432,4737416,10299310080,36967366656
2025-05-14 06:43:39,38.375,3.770,0,0,49.90,30555.54,31775.88,24,4290633,4737617,10299310080,36967366656
2025-05-14 06:43:39,39.328,3.778,0,0,69.90,30555.54,31775.88,24,4290834,4737818,10299310080,36967366656
2025-05-14 06:43:39,40.099,3.741,0,0,49.90,30555.54,31775.88,24,4291035,4738019,10299310080,36967366656
2025-05-14 06:43:39,44.294,3.707,0,0,69.90,30555.54,31775.88,24,4291236,4738220,10299310080,36967366656
2025-05-14 06:43:40,41.022,3.859,0,0,169.70,30555.54,31775.88,24,4291437,4738421,10299310080,36967366656
2025-05-14 06:43:40,42.856,3.903,0,0,169.70,30555.54,31775.88,24,4291638,4738622,10299310080,36967366656
2025-05-14 06:43:40,42.150,3.731,0,0,159.70,30555.54,31775.88,24,4291842,4738826,10299310080,36967366656
2025-05-14 06:43:40,42.833,3.710,0,0,59.90,30555.54,31775.88,24,4292042,4739026,10299310080,36967366656
2025-05-14 06:43:40,38.024,3.623,0,0,69.90,30555.54,31775.88,24,4292243,4739227,10299310080,36967366656
2025-05-14 06:43:41,37.281,3.610,0,0,59.90,30555.54,31775.88,24,4292444,4739428,10299310080,36967366656
2025-05-14 06:43:41,37.955,3.614,0,0,49.90,30555.54,31775.88,24,4292646,4739630,10299310080,36967366656
2025-05-14 06:43:41,39.343,3.631,0,0,69.90,30555.54,31775.88,24,4292847,4739831,10299310080,36967366656
2025-05-14 06:43:41,40.170,3.764,0,0,169.70,30555.54,31775.88,24,4293048,4740032,10299310080,36967366656
2025-05-14 06:43:41,42.876,3.821,0,0,169.70,30555.54,31775.88,24,4293249,4740233,10299310080,36967366656
2025-05-14 06:43:42,43.237,3.914,0,0,159.70,30555.54,31775.88,24,4293450,4740434,10299310080,36967366656
2025-05-14 06:43:42,41.428,3.707,0,0,69.90,30555.54,31775.88,24,4293652,4740636,10299310080,36967366656
2025-05-14 06:43:42,36.534,3.609,0,0,69.90,30555.54,31775.88,24,4293853,4740837,10299310080,36967366656
2025-05-14 06:43:42,37.796,3.581,0,0,69.90,30555.54,31775.88,24,4294056,4741040,10299310080,36967366656
2025-05-14 06:43:42,41.410,3.823,0,0,139.80,30555.54,31775.88,24,4294257,4741241,10299310080,36967366656
2025-05-14 06:43:43,41.876,4.062,0,0,49.90,30555.54,31775.88,24,4294458,4741442,10299310080,36967366656
2025-05-14 06:43:43,41.241,3.909,0,0,99.80,30555.54,31775.88,24,4294659,4741643,10299310080,36967366656
2025-05-14 06:43:43,42.259,3.779,0,0,69.90,30555.52,31775.88,23,4294865,4741850,10299310080,36967370752
2025-05-14 06:43:43,44.001,3.798,0,4096,49.90,30555.54,31775.88,21,4295066,4742051,10299310080,36967370752
2025-05-14 06:43:43,45.804,3.743,0,0,49.90,30555.54,31775.88,21,4295267,4742252,10299310080,36967370752
2025-05-14 06:43:44,44.982,3.798,0,0,49.90,30555.54,31775.88,21,4295468,4742453,10299310080,36967370752
2025-05-14 06:43:44,38.558,3.696,0,0,49.90,30555.54,31775.88,21,4295670,4742655,10299310080,36967370752
2025-05-14 06:43:44,45.883,3.901,0,0,59.90,30555.54,31775.88,21,4295871,4742856,10299310080,36967370752
2025-05-14 06:43:44,42.767,3.807,0,0,69.90,30555.54,31775.88,21,4296071,4743056,10299310080,36967370752
2025-05-14 06:43:44,42.277,4.155,0,0,69.90,30555.54,31775.88,21,4296273,4743258,10299310080,36967370752
2025-05-14 06:43:45,45.691,4.163,0,0,69.90,30555.54,31775.88,21,4296474,4743459,10299310080,36967370752
2025-05-14 06:43:45,37.940,3.788,0,0,59.90,30555.54,31775.88,21,4296675,4743660,10299310080,36967370752
2025-05-14 06:43:45,39.629,3.811,0,0,59.90,30555.54,31775.88,21,4296876,4743861,10299310080,36967370752
2025-05-14 06:43:45,38.257,3.722,0,0,39.90,30555.54,31775.88,21,4297078,4744063,10299310080,36967370752
2025-05-14 06:43:45,45.985,3.786,0,0,59.90,30555.54,31775.88,21,4297279,4744264,10299310080,36967370752
2025-05-14 06:43:46,40.943,3.815,0,0,99.80,30555.54,31775.88,21,4297477,4744462,10299310080,36967370752
2025-05-14 06:43:46,46.261,4.201,0,0,189.60,30555.54,31775.88,21,4297674,4744659,10299310080,36967370752
2025-05-14 06:43:46,45.501,4.259,0,0,199.60,30555.51,31751.87,17,4298071,4745099,10299310080,36969562112
2025-05-14 06:43:46,43.120,4.020,0,2191360,149.70,30555.51,31751.87,17,4298269,4745297,10299310080,36969562112
2025-05-14 06:43:46,46.251,4.020,0,0,169.70,30555.51,31751.87,17,4298470,4745498,10299310080,36969562112
2025-05-14 06:43:47,42.689,3.990,0,0,149.80,30555.51,31751.87,17,4298671,4745699,10299310080,36969562112
2025-05-14 06:43:47,42.896,3.963,0,0,159.70,30555.51,31751.87,17,4298873,4745901,10299310080,36969562112
2025-05-14 06:43:47,41.952,3.818,0,0,159.70,30555.51,31751.87,17,4299074,4746102,10299310080,36969562112
2025-05-14 06:43:47,42.890,3.875,0,0,149.70,30555.51,31751.87,17,4299274,4746302,10299310080,36969562112
2025-05-14 06:43:47,43.382,3.906,0,0,169.70,30555.51,31751.87,17,4299475,4746503,10299310080,36969562112
2025-05-14 06:43:48,42.236,3.760,0,0,159.70,30555.51,31751.87,17,4299676,4746704,10299310080,36969562112
2025-05-14 06:43:48,43.895,3.890,0,0,159.70,30555.51,31751.87,17,4299877,4746905,10299310080,36969562112
2025-05-14 06:43:48,42.572,3.818,0,0,159.70,30555.51,31751.87,17,4300075,4747103,10299310080,36969562112
2025-05-14 06:43:48,44.575,4.000,0,8192,159.70,30555.51,31751.87,17,4300281,4747311,10299310080,36969570304
2025-05-14 06:43:48,45.919,4.061,0,0,149.80,30555.51,31751.87,17,4300482,4747512,10299310080,36969570304
2025-05-14 06:43:49,42.235,3.747,0,0,59.90,30555.51,31751.87,17,4300683,4747713,10299310080,36969570304
2025-05-14 06:43:49,38.211,3.792,0,0,59.90,30555.51,31751.87,17,4300884,4747914,10299310080,36969570304
2025-05-14 06:43:49,39.954,3.874,61440,0,299.50,30555.51,31751.87,17,4301144,4748154,10299674624,36969570304
2025-05-14 06:43:49,45.554,4.734,311296,536576,139.70,30555.51,31751.87,17,4301420,4748433,10299723776,36970201088
2025-05-14 06:43:49,47.462,4.234,40960,229376,40.00,30555.51,31751.87,17,4301630,4748648,10299723776,36970336256
2025-05-14 06:43:50,40.685,3.719,0,0,59.90,30555.51,31751.87,17,4301831,4748849,10299723776,36970336256
2025-05-14 06:43:50,39.208,3.710,0,0,59.90,30555.51,31751.87,17,4302033,4749051,10299723776,36970336256
2025-05-14 06:43:50,41.108,3.881,57344,16384,119.80,30555.51,31751.87,17,4302325,4749323,10299781120,36970467328
2025-05-14 06:43:50,44.123,4.240,73728,2670592,49.90,30555.51,31751.87,17,4302716,4749742,10299854848,36973129728
2025-05-14 06:43:50,42.789,3.905,4096,118784,179.60,30555.51,31751.87,17,4302980,4750013,10299867136,36973273088
2025-05-14 06:43:51,43.697,4.352,8192,262144,109.80,30555.51,31751.87,17,4303214,4750259,10299867136,36973490176
2025-05-14 06:43:51,41.221,3.883,0,167936,189.60,30555.51,31751.87,17,4303497,4750542,10300121088,36973813760
2025-05-14 06:43:51,41.424,3.953,253952,307200,59.90,30555.51,31751.87,17,4303701,4750747,10300121088,36973879296
2025-05-14 06:43:51,41.366,3.760,0,0,89.80,30555.51,31751.87,17,4303899,4750945,10300121088,36973879296
2025-05-14 06:43:51,46.438,3.913,0,172032,79.90,30555.51,31751.87,17,4304116,4751169,10300121088,36974063616
2025-05-14 06:43:52,42.622,3.989,0,143360,69.90,30555.51,31751.87,17,4304319,4751373,10300121088,36974194688
2025-05-14 06:43:52,41.106,4.034,0,143360,169.70,30555.51,31751.87,17,4304598,4751656,10300145664,36974452736
2025-05-14 06:43:52,43.110,4.333,98304,253952,469.20,30555.51,31751.87,17,4304954,4752009,10300223488,36974866432
2025-05-14 06:43:52,48.293,5.037,4096,434176,349.30,30555.51,31751.87,17,4305201,4752272,10300506112,36975202304
2025-05-14 06:43:52,49.719,5.015,282624,647168,489.20,30555.51,31751.87,17,4305479,4752577,10300506112,36975845376
2025-05-14 06:43:53,47.374,4.593,0,172032,119.80,30555.51,31751.87,17,4305683,4752781,10300506112,36975845376
2025-05-14 06:43:53,41.256,4.036,16384,225280,209.60,30555.51,31751.87,17,4305923,4753027,10300522496,36976422912
2025-05-14 06:43:53,45.577,4.246,28672,380928,49.90,30555.51,31751.87,17,4306164,4753265,10300551168,36976586752
2025-05-14 06:43:53,43.004,3.797,0,135168,179.70,30555.51,31751.87,17,4306383,4753485,10300583936,36976926720
2025-05-14 06:43:53,48.233,4.408,57344,991232,589.00,30555.51,31751.87,17,4306674,4753802,10300674048,36977831936
2025-05-14 06:43:54,49.545,5.678,122880,303104,449.20,30555.51,31751.87,17,4306904,4754041,10300731392,36978020352
2025-05-14 06:43:54,50.294,5.098,0,348160,509.00,30555.51,31751.87,17,4307172,4754291,10300731392,36978294784
2025-05-14 06:43:54,47.523,4.980,4636672,65536,259.60,30555.51,31855.92,34,4307443,4754547,10305368064,36978294784
2025-05-14 06:43:54,45.206,4.352,0,0,149.80,30555.51,31855.92,34,4307644,4754748,10305368064,36978294784
2025-05-14 06:43:54,45.036,3.887,1015808,0,139.80,30555.51,31855.92,34,4308002,4755053,10306940928,36978294784
2025-05-14 06:43:55,45.836,4.358,557056,0,459.10,30555.51,31855.92,34,4308231,4755273,10307203072,36978294784
2025-05-14 06:43:55,48.962,4.976,1605632,61440,289.50,30555.51,31855.92,34,4308611,4755598,10308788224,36978356224
2025-05-14 06:43:55,47.329,4.654,241664,8192,239.60,30555.51,31855.92,34,4309035,4755951,10310438912,36978364416
2025-05-14 06:43:55,45.558,4.090,1662976,0,239.60,30555.51,31855.92,34,4309245,4756156,10310524928,36978364416
2025-05-14 06:43:55,46.400,4.078,790528,0,249.60,30555.55,31855.92,34,4309563,4756435,10311696384,36978364416
2025-05-14 06:43:56,44.738,3.977,1110016,0,279.50,30555.55,31855.92,34,4310044,4756826,10314039296,36978364416
2025-05-14 06:43:56,44.509,4.104,2871296,0,229.60,30555.55,31855.92,34,4310535,4757225,10316173312,36978380800
2025-05-14 06:43:56,44.178,3.990,1019904,16384,239.50,30555.55,31855.92,34,4310787,4757461,10316349440,36978380800
2025-05-14 06:43:56,46.003,4.161,647168,0,249.50,30555.55,31855.92,34,4311112,4757744,10317123584,36978380800
2025-05-14 06:43:56,44.564,3.904,368640,0,229.60,30555.55,31855.92,34,4311411,4758011,10317733888,36978380800
2025-05-14 06:43:57,43.790,3.996,942080,0,249.60,30555.55,31855.92,34,4311695,4758268,10318303232,36978380800
2025-05-14 06:43:57,43.641,4.014,589824,0,229.60,30555.55,31855.92,34,4312065,4758582,10320494592,36978380800
2025-05-14 06:43:57,44.824,3.924,2228224,0,329.40,30555.55,31855.92,34,4312419,4758887,10322120704,36978380800
2025-05-14 06:43:57,46.951,4.057,1499136,0,249.60,30555.55,31855.92,34,4312653,4759110,10322534400,36978380800
2025-05-14 06:43:57,44.792,4.052,540672,0,239.60,30555.55,31855.92,34,4312966,4759386,10323316736,36978380800
2025-05-14 06:43:58,44.540,4.078,593920,0,239.60,30555.55,31855.92,34,4313213,4759619,10323689472,36978380800
2025-05-14 06:43:58,44.772,3.952,86016,16384,239.60,30555.55,31855.92,34,4313972,4760199,10329264128,36978397184
2025-05-14 06:43:58,44.587,3.931,11866112,0,289.50,30555.55,31855.92,34,4314783,4760812,10337964032,36978397184
2025-05-14 06:43:58,45.916,4.024,3862528,0,139.80,30555.55,31855.92,34,4315155,4761126,10339532800,36978397184
2025-05-14 06:43:59,44.481,3.966,5308416,0,249.50,30555.58,31951.97,46,4315432,4761381,10344775680,36978397184
2025-05-14 06:43:59,46.533,4.352,0,5390336,289.50,30555.60,31951.97,46,4316165,4762215,10344824832,36983984128
2025-05-14 06:43:59,44.686,4.115,86016,196608,139.80,30555.60,31951.97,46,4316425,4762457,10345648128,36983984128
2025-05-14 06:43:59,43.217,3.928,1519616,0,149.80,30555.60,31951.97,46,4316701,4762708,10346381312,36983984128
2025-05-14 06:43:59,45.277,4.106,0,557056,199.60,30555.60,31951.97,46,4316973,4762999,10346401792,36984791040
2025-05-14 06:44:00,47.848,4.605,45056,741376,529.10,30555.60,31951.97,46,4317285,4763330,10346426368,36985516032
2025-05-14 06:44:00,47.891,5.179,0,671744,369.40,30555.60,31951.97,46,4317530,4763596,10346426368,36986130432
2025-05-14 06:44:00,46.926,4.899,12288,176128,339.40,30555.60,31951.97,46,4317769,4763834,10346442752,36986175488
2025-05-14 06:44:00,46.628,4.798,20480,2334720,329.30,30555.61,31951.97,46,4318077,4764153,10346459136,36988641280
2025-05-14 06:44:00,44.237,4.116,0,241664,189.70,30555.61,31951.97,46,4318297,4764377,10346459136,36988731392
2025-05-14 06:44:01,41.664,4.013,0,155648,69.90,30555.61,31951.97,46,4318505,4764586,10346459136,36988862464
2025-05-14 06:44:01,42.379,4.027,0,0,49.90,30555.61,31951.97,46,4318706,4764787,10346459136,36988862464
2025-05-14 06:44:01,43.315,3.939,0,0,79.90,30555.61,31951.97,46,4318908,4764989,10346459136,36988862464
2025-05-14 06:44:01,40.245,3.794,0,20480,49.90,30555.61,31951.97,46,4319115,4765198,10346459136,36988882944
2025-05-14 06:44:01,44.487,3.902,0,0,169.70,30555.61,31951.97,46,4319321,4765406,10346459136,36988948480
2025-05-14 06:44:02,46.100,4.544,0,323584,379.40,30555.61,31951.97,46,4319589,4765695,10346459136,36989362176
2025-05-14 06:44:02,46.001,4.759,0,286720,389.30,30555.61,31951.97,46,4319786,4765892,10346459136,36989493248
2025-05-14 06:44:02,46.500,4.723,0,0,219.50,30555.61,31951.97,46,4319982,4766088,10346459136,36989493248
2025-05-14 06:44:02,41.760,3.977,0,0,179.60,30555.61,31951.97,46,4320203,4766310,10346459136,36989550592
2025-05-14 06:44:02,45.508,4.284,0,352256,159.70,30555.61,31951.97,46,4320450,4766572,10346459136,36989853696
2025-05-14 06:44:03,44.770,4.523,0,8192,149.70,30555.61,31951.97,46,4320651,4766773,10346459136,36989853696
2025-05-14 06:44:03,42.149,4.498,0,0,389.30,30555.61,31951.97,46,4321388,4767655,10346459136,36994699264
2025-05-14 06:44:03,47.337,4.906,0,4947968,419.30,30555.61,31951.97,46,4321608,4767883,10346459136,36995194880
2025-05-14 06:44:03,47.292,5.032,0,393216,349.50,30555.61,31951.97,46,4321812,4768087,10346459136,36995194880
2025-05-14 06:44:03,50.239,4.767,0,0,359.40,30555.61,31951.97,46,4321985,4768260,10346459136,36995194880
2025-05-14 06:44:04,49.756,4.578,0,0,309.40,30555.61,31951.97,46,4322176,4768451,10346459136,36995194880
2025-05-14 06:44:04,48.255,4.621,0,45056,409.30,30555.61,31951.97,46,4322448,4768746,10346459136,36996096000
2025-05-14 06:44:04,46.589,4.735,0,1200128,449.20,30555.61,31951.97,46,4322708,4769028,10346459136,36996640768
2025-05-14 06:44:04,47.227,4.842,0,212992,379.40,30555.61,31951.97,46,4322905,4769228,10346459136,36996718592
2025-05-14 06:44:04,46.533,4.717,0,69632,319.40,30555.61,31951.97,46,4323062,4769392,10346459136,36997185536
2025-05-14 06:44:05,49.179,4.474,0,987136,369.30,30555.61,31951.97,46,4323261,4769593,10346459136,36997709824
2025-05-14 06:44:05,49.622,4.635,0,0,259.60,30555.61,31951.97,46,4323465,4769796,10346467328,36997709824
2025-05-14 06:44:05,46.113,4.176,8192,0,439.20,30555.61,31951.97,46,4323671,4770004,10346467328,36997779456
2025-05-14 06:44:05,46.355,4.260,0,69632,159.70,30555.61,31951.97,46,4323875,4770207,10346467328,36997779456
2025-05-14 06:44:05,45.713,3.937,0,0,169.70,30555.61,31951.97,46,4324073,4770405,10346467328,36997779456
2025-05-14 06:44:06,43.871,4.079,0,0,169.70,30555.61,31951.97,46,4324271,4770603,10346467328,36997779456
2025-05-14 06:44:06,42.345,3.820,0,0,159.70,30555.61,31951.97,46,4324472,4770804,10346467328,36997779456
2025-05-14 06:44:06,43.249,3.930,0,0,159.70,30555.61,31951.97,46,4324673,4771005,10346467328,36997779456
2025-05-14 06:44:06,43.084,3.805,0,0,159.70,30555.61,31951.97,46,4324873,4771205,10346467328,36997779456
2025-05-14 06:44:06,43.847,3.851,0,0,169.70,30555.61,31951.97,46,4325115,4771463,10346467328,36997906432
2025-05-14 06:44:07,42.495,3.903,0,126976,159.70,30555.61,31951.97,46,4325316,4771664,10346467328,36997906432
2025-05-14 06:44:07,42.603,3.781,0,0,159.70,30555.61,31951.97,46,4325517,4771865,10346467328,36997906432
2025-05-14 06:44:07,42.767,3.932,0,0,159.70,30555.61,31951.97,46,4325718,4772066,10346467328,36997906432
2025-05-14 06:44:07,41.503,3.880,0,0,159.70,30555.61,31951.97,46,4325920,4772268,10346467328,36997906432
2025-05-14 06:44:07,44.689,3.864,0,0,149.70,30555.61,31951.97,46,4326120,4772468,10346467328,36997906432
2025-05-14 06:44:08,42.323,3.875,0,0,49.90,30555.61,31951.97,46,4326321,4772669,10346467328,36997906432
2025-05-14 06:44:08,40.860,3.813,0,0,289.50,30555.61,31951.97,46,4326842,4773271,10346467328,37000941568
2025-05-14 06:44:08,45.497,4.383,0,3100672,59.90,30555.61,31951.97,46,4327046,4773476,10346467328,37001007104
2025-05-14 06:44:08,41.835,3.836,0,0,39.90,30555.61,31951.97,46,4327247,4773677,10346467328,37001007104
2025-05-14 06:44:08,43.608,3.663,0,0,59.90,30555.61,31951.97,46,4327447,4773877,10346467328,37001007104
2025-05-14 06:44:09,38.888,3.674,0,0,219.60,30555.61,31951.97,46,4327682,4774127,10346467328,37001179136
2025-05-14 06:44:09,43.678,4.154,0,434176,89.80,30555.61,31951.97,46,4327890,4774337,10346467328,37001441280
2025-05-14 06:44:09,39.935,3.835,0,0,159.70,30555.61,31951.97,46,4328100,4774550,10346467328,37001465856
2025-05-14 06:44:09,42.065,3.904,0,90112,39.90,30555.61,31951.97,46,4328304,4774755,10346467328,37001531392
2025-05-14 06:44:09,46.012,3.886,0,0,39.90,30555.61,31951.97,46,4328511,4774964,10346467328,37001613312
2025-05-14 06:44:10,42.012,3.790,0,81920,89.80,30555.61,31951.97,46,4328744,4775232,10346471424,37001756672
2025-05-14 06:44:10,39.547,3.712,4096,143360,59.90,30555.61,31951.97,46,4328945,4775433,10346471424,37001756672
2025-05-14 06:44:10,40.978,3.863,0,0,89.80,30555.61,31951.97,46,4329153,4775642,10346471424,37001773056
2025-05-14 06:44:10,40.388,3.908,0,147456,39.90,30555.61,31951.97,46,4329354,4775844,10346471424,37001904128
2025-05-14 06:44:10,45.754,3.992,0,0,199.60,30555.61,31951.97,46,4329575,4776076,10346471424,37002211328
2025-05-14 06:44:11,47.261,4.669,0,655360,379.30,30555.61,31951.97,46,4329822,4776343,10346471424,37002825728
2025-05-14 06:44:11,47.992,4.771,0,266240,419.20,30555.61,31951.97,46,4330023,4776545,10346471424,37002825728
2025-05-14 06:44:11,47.273,4.953,0,0,339.40,30555.61,31951.97,46,4330265,4776801,10346471424,37003014144
2025-05-14 06:44:11,43.130,4.105,0,258048,79.80,30555.61,31951.97,46,4330475,4777012,10346471424,37003083776
2025-05-14 06:44:11,45.780,4.073,0,0,79.90,30555.61,31951.97,46,4330671,4777208,10346471424,37003083776
2025-05-14 06:44:12,39.582,3.771,0,0,49.90,30555.61,31951.97,46,4330872,4777410,10346471424,37003083776
2025-05-14 06:44:12,41.166,3.845,0,0,439.30,30555.61,31951.97,46,4331098,4777645,10346471424,37003415552
2025-05-14 06:44:12,46.516,4.659,0,401408,449.10,30555.61,31951.97,46,4331303,4777852,10346471424,37003485184
2025-05-14 06:44:12,47.922,4.678,0,0,399.20,30555.61,31951.97,46,4331503,4778053,10346471424,37003485184
2025-05-14 06:44:12,48.560,4.824,0,0,319.40,30555.61,31951.97,46,4331682,4778231,10346471424,37003485184
2025-05-14 06:44:13,47.988,4.926,0,3465216,539.50,30555.64,31951.97,46,4332326,4778978,10346471424,37007458304
2025-05-14 06:44:13,48.668,5.186,0,872448,469.10,30555.64,31951.97,46,4332576,4779249,10346471424,37007900672
2025-05-14 06:44:13,47.584,4.887,0,147456,359.40,30555.64,31951.97,46,4332780,4779455,10346471424,37007970304
2025-05-14 06:44:13,46.342,4.885,0,0,409.20,30555.64,31951.97,46,4332973,4779649,10346471424,37007982592
2025-05-14 06:44:13,48.764,4.666,0,77824,379.20,30555.64,31951.97,46,4333173,4779849,10346491904,37008048128
2025-05-14 06:44:14,48.559,4.973,20480,0,319.30,30555.64,31951.97,46,4333363,4780039,10346491904,37008048128
2025-05-14 06:44:14,47.633,4.451,0,0,139.80,30555.64,31951.97,46,4333560,4780236,10346491904,37008048128
2025-05-14 06:44:14,45.673,3.952,0,8192,169.70,30555.64,31951.97,46,4333766,4780444,10346491904,37008056320
2025-05-14 06:44:14,42.355,3.797,0,0,149.70,30555.64,31951.97,46,4333966,4780644,10346491904,37008056320
2025-05-14 06:44:14,46.137,3.748,0,0,109.80,30555.64,31951.97,46,4334166,4780844,10346491904,37008056320
2025-05-14 06:44:15,41.176,3.891,0,0,39.90,30555.64,31951.97,46,4334367,4781045,10346491904,37008056320
2025-05-14 06:44:15,41.673,3.850,0,0,269.50,30555.64,31951.97,46,4334572,4781250,10346491904,37008056320
2025-05-14 06:44:15,47.725,4.389,0,0,189.70,30555.64,31951.97,46,4334800,4781489,10346491904,37008207872
2025-05-14 06:44:15,43.504,4.064,0,151552,159.70,30555.64,31951.97,46,4335001,4781690,10346491904,37008207872
2025-05-14 06:44:15,45.571,3.929,0,0,159.70,30555.64,31951.97,46,4335202,4781891,10346491904,37008207872
2025-05-14 06:44:16,42.469,3.813,0,0,279.50,30555.64,31951.97,46,4335453,4782161,10346491904,37008486400
2025-05-14 06:44:16,43.688,4.096,0,802816,169.70,30555.64,31951.97,46,4335659,4782372,10346491904,37009010688
2025-05-14 06:44:16,42.577,3.790,0,0,159.70,30555.64,31951.97,46,4335860,4782573,10346491904,37009010688
2025-05-14 06:44:16,42.825,3.902,0,0,149.70,30555.64,31951.97,46,4336057,4782770,10346491904,37009010688
2025-05-14 06:44:16,44.383,3.808,0,0,159.70,30555.64,31951.97,46,4336259,4782972,10346491904,37009010688
2025-05-14 06:44:17,42.507,3.811,0,0,179.70,30555.64,31951.97,46,4336460,4783173,10346491904,37009010688
2025-05-14 06:44:17,44.441,3.963,0,0,149.70,30555.64,31951.97,46,4336660,4783373,10346491904,37009010688
2025-05-14 06:44:17,41.785,3.793,0,0,149.70,30555.64,31951.97,46,4336861,4783574,10346491904,37009010688
2025-05-14 06:44:17,42.317,3.980,0,0,149.70,30555.64,31951.97,46,4337064,4783778,10346491904,37009031168
2025-05-14 06:44:17,45.836,3.944,0,118784,169.70,30555.64,31951.97,46,4337283,4784005,10346491904,37009129472
2025-05-14 06:44:18,41.916,3.852,0,0,159.70,30555.64,31951.97,46,4337484,4784206,10346491904,37009129472
2025-05-14 06:44:18,40.837,3.879,0,0,69.90,30555.64,31951.97,46,4337685,4784407,10346491904,37009129472
2025-05-14 06:44:18,38.702,3.763,958464,4096,159.70,30555.64,31951.97,46,4337919,4784636,10347548672,37009133568
2025-05-14 06:44:18,43.047,4.182,98304,0,149.70,30555.64,31951.97,46,4338118,4784835,10347548672,37009133568
2025-05-14 06:44:18,45.706,4.094,0,0,159.70,30555.64,31951.97,46,4338319,4785036,10347548672,37009133568
2025-05-14 06:44:19,42.272,3.835,0,0,149.80,30555.64,31951.97,46,4338521,4785238,10347548672,37009133568
2025-05-14 06:44:19,41.474,3.898,0,0,149.80,30555.64,31951.97,46,4338722,4785439,10347548672,37009133568
2025-05-14 06:44:19,44.923,4.542,167936,0,249.60,30555.64,31951.97,46,4339001,4785693,10348072960,37009133568
2025-05-14 06:44:19,45.320,4.482,954368,3645440,339.40,30555.64,31951.97,46,4339745,4786615,10348687360,37013020672
2025-05-14 06:44:19,44.498,4.351,16384,593920,389.30,30555.64,31951.97,46,4340027,4786906,10349047808,37013590016
2025-05-14 06:44:20,47.334,4.675,364544,344064,229.80,30555.64,31951.97,46,4340298,4787189,10349191168,37014077440
2025-05-14 06:44:20,45.580,4.218,147456,638976,379.40,30555.64,31951.97,46,4340784,4787687,10349219840,37014544384
2025-05-14 06:44:20,47.856,4.739,36864,958464,249.60,30555.64,31951.97,46,4341133,4788048,10349330432,37015453696
2025-05-14 06:44:20,44.065,4.309,118784,335872,49.90,30555.64,31951.97,46,4341399,4788320,10349355008,37015781376
2025-05-14 06:44:20,43.835,3.730,0,131072,69.90,30555.64,31951.97,46,4341600,4788521,10349355008,37015781376
2025-05-14 06:44:21,38.497,3.685,0,0,89.80,30555.64,31951.97,46,4341801,4788722,10349355008,37015781376
2025-05-14 06:44:21,38.706,3.837,0,0,249.60,30555.64,31951.97,46,4342018,4788936,10349363200,37015805952
2025-05-14 06:44:21,47.008,5.065,53248,430080,549.00,30555.64,31951.97,46,4342403,4789331,10349453312,37016498176
2025-05-14 06:44:21,48.957,5.005,61440,638976,189.60,30555.64,31951.97,46,4342852,4789825,10349559808,37017227264
2025-05-14 06:44:21,42.526,4.128,90112,499712,59.90,30555.64,31951.97,46,4343118,4790094,10349559808,37017878528
2025-05-14 06:44:22,38.987,3.711,0,528384,69.90,30555.64,31951.97,46,4343319,4790295,10349559808,37017878528
2025-05-14 06:44:22,39.904,3.786,0,114688,69.90,30555.64,31951.97,46,4343542,4790526,10349559808,37017993216
2025-05-14 06:44:22,38.811,3.726,0,0,59.90,30555.64,31951.97,46,4343743,4790727,10349559808,37017993216
2025-05-14 06:44:22,40.408,3.699,0,0,59.90,30555.64,31951.97,46,4343944,4790928,10349559808,37017993216
2025-05-14 06:44:22,38.218,3.691,0,0,59.90,30555.64,31951.97,46,4344145,4791129,10349559808,37017993216
2025-05-14 06:44:23,40.351,3.887,81920,24576,79.90,30555.64,31951.97,46,4344373,4791356,10349641728,37018148864
2025-05-14 06:44:23,41.193,3.806,0,131072,49.90,30555.64,31951.97,46,4344574,4791557,10349641728,37018148864
2025-05-14 06:44:23,39.682,3.743,0,24576,59.90,30555.64,31951.97,46,4344785,4791772,10349641728,37018173440
2025-05-14 06:44:23,39.381,3.691,0,0,49.90,30555.64,31951.97,46,4344987,4791974,10349641728,37018173440
2025-05-14 06:44:23,40.080,3.767,0,0,59.90,30555.64,31951.97,46,4345188,4792175,10349641728,37018173440
2025-05-14 06:44:24,38.304,3.732,0,0,159.70,30555.64,31951.97,46,4345723,4792802,10349641728,37021208576
2025-05-14 06:44:24,40.994,3.887,0,3043328,59.90,30555.64,31951.97,46,4345928,4793008,10349641728,37021216768
2025-05-14 06:44:24,37.915,3.693,4096,12288,69.90,30555.64,31951.97,46,4346135,4793217,10349645824,37021229056
2025-05-14 06:44:24,38.694,3.709,0,0,59.90,30555.64,31951.97,46,4346353,4793442,10349645824,37021298688
2025-05-14 06:44:24,38.333,3.718,0,69632,59.90,30555.64,31951.97,46,4346555,4793644,10349645824,37021298688
2025-05-14 06:44:25,37.541,3.663,0,0,49.90,30555.64,31951.97,46,4346756,4793845,10349645824,37021298688
2025-05-14 06:44:25,39.337,3.696,0,0,59.90,30555.64,31951.97,46,4346957,4794046,10349645824,37021298688
2025-05-14 06:44:25,38.798,3.835,8192,0,369.40,30555.64,31951.97,46,4347204,4794297,10349654016,37021429760
2025-05-14 06:44:25,45.602,4.581,4096,241664,249.50,30555.64,31951.97,46,4347476,4794590,10349658112,37021777920
2025-05-14 06:44:25,42.877,4.048,0,368640,49.90,30555.64,31951.97,46,4347680,4794795,10349658112,37021908992
2025-05-14 06:44:26,39.385,3.667,0,0,79.90,30555.64,31951.97,46,4347881,4794996,10349658112,37021908992
2025-05-14 06:44:26,37.893,3.683,0,0,89.80,30555.66,31951.97,46,4348111,4795257,10349662208,37022040064
2025-05-14 06:44:26,38.710,3.649,4096,131072,59.90,30555.66,31951.97,46,4348313,4795459,10349662208,37022040064
2025-05-14 06:44:26,40.251,3.703,0,0,79.80,30555.66,31951.97,46,4348513,4795659,10349662208,37022040064
2025-05-14 06:44:26,41.766,3.844,0,0,69.90,30555.66,31951.97,46,4348714,4795860,10349662208,37022040064
2025-05-14 06:44:27,37.535,3.700,0,0,49.90,30555.66,31951.97,46,4348915,4796061,10349662208,37022040064
2025-05-14 06:44:27,39.708,3.703,0,0,59.90,30555.66,31951.97,46,4349117,4796263,10349662208,37022040064
2025-05-14 06:44:27,39.584,3.700,4096,16384,59.90,30555.66,31951.97,46,4349320,4796467,10349666304,37022056448
2025-05-14 06:44:27,41.041,3.786,0,0,69.90,30555.66,31951.97,46,4349521,4796668,10349666304,37022056448
2025-05-14 06:44:27,39.962,3.761,0,0,59.90,30555.66,31951.97,46,4349722,4796869,10349666304,37022056448
2025-05-14 06:44:28,38.853,3.725,0,0,69.90,30555.66,31951.97,46,4349924,4797071,10349666304,37022056448
2025-05-14 06:44:28,40.331,3.755,0,0,399.30,30555.66,31951.97,46,4350486,4797714,10349699072,37024526336
2025-05-14 06:44:28,44.302,4.413,147456,2576384,219.60,30555.66,31951.97,46,4350810,4798051,10349850624,37024858112
2025-05-14 06:44:28,44.851,4.441,77824,454656,239.60,30555.66,31951.97,46,4351378,4798567,10349928448,37025329152
2025-05-14 06:44:28,42.993,4.349,36864,413696,259.50,30555.66,31951.97,46,4352559,4799445,10349928448,37025701888
2025-05-14 06:44:29,45.468,4.645,0,434176,209.60,30555.66,31951.97,46,4352875,4799799,10349928448,37026164736
2025-05-14 06:44:29,44.699,4.670,0,503808,179.70,30555.66,31951.97,46,4353186,4800148,10349928448,37026713600
2025-05-14 06:44:29,45.162,4.355,4096,544768,179.70,30555.66,31951.97,46,4353472,4800458,10349932544,37027274752
2025-05-14 06:44:29,43.776,4.085,0,495616,159.80,30555.66,31951.97,46,4353750,4800768,10349932544,37027872768
2025-05-14 06:44:29,43.186,4.041,0,544768,179.70,30555.66,31951.97,46,4354032,4801077,10349932544,37028216832
2025-05-14 06:44:30,41.571,4.075,0,425984,179.60,30555.66,31951.97,46,4354306,4801377,10349932544,37028634624
2025-05-14 06:44:30,42.430,4.196,0,446464,169.70,30555.66,31951.97,46,4354583,4801681,10349932544,37029195776
2025-05-14 06:44:30,42.040,4.078,0,356352,169.70,30555.66,31951.97,46,4354809,4801917,10349932544,37029253120
2025-05-14 06:44:30,42.417,3.996,0,94208,159.70,30555.66,31951.97,46,4355028,4802142,10349932544,37029396480
2025-05-14 06:44:31,43.431,4.073,8192,245760,229.60,30555.66,31951.97,46,4355284,4802407,10349940736,37029662720
2025-05-14 06:44:31,44.348,4.118,0,69632,169.70,30555.66,31951.97,46,4355485,4802608,10349940736,37029662720
2025-05-14 06:44:31,42.402,3.906,0,0,189.70,30555.66,31951.97,46,4355689,4802811,10349944832,37029662720
2025-05-14 06:44:31,44.525,4.416,225280,0,239.60,30555.66,31951.97,46,4355924,4803042,10350166016,37029765120
2025-05-14 06:44:31,45.935,4.354,4096,241664,219.60,30555.66,31951.97,46,4356164,4803290,10350182400,37030055936
2025-05-14 06:44:32,43.987,4.115,12288,217088,159.70,30555.66,31951.97,46,4356368,4803495,10350182400,37030121472
2025-05-14 06:44:32,42.895,3.998,0,0,149.80,30555.66,31951.97,46,4356570,4803697,10350182400,37030121472
2025-05-14 06:44:32,43.107,4.006,0,0,149.80,30555.66,31951.97,46,4356777,4803906,10350186496,37030150144
2025-05-14 06:44:32,43.083,4.117,4096,3297280,149.70,30555.66,31951.97,46,4357315,4804524,10350428160,37033652224
2025-05-14 06:44:32,44.754,4.159,348160,299008,179.70,30555.66,31951.97,46,4357566,4804761,10350587904,37033717760
2025-05-14 06:44:33,42.924,4.430,147456,446464,678.90,30555.66,31951.97,46,4357924,4805097,10350682112,37034315776
2025-05-14 06:44:33,52.013,5.706,0,573440,648.80,30555.66,31951.97,46,4358507,4805611,10350698496,37035544576
2025-05-14 06:44:33,50.891,5.365,20480,1343488,489.10,30555.66,31951.97,46,4358877,4805982,10350706688,37036810240
2025-05-14 06:44:33,47.903,5.062,4096,1232896,359.30,30555.66,31951.97,46,4359158,4806300,10350706688,37038014464
2025-05-14 06:44:33,47.974,4.851,0,1130496,389.30,30555.66,31951.97,46,4359425,4806588,10351321088,37038845952
2025-05-14 06:44:34,46.785,4.944,630784,675840,409.10,30555.66,31951.97,46,4359717,4806879,10351337472,37039366144
2025-05-14 06:44:34,45.011,4.932,0,741376,429.30,30555.66,31951.97,46,4359963,4807143,10351337472,37040013312
2025-05-14 06:44:34,46.503,4.790,0,901120,439.20,30555.66,31951.97,46,4360219,4807413,10351337472,37040992256
2025-05-14 06:44:34,45.800,4.675,0,352256,439.10,30555.66,31951.97,46,4360465,4807665,10351337472,37041209344
2025-05-14 06:44:34,45.707,4.815,0,430080,409.30,30555.66,31951.97,46,4360679,4807886,10351337472,37041553408
2025-05-14 06:44:35,45.866,4.670,0,86016,499.00,30555.66,31951.97,46,4360922,4808143,10351337472,37042094080
2025-05-14 06:44:35,46.532,4.782,0,569344,528.90,30555.66,31951.97,46,4361158,4808386,10351431680,37042216960
2025-05-14 06:44:35,47.457,4.859,94208,180224,519.20,30555.66,31951.97,46,4361474,4808732,10351525888,37044645888
2025-05-14 06:44:35,47.610,5.255,196608,2465792,728.80,30555.66,31951.97,46,4362015,4809245,10351628288,37045411840
2025-05-14 06:44:35,48.712,5.517,0,1208320,509.20,30555.66,31951.97,46,4362544,4809848,10351628288,37046689792
2025-05-14 06:44:36,48.586,5.042,0,1163264,489.20,30555.66,31951.97,46,4362925,4810277,10351644672,37047455744
2025-05-14 06:44:36,46.452,4.655,16384,237568,409.70,30555.66,31951.97,46,4363125,4810477,10351644672,37047455744
2025-05-14 06:44:36,45.630,4.289,0,0,409.30,30555.66,31951.97,46,4363318,4810670,10351644672,37047455744
2025-05-14 06:44:36,45.888,4.308,0,0,608.90,30555.66,31951.97,46,4364240,4812021,10351644672,37057662976
2025-05-14 06:44:36,45.369,5.040,0,10338304,329.50,30555.66,31951.97,46,4364471,4812252,10351661056,37057830912
2025-05-14 06:44:37,44.451,4.907,20480,131072,409.20,30555.66,31951.97,46,4364722,4812513,10351665152,37058007040
2025-05-14 06:44:37,46.582,4.762,106496,339968,479.20,30555.66,31951.97,46,4365043,4812846,10351771648,37058469888
2025-05-14 06:44:37,48.123,5.070,0,544768,359.40,30555.66,31951.97,46,4365359,4813168,10351788032,37058977792
2025-05-14 06:44:37,48.637,5.163,28672,716800,459.20,30555.66,31951.97,46,4365689,4813510,10351874048,37059747840
2025-05-14 06:44:37,48.168,5.294,188416,344064,379.30,30555.66,31951.97,46,4365980,4813808,10352021504,37060042752
2025-05-14 06:44:38,46.349,5.130,32768,253952,359.40,30555.66,31951.97,46,4366214,4814056,10352021504,37060292608
2025-05-14 06:44:38,45.772,5.004,8192,679936,299.60,30555.66,31951.97,46,4366476,4814331,10352054272,37060935680
2025-05-14 06:44:38,45.330,4.792,24576,299008,329.40,30555.66,31951.97,46,4366709,4814572,10352054272,37061259264
2025-05-14 06:44:38,45.151,4.843,4096,266240,359.30,30555.66,31951.97,46,4366952,4814823,10352062464,37061648384
2025-05-14 06:44:38,48.164,4.681,8192,446464,299.50,30555.66,31951.97,46,4367147,4815022,10352066560,37061947392
2025-05-14 06:44:39,47.231,4.538,0,274432,379.40,30555.66,31951.97,46,4367373,4815257,10352066560,37062217728
2025-05-14 06:44:39,46.051,4.737,0,401408,279.50,30555.66,31951.97,46,4367593,4815484,10352066560,37062557696
2025-05-14 06:44:39,44.558,4.502,0,163840,349.30,30555.66,31951.97,46,4367806,4815701,10352066560,37062725632
2025-05-14 06:44:39,45.453,4.505,0,167936,289.50,30555.66,31951.97,46,4368025,4815926,10352066560,37062942720
2025-05-14 06:44:39,44.497,4.524,0,188416,339.50,30555.66,31951.97,46,4368240,4816146,10352066560,37063110656
2025-05-14 06:44:40,45.550,4.634,0,278528,289.50,30555.66,31951.97,46,4368458,4816369,10352066560,37063421952
2025-05-14 06:44:40,44.957,4.482,0,147456,359.40,30555.66,31951.97,46,4368673,4816586,10352066560,37063503872
2025-05-14 06:44:40,44.660,4.454,0,114688,349.40,30555.66,31951.97,46,4368886,4816805,10352070656,37063675904
2025-05-14 06:44:40,44.811,4.631,4096,212992,369.40,30555.66,31951.97,46,4369092,4817018,10352070656,37063831552
2025-05-14 06:44:40,45.553,4.707,0,65536,419.20,30555.66,31951.97,46,4369580,4817975,10352070656,37070032896
2025-05-14 06:44:41,45.809,4.815,0,6275072,339.40,30555.66,31951.97,46,4369788,4818186,10352070656,37070147584
2025-05-14 06:44:41,44.778,4.638,0,40960,369.40,30555.66,31951.97,46,4369989,4818387,10352070656,37070147584
2025-05-14 06:44:41,44.620,4.710,0,65536,369.40,30555.66,31951.97,46,4370191,4818591,10352070656,37070229504
2025-05-14 06:44:41,44.881,4.596,0,53248,339.40,30555.66,31951.97,46,4370398,4818800,10352070656,37070331904
2025-05-14 06:44:41,45.005,4.499,0,65536,339.40,30555.66,31951.97,46,4370602,4819005,10352070656,37070356480
2025-05-14 06:44:42,44.671,4.712,0,94208,359.70,30555.66,31951.97,46,4370822,4819223,10352107520,37070557184
2025-05-14 06:44:42,45.320,4.540,36864,131072,289.50,30555.66,31951.97,46,4371023,4819424,10352107520,37070557184
2025-05-14 06:44:42,44.901,4.396,0,65536,279.50,30555.66,31951.97,46,4371237,4819642,10352107520,37070712832
2025-05-14 06:44:42,44.435,4.475,0,167936,309.50,30555.66,31951.97,46,4371443,4819851,10352107520,37070790656
2025-05-14 06:44:42,44.982,4.443,0,0,289.70,30555.66,31951.97,46,4371642,4820050,10352107520,37070790656
2025-05-14 06:44:43,45.307,4.475,0,0,319.50,30555.66,31951.97,46,4371845,4820254,10352107520,37070852096
2025-05-14 06:44:43,45.609,4.602,0,2424832,289.50,30555.66,31951.97,46,4372091,4820543,10352107520,37073739776
2025-05-14 06:44:43,45.152,4.578,12288,552960,289.50,30555.66,31951.97,46,4372311,4820768,10352119808,37073768448
2025-05-14 06:44:43,44.683,4.417,0,12288,319.50,30555.66,31951.97,46,4372529,4820992,10352119808,37073883136
2025-05-14 06:44:43,45.231,4.615,0,192512,299.50,30555.66,31951.97,46,4372757,4821229,10352119808,37074112512
2025-05-14 06:44:44,44.949,4.353,0,139264,289.60,30555.66,31951.97,46,4372958,4821430,10352119808,37074112512
2025-05-14 06:44:44,44.655,4.373,0,0,289.60,30555.66,31951.97,46,4373163,4821635,10352119808,37074112512
2025-05-14 06:44:44,45.146,4.469,438272,12288,279.50,30555.66,31951.97,46,4373387,4821861,10352562176,37074137088
2025-05-14 06:44:44,44.491,4.346,4096,12288,309.50,30555.66,31951.97,46,4373580,4822054,10352562176,37074137088
2025-05-14 06:44:44,44.986,4.429,0,0,329.50,30555.66,31951.97,46,4373781,4822255,10352562176,37074137088
2025-05-14 06:44:45,44.776,4.372,0,0,319.50,30555.66,31951.97,46,4373983,4822457,10352562176,37074137088
2025-05-14 06:44:45,45.001,4.418,0,0,289.50,30555.66,31951.97,46,4374184,4822658,10352562176,37074137088
2025-05-14 06:44:45,44.880,4.375,0,0,269.50,30555.66,31951.97,46,4374385,4822859,10352562176,37074137088
2025-05-14 06:44:45,44.409,4.363,0,0,269.60,30555.66,31951.97,46,4374586,4823060,10352562176,37074137088
2025-05-14 06:44:45,45.179,4.456,0,0,259.80,30555.66,31951.97,46,4374787,4823261,10352562176,37074137088
2025-05-14 06:44:46,44.255,4.587,0,0,299.50,30555.66,31951.97,46,4374994,4823468,10352562176,37074137088
2025-05-14 06:44:46,45.024,4.434,0,0,289.50,30555.66,31951.97,46,4375195,4823669,10352562176,37074137088
2025-05-14 06:44:46,44.682,4.365,0,0,259.60,30555.66,31951.97,46,4375395,4823869,10352562176,37074137088
2025-05-14 06:44:46,44.672,4.345,0,0,279.50,30555.66,31951.97,46,4375595,4824069,10352562176,37074137088
2025-05-14 06:44:46,44.566,4.453,0,0,309.50,30555.66,31951.97,46,4375796,4824270,10352562176,37074137088
2025-05-14 06:44:47,44.022,4.465,0,0,299.50,30555.66,31951.97,46,4375997,4824471,10352562176,37074137088
2025-05-14 06:44:47,44.812,4.452,0,0,299.50,30555.66,31951.97,46,4376198,4824672,10352562176,37074137088
2025-05-14 06:44:47,44.795,4.490,0,0,319.50,30555.66,31951.97,46,4376391,4824865,10352562176,37074137088
2025-05-14 06:44:47,44.320,4.394,0,0,299.50,30555.66,31951.97,46,4376593,4825067,10352562176,37074137088
2025-05-14 06:44:47,42.079,4.573,0,0,289.60,30555.66,31951.97,46,4376788,4825263,10352562176,37074137088
2025-05-14 06:44:48,44.414,4.413,0,0,299.60,30555.66,31951.97,46,4376990,4825464,10352562176,37074137088
2025-05-14 06:44:48,45.241,4.491,0,0,319.50,30555.66,31951.97,46,4377191,4825665,10352562176,37074137088
2025-05-14 06:44:48,45.225,4.533,0,0,279.60,30555.66,31951.97,46,4377641,4826164,10352562176,37077213184
2025-05-14 06:44:48,44.446,4.444,0,3076096,249.60,30555.66,31951.97,46,4377841,4826364,10352562176,37077213184
2025-05-14 06:44:48,44.393,4.377,0,0,339.50,30555.66,31951.97,46,4378042,4826565,10352562176,37077213184
2025-05-14 06:44:49,44.532,4.544,0,0,339.50,30555.66,31951.97,46,4378244,4826767,10352562176,37077213184
2025-05-14 06:44:49,44.642,4.471,0,0,319.40,30555.66,31951.97,46,4378445,4826968,10352562176,37077213184
2025-05-14 06:44:49,45.249,4.370,0,0,319.40,30555.66,31951.97,46,4378646,4827169,10352562176,37077213184
2025-05-14 06:44:49,45.302,4.411,0,0,349.40,30555.66,31951.97,46,4378870,4827385,10352578560,37077213184
2025-05-14 06:44:49,45.971,4.401,16384,0,229.60,30555.66,31951.97,46,4379072,4827587,10352578560,37077213184
2025-05-14 06:44:50,45.131,4.336,0,118784,319.50,30555.66,31951.97,46,4379320,4827838,10352578560,37077381120
2025-05-14 06:44:50,45.476,4.310,0,49152,239.60,30555.66,31951.97,46,4379521,4828039,10352578560,37077381120
2025-05-14 06:44:50,44.833,4.513,0,0,259.60,30555.66,31951.97,46,4379726,4828244,10352578560,37077381120
2025-05-14 06:44:50,44.816,4.509,0,106496,289.70,30555.66,31951.97,46,4379938,4828460,10352578560,37077487616
2025-05-14 06:44:50,45.768,4.571,0,0,329.50,30555.66,31951.97,46,4380139,4828661,10352578560,37077487616
2025-05-14 06:44:51,44.603,4.578,0,0,349.30,30555.66,31951.97,46,4380341,4828863,10352578560,37077487616
2025-05-14 06:44:51,44.421,4.463,0,32768,359.30,30555.66,31951.97,46,4380548,4829072,10352578560,37077520384
2025-05-14 06:44:51,45.403,4.547,0,0,389.40,30555.66,31951.97,46,4380750,4829274,10352578560,37077520384
2025-05-14 06:44:51,46.857,4.772,40960,241664,559.10,30555.66,31951.97,46,4381016,4829537,10352652288,37077897216
2025-05-14 06:44:51,48.606,5.029,32768,307200,439.20,30555.66,31951.97,46,4381308,4829864,10352652288,37078355968
2025-05-14 06:44:52,46.031,4.813,0,348160,419.20,30555.66,31951.97,46,4381527,4830089,10352652288,37078417408
2025-05-14 06:44:52,46.929,4.432,0,20480,309.50,30555.66,31951.97,46,4381753,4830323,10352652288,37078548480
2025-05-14 06:44:52,46.216,4.240,4096,196608,249.60,30555.66,31951.97,46,4382002,4830590,10352656384,37078740992
2025-05-14 06:44:52,46.397,4.218,0,106496,319.40,30555.66,31951.97,46,4382204,4830792,10352656384,37078740992
2025-05-14 06:44:52,45.657,4.244,0,0,329.50,30555.66,31951.97,46,4382405,4830993,10352656384,37078740992
2025-05-14 06:44:53,45.468,4.343,0,0,269.60,30555.66,31951.97,46,4382606,4831194,10352656384,37078740992
2025-05-14 06:44:53,44.677,4.304,0,0,329.50,30555.66,31951.97,46,4382807,4831395,10352656384,37078740992
2025-05-14 06:44:53,45.045,4.359,0,0,279.50,30555.66,31951.97,46,4383009,4831597,10352656384,37078740992
2025-05-14 06:44:53,44.714,4.250,0,0,299.60,30555.66,31951.97,46,4383209,4831797,10352656384,37078740992
2025-05-14 06:44:53,45.165,4.335,0,0,289.50,30555.66,31951.97,46,4383410,4831998,10352656384,37078740992
2025-05-14 06:44:54,44.277,4.314,0,0,349.50,30555.66,31951.97,46,4383611,4832199,10352656384,37078740992
2025-05-14 06:44:54,44.660,4.428,0,0,309.40,30555.66,31951.97,46,4383809,4832397,10352656384,37078740992
2025-05-14 06:44:54,45.176,4.493,0,0,309.50,30555.66,31951.97,46,4384010,4832598,10352656384,37078740992
2025-05-14 06:44:54,43.862,4.514,0,0,319.50,30555.66,31951.97,46,4384210,4832798,10352656384,37078740992
2025-05-14 06:44:54,44.884,4.364,0,0,299.50,30555.66,31951.97,46,4384412,4833000,10352656384,37078740992
2025-05-14 06:44:55,44.588,4.438,0,4096,299.50,30555.66,31951.97,46,4384616,4833205,10352656384,37078745088
2025-05-14 06:44:55,45.085,4.448,0,0,299.50,30555.66,31951.97,46,4384817,4833406,10352656384,37078745088
2025-05-14 06:44:55,44.511,4.338,0,0,329.30,30555.66,31951.97,46,4385018,4833607,10352656384,37078745088
2025-05-14 06:44:55,44.670,4.414,0,0,329.50,30555.66,31951.97,46,4385216,4833805,10352656384,37078745088
2025-05-14 06:44:55,44.213,4.336,0,0,299.50,30555.66,31951.97,46,4385417,4834006,10352656384,37078745088
2025-05-14 06:44:56,44.678,4.485,0,0,299.50,30555.66,31951.97,46,4385618,4834207,10352656384,37078745088
2025-05-14 06:44:56,44.698,4.352,0,0,299.50,30555.66,31951.97,46,4385819,4834408,10352656384,37078745088
2025-05-14 06:44:56,45.029,4.368,0,0,269.60,30555.66,31951.97,46,4386021,4834610,10352656384,37078745088
2025-05-14 06:44:56,44.961,4.412,0,0,299.50,30555.66,31951.97,46,4386221,4834810,10352656384,37078745088
2025-05-14 06:44:56,44.552,4.451,0,0,299.50,30555.66,31951.97,46,4386423,4835012,10352656384,37078745088
2025-05-14 06:44:57,44.977,4.468,0,0,309.50,30555.66,31951.97,46,4386624,4835213,10352656384,37078745088
2025-05-14 06:44:57,44.920,4.503,0,0,299.50,30555.66,31951.97,46,4386825,4835414,10352656384,37078745088
2025-05-14 06:44:57,43.662,4.512,0,0,349.40,30555.66,31951.97,46,4387029,4835616,10352664576,37078745088
2025-05-14 06:44:57,45.612,4.629,8192,3887104,299.50,30555.66,31951.97,46,4387586,4836237,10352664576,37082714112
2025-05-14 06:44:57,45.136,4.428,0,147456,319.50,30555.66,31951.97,46,4387790,4836442,10352664576,37082779648
2025-05-14 06:44:58,44.417,4.570,0,0,349.50,30555.66,31951.97,46,4387991,4836643,10352664576,37082779648
2025-05-14 06:44:58,45.239,4.365,0,0,299.50,30555.66,31951.97,46,4388193,4836845,10352664576,37082779648
2025-05-14 06:44:58,44.931,4.429,0,0,279.50,30555.66,31951.97,46,4388392,4837044,10352664576,37082779648
2025-05-14 06:44:58,45.337,4.547,0,0,289.30,30555.66,31951.97,46,4388594,4837246,10352664576,37082779648
2025-05-14 06:44:58,42.314,4.750,0,0,279.50,30555.66,31951.97,46,4388795,4837447,10352664576,37082779648
2025-05-14 06:44:59,46.214,4.862,0,0,319.40,30555.66,31951.97,46,4389005,4837657,10352664576,37082779648
2025-05-14 06:44:59,46.913,4.742,98304,12288,309.40,30555.66,31951.97,46,4389234,4837885,10352762880,37082857472
2025-05-14 06:44:59,46.960,4.537,0,65536,329.40,30555.66,31951.97,46,4389453,4838104,10352762880,37082927104
2025-05-14 06:44:59,47.261,4.534,0,200704,289.60,30555.66,31951.97,46,4389669,4838318,10352762880,37083058176
2025-05-14 06:44:59,45.921,4.508,0,0,289.50,30555.66,31951.97,46,4389875,4838525,10352762880,37083070464
2025-05-14 06:45:00,45.063,4.423,0,106496,309.50,30555.66,31951.97,46,4390102,4838760,10352762880,37083303936
2025-05-14 06:45:00,45.847,4.515,0,204800,329.50,30555.66,31951.97,46,4390306,4838965,10352762880,37083369472
2025-05-14 06:45:00,47.760,4.647,0,8192,309.50,30555.66,31951.97,46,4390526,4839191,10352762880,37083414528
2025-05-14 06:45:00,46.146,4.629,0,114688,309.50,30555.66,31951.97,46,4390737,4839405,10352762880,37083496448
2025-05-14 06:45:00,45.511,4.436,0,69632,339.50,30555.66,31951.97,46,4390944,4839614,10352762880,37083570176
2025-05-14 06:45:01,46.223,4.675,0,77824,299.50,30555.66,31951.97,46,4391138,4839812,10352762880,37083705344
2025-05-14 06:45:01,46.035,4.641,0,65536,279.50,30555.66,31951.97,46,4391348,4840025,10352762880,37083779072
2025-05-14 06:45:01,45.238,4.490,0,73728,359.40,30555.66,31951.97,46,4391554,4840233,10352762880,37083791360
2025-05-14 06:45:01,47.529,4.859,0,3411968,289.50,30555.66,31951.97,46,4391961,4840767,10352762880,37087264768
2025-05-14 06:45:01,46.117,4.693,0,81920,299.40,30555.66,31951.97,46,4392169,4840978,10352762880,37087408128
2025-05-14 06:45:02,44.699,4.423,0,135168,359.50,30555.66,31951.97,46,4392370,4841179,10352762880,37087408128
2025-05-14 06:45:02,45.506,4.617,0,0,309.40,30555.66,31951.97,46,4392572,4841382,10352762880,37087412224
2025-05-14 06:45:02,45.526,4.822,0,69632,249.60,30555.66,31951.97,46,4392785,4841599,10352762880,37087551488
2025-05-14 06:45:02,44.895,4.521,0,73728,289.50,30555.66,31951.97,46,4392989,4841804,10352762880,37087559680
2025-05-14 06:45:03,45.618,4.671,0,73728,289.50,30555.66,31951.97,46,4393191,4842007,10352762880,37087625216
2025-05-14 06:45:03,45.011,4.568,0,0,279.50,30555.66,31951.97,46,4393390,4842206,10352762880,37087625216
2025-05-14 06:45:03,45.674,4.765,0,0,299.50,30555.66,31951.97,46,4393594,4842410,10352762880,37087625216
2025-05-14 06:45:03,45.971,4.598,0,0,379.30,30555.66,31951.97,46,4393796,4842612,10352762880,37087625216
2025-05-14 06:45:03,47.597,4.551,0,151552,299.50,30555.66,31951.97,46,4394032,4842862,10352762880,37088043008
2025-05-14 06:45:04,46.889,4.266,0,1843200,169.80,30555.66,31951.97,46,4394306,4843163,10352762880,37089685504
2025-05-14 06:45:04,41.364,3.935,0,221184,129.80,30555.66,31951.97,46,4394516,4843376,10352762880,37089841152
2025-05-14 06:45:04,38.604,3.730,0,0,59.90,30555.66,31951.97,46,4394723,4843585,10352766976,37089853440
2025-05-14 06:45:04,38.366,3.703,4096,12288,59.90,30555.66,31951.97,46,4394923,4843785,10352766976,37089853440
2025-05-14 06:45:04,40.436,3.661,0,0,49.90,30555.66,31951.97,46,4395125,4843987,10352766976,37089853440
2025-05-14 06:45:05,41.457,3.739,0,0,69.90,30555.66,31951.97,46,4395326,4844188,10352766976,37089853440
2025-05-14 06:45:05,43.613,4.024,0,0,149.70,30555.66,31951.97,46,4395527,4844389,10352766976,37089853440
2025-05-14 06:45:05,41.559,4.022,0,0,269.50,30555.66,31951.97,46,4395727,4844589,10352766976,37089853440
2025-05-14 06:45:05,43.561,4.290,0,0,399.30,30555.66,31951.97,46,4395928,4844790,10352766976,37089853440
2025-05-14 06:45:05,47.788,4.582,0,0,49.90,30555.66,31951.97,46,4396127,4844989,10352766976,37089853440
2025-05-14 06:45:06,43.414,3.819,0,0,39.90,30555.66,31951.97,46,4396328,4845190,10352766976,37089853440
2025-05-14 06:45:06,39.389,3.747,0,12288,99.80,30555.66,31951.97,46,4396540,4845404,10352771072,37089865728
2025-05-14 06:45:06,42.052,4.087,28672,2506752,149.70,30555.66,31951.97,46,4397050,4845973,10352865280,37092438016
2025-05-14 06:45:06,45.513,4.507,1368064,622592,489.00,30555.66,31951.97,46,4397416,4846334,10354241536,37093134336
2025-05-14 06:45:06,49.446,5.365,126976,606208,558.90,30555.66,31951.97,46,4397841,4846774,10354298880,37094395904
2025-05-14 06:45:07,49.594,5.301,294912,1519616,569.10,30555.66,31951.97,46,4398215,4847190,10354630656,37095686144
2025-05-14 06:45:07,49.069,5.147,45056,864256,479.00,30555.66,31951.97,46,4398589,4847601,10354630656,37096222720
2025-05-14 06:45:07,48.408,4.845,4096,491520,309.40,30555.66,31951.97,46,4398836,4847858,10354634752,37096726528
2025-05-14 06:45:07,48.510,4.721,0,466944,469.20,30555.66,31951.97,46,4399144,4848170,10354634752,37097259008
2025-05-14 06:45:07,48.337,4.722,0,610304,379.30,30555.66,31951.97,46,4399385,4848422,10354634752,37097705472
2025-05-14 06:45:08,49.757,4.832,16384,495616,469.10,30555.66,31951.97,46,4399681,4848716,10354655232,37098172416
2025-05-14 06:45:08,48.153,4.942,12288,401408,618.90,30555.66,31951.97,46,4400003,4849043,10354671616,37098790912
2025-05-14 06:45:08,48.772,5.059,8192,638976,409.20,30555.66,31951.97,46,4400329,4849387,10354683904,37099368448
2025-05-14 06:45:08,48.854,4.978,12288,458752,279.40,30555.66,31951.97,46,4400581,4849666,10354683904,37099847680
2025-05-14 06:45:08,49.123,4.822,0,524288,389.20,30555.66,31951.97,46,4400831,4849936,10354683904,37100232704
2025-05-14 06:45:09,46.795,4.559,0,315392,409.20,30555.66,31951.97,46,4401043,4850155,10354683904,37100388352
2025-05-14 06:45:09,46.029,4.429,0,0,399.30,30555.66,31951.97,46,4401244,4850356,10354683904,37100388352
2025-05-14 06:45:09,46.167,4.482,0,0,419.30,30555.66,31951.97,46,4401443,4850555,10354683904,37100388352
2025-05-14 06:45:09,46.158,4.430,0,0,339.40,30555.66,31951.97,46,4401658,4850778,10354683904,37100589056
2025-05-14 06:45:09,46.042,4.706,0,282624,299.70,30555.66,31951.97,46,4401871,4850995,10354683904,37100736512
2025-05-14 06:45:10,44.307,4.625,0,65536,349.40,30555.66,31951.97,46,4402072,4851196,10354683904,37100736512
2025-05-14 06:45:10,45.106,4.672,0,0,379.40,30555.66,31951.97,46,4402275,4851399,10354683904,37100736512
2025-05-14 06:45:10,45.642,4.597,0,98304,349.40,30555.66,31951.97,46,4402497,4851628,10354683904,37100900352
2025-05-14 06:45:10,44.559,4.675,0,2928640,349.40,30555.66,31951.97,46,4403551,4853009,10354683904,37109633024
2025-05-14 06:45:10,44.308,4.830,0,5869568,339.40,30555.66,31951.97,46,4403760,4853221,10354683904,37109661696
2025-05-14 06:45:11,46.261,4.977,0,94208,349.30,30555.66,31951.97,46,4403966,4853428,10354683904,37109727232
2025-05-14 06:45:11,47.194,5.167,0,73728,329.40,30555.66,31951.97,46,4404179,4853647,10354683904,37109829632
2025-05-14 06:45:11,49.024,5.075,0,28672,259.40,30555.66,31951.97,46,4404381,4853849,10354683904,37109829632
2025-05-14 06:45:11,45.902,4.913,0,49152,299.50,30555.66,31951.97,46,4404606,4854076,10354683904,37109944320
2025-05-14 06:45:11,47.342,4.616,0,135168,239.60,30555.66,31951.97,46,4404798,4854270,10354683904,37110013952
2025-05-14 06:45:12,45.613,5.088,24576,0,299.50,30555.66,31951.97,46,4405005,4854475,10354708480,37110013952
2025-05-14 06:45:12,45.862,4.758,0,0,259.50,30555.66,31951.97,46,4405201,4854671,10354708480,37110013952
2025-05-14 06:45:12,45.974,4.668,0,0,279.60,30555.66,31951.97,46,4405411,4854883,10354712576,37110026240
2025-05-14 06:45:12,45.627,4.720,4096,110592,279.50,30555.66,31951.97,46,4405639,4855117,10354712576,37110386688
2025-05-14 06:45:12,46.938,4.422,0,274432,339.40,30555.66,31951.97,46,4405839,4855319,10354712576,37110398976
2025-05-14 06:45:13,42.690,4.612,0,0,349.40,30555.66,31951.97,46,4406043,4855522,10354716672,37110398976
2025-05-14 06:45:13,45.247,4.636,4096,0,309.30,30555.66,31951.97,46,4406258,4855742,10354716672,37110513664
2025-05-14 06:45:13,44.823,4.528,0,200704,289.50,30555.66,31951.97,46,4406468,4855955,10354716672,37110599680
2025-05-14 06:45:13,44.957,4.602,0,0,339.40,30555.66,31951.97,46,4406669,4856156,10354716672,37110599680
2025-05-14 06:45:13,45.533,4.413,0,0,309.50,30555.66,31951.97,46,4406872,4856359,10354716672,37110599680
2025-05-14 06:45:14,45.264,4.516,4096,0,309.40,30555.66,31951.97,46,4407088,4856574,10354720768,37110620160
2025-05-14 06:45:14,45.961,4.774,0,233472,319.40,30555.66,31951.97,46,4407302,4856793,10354720768,37110833152
2025-05-14 06:45:14,45.648,4.677,0,90112,249.60,30555.66,31951.97,46,4407545,4857049,10354720768,37111025664
2025-05-14 06:45:14,44.087,4.540,0,110592,289.50,30555.66,31951.97,46,4407748,4857253,10354720768,37111033856
2025-05-14 06:45:14,46.743,4.646,0,0,289.50,30555.66,31951.97,46,4407942,4857447,10354720768,37111033856
2025-05-14 06:45:15,47.264,4.797,0,0,329.70,30555.66,31951.97,46,4408554,4858142,10354720768,37114605568
2025-05-14 06:45:15,43.934,4.707,0,4243456,349.40,30555.66,31951.97,46,4408793,4858393,10354720768,37115363328
2025-05-14 06:45:15,44.454,4.866,0,86016,309.50,30555.66,31951.97,46,4408997,4858598,10354720768,37115379712
2025-05-14 06:45:15,45.472,4.629,0,98304,279.50,30555.66,31951.97,46,4409211,4858819,10354720768,37115527168
2025-05-14 06:45:15,46.410,4.671,0,65536,309.50,30555.66,31951.97,46,4409414,4859022,10354720768,37115527168
2025-05-14 06:45:16,44.127,4.470,0,0,319.40,30555.66,31951.97,46,4409618,4859227,10354720768,37115531264
2025-05-14 06:45:16,44.636,4.579,0,118784,309.40,30555.66,31951.97,46,4409855,4859475,10354720768,37115731968
2025-05-14 06:45:16,44.518,4.686,0,208896,279.50,30555.66,31951.97,46,4410070,4859693,10354720768,37115871232
2025-05-14 06:45:16,44.657,4.484,0,16384,339.40,30555.66,31951.97,46,4410283,4859912,10354720768,37116166144
2025-05-14 06:45:16,45.848,4.713,0,360448,329.50,30555.66,31951.97,46,4410488,4860118,10354720768,37116231680
2025-05-14 06:45:17,45.033,4.419,0,0,329.40,30555.66,31951.97,46,4410689,4860319,10354720768,37116231680
2025-05-14 06:45:17,44.716,4.522,0,135168,259.60,30555.66,31951.97,46,4410896,4860528,10354720768,37116366848
2025-05-14 06:45:17,45.380,4.569,0,77824,319.50,30555.66,31951.97,46,4411116,4860753,10354720768,37116514304
2025-05-14 06:45:17,44.149,4.510,0,69632,229.60,30555.66,31951.97,46,4411318,4860955,10354720768,37116514304
2025-05-14 06:45:17,45.890,4.409,0,0,309.50,30555.66,31951.97,46,4411536,4861178,10354720768,37116616704
2025-05-14 06:45:18,44.867,4.537,0,102400,309.50,30555.66,31951.97,46,4411737,4861379,10354720768,37116616704
2025-05-14 06:45:18,44.749,4.601,0,0,319.40,30555.66,31951.97,46,4411955,4861613,10354720768,37116669952
2025-05-14 06:45:18,45.112,4.671,0,53248,269.50,30555.66,31951.97,46,4412157,4861815,10354720768,37116669952
2025-05-14 06:45:18,43.727,4.892,0,77824,299.50,30555.66,31951.97,46,4412359,4862020,10354720768,37116747776
2025-05-14 06:45:18,45.992,4.701,0,0,309.40,30555.66,31951.97,46,4412560,4862221,10354720768,37116747776
2025-05-14 06:45:19,44.967,4.537,0,4096,289.50,30555.66,31951.97,46,4412772,4862435,10354720768,37116817408
2025-05-14 06:45:19,44.563,4.521,0,65536,319.50,30555.66,31951.97,46,4412973,4862636,10354720768,37116817408
2025-05-14 06:45:19,45.164,4.709,0,0,329.50,30555.66,31951.97,46,4413174,4862837,10354720768,37116817408
2025-05-14 06:45:19,44.667,4.567,0,0,299.50,30555.66,31951.97,46,4413370,4863033,10354720768,37116817408
2025-05-14 06:45:19,46.768,4.829,0,12288,299.40,30555.66,31951.97,46,4413575,4863240,10354720768,37116829696
2025-05-14 06:45:20,45.443,4.619,0,0,329.40,30555.66,31951.97,46,4413779,4863444,10354720768,37116829696
2025-05-14 06:45:20,45.394,4.627,0,2838528,339.40,30555.66,31951.97,46,4414137,4863945,10354720768,37119668224
2025-05-14 06:45:20,45.361,4.615,4096,4096,279.50,30555.66,31951.97,46,4414343,4864155,10354724864,37119819776
2025-05-14 06:45:20,45.791,4.525,0,147456,279.50,30555.66,31951.97,46,4414528,4864340,10354724864,37119819776
2025-05-14 06:45:20,46.204,4.642,0,0,279.50,30555.66,31951.97,46,4414723,4864535,10354724864,37119819776
2025-05-14 06:45:21,45.056,4.512,0,0,269.50,30555.66,31951.97,46,4414936,4864752,10354724864,37119856640
2025-05-14 06:45:21,44.567,4.668,0,208896,309.50,30555.66,31951.97,46,4415171,4864996,10354757632,37120110592
2025-05-14 06:45:21,45.396,4.582,53248,217088,339.40,30555.66,31951.97,46,4415390,4865217,10354778112,37120274432
2025-05-14 06:45:21,45.355,4.641,0,159744,319.40,30555.66,31951.97,46,4415607,4865439,10354778112,37120495616
2025-05-14 06:45:21,46.426,4.729,0,155648,309.50,30555.66,31951.97,46,4415825,4865664,10354778112,37120667648
2025-05-14 06:45:22,45.678,4.712,0,274432,329.50,30555.66,31951.97,46,4416056,4865905,10354782208,37120991232
2025-05-14 06:45:22,45.788,4.678,4096,225280,379.40,30555.66,31951.97,46,4416280,4866137,10354782208,37121253376
2025-05-14 06:45:22,46.720,4.792,36864,307200,389.40,30555.66,31951.97,46,4416554,4866427,10354819072,37121568768
2025-05-14 06:45:22,46.074,4.707,0,573440,389.60,30555.66,32100.04,64,4416881,4866721,10364125184,37122093056
2025-05-14 06:45:22,48.610,5.045,9306112,360448,499.10,30555.66,32100.04,64,4417156,4867024,10364125184,37122461696
2025-05-14 06:45:23,47.960,4.801,0,335872,658.80,30555.66,32100.04,64,4417457,4867350,10364125184,37122904064
2025-05-14 06:45:23,49.811,5.099,0,507904,479.20,30555.68,32100.04,64,4417730,4867648,10364125184,37123231744
2025-05-14 06:45:23,47.343,4.965,0,245760,389.30,30555.68,32100.04,64,4417994,4867936,10364125184,37123510272
2025-05-14 06:45:23,47.128,4.821,679936,274432,469.10,30555.68,32100.04,64,4418350,4868282,10365231104,37123751936
2025-05-14 06:45:23,48.018,4.783,557056,176128,409.40,30555.68,32100.04,64,4418601,4868531,10365534208,37123981312
2025-05-14 06:45:24,45.768,4.486,655360,139264,429.30,30555.68,32100.04,64,4418866,4868773,10366070784,37123981312
2025-05-14 06:45:24,46.302,4.490,118784,0,449.30,30555.68,32100.04,64,4419071,4868976,10366156800,37123981312
2025-05-14 06:45:24,46.077,4.469,36864,8192,459.20,30555.68,32100.04,64,4419495,4869641,10366173184,37127356416
2025-05-14 06:45:24,46.496,4.817,126976,4005888,309.50,30555.68,32100.04,64,4419704,4869965,10366304256,37127995392
2025-05-14 06:45:24,46.569,4.724,4096,77824,379.30,30555.68,32100.04,64,4419917,4870183,10366304256,37128208384
2025-05-14 06:45:25,45.542,4.637,0,200704,399.20,30555.68,32100.04,64,4420122,4870389,10366304256,37128273920
2025-05-14 06:45:25,46.170,4.805,16384,4096,449.20,30555.68,32100.04,64,4420333,4870602,10366320640,37128347648
2025-05-14 06:45:25,45.234,4.672,0,69632,419.10,30555.68,32100.04,64,4420549,4870813,10366332928,37128347648
2025-05-14 06:45:25,46.126,4.691,12288,188416,439.20,30555.68,32100.04,64,4420806,4871079,10366332928,37128658944
2025-05-14 06:45:25,48.088,4.916,4096,360448,419.20,30555.68,32100.04,64,4421081,4871365,10366345216,37128916992
2025-05-14 06:45:26,46.257,4.647,8192,90112,359.30,30555.68,32100.04,64,4421303,4871587,10366386176,37129056256
2025-05-14 06:45:26,44.995,4.642,40960,69632,329.40,30555.68,32100.04,64,4421512,4871802,10366386176,37129162752
2025-05-14 06:45:26,46.805,4.732,1421312,319488,579.00,30555.68,32100.04,64,4421882,4872151,10367930368,37129510912
2025-05-14 06:45:26,48.727,5.192,454656,483328,359.30,30555.68,32100.04,64,4422312,4872568,10368880640,37129928704
2025-05-14 06:45:26,46.142,4.810,892928,110592,369.40,30555.68,32100.04,64,4422639,4872859,10369712128,37129969664
2025-05-14 06:45:27,45.700,4.579,724992,0,309.50,30555.68,32100.04,64,4422899,4873102,10369966080,37130039296
2025-05-14 06:45:27,45.096,4.557,241664,69632,389.30,30555.68,32100.04,64,4423139,4873338,10370158592,37130158080
2025-05-14 06:45:27,46.339,4.464,65536,118784,389.40,30555.68,32100.04,64,4423367,4873557,10370228224,37130158080
2025-05-14 06:45:27,45.078,4.662,40960,2146304,329.40,30555.68,32100.04,64,4423645,4873872,10370244608,37132869632
2025-05-14 06:45:27,46.740,4.563,16384,868352,359.40,30555.68,32100.04,64,4423912,4874159,10370244608,37133418496
2025-05-14 06:45:28,45.344,4.531,0,557056,359.40,30555.68,32100.04,64,4424166,4874434,10370244608,37134098432
2025-05-14 06:45:28,44.892,4.821,0,634880,379.10,30555.68,32100.04,64,4424461,4874761,10370244608,37134954496
2025-05-14 06:45:28,45.682,4.771,4096,802816,319.50,30555.68,32100.04,64,4424738,4875065,10370248704,37135667200
2025-05-14 06:45:28,45.468,4.597,0,794624,319.40,30555.68,32100.04,64,4424948,4875284,10370248704,37135962112
2025-05-14 06:45:28,46.298,4.732,0,1454080,399.30,30555.68,32100.04,64,4425486,4876017,10370248704,37139750912
2025-05-14 06:45:29,45.584,4.552,0,2334720,329.40,30555.68,32100.04,64,4425682,4876213,10370248704,37139750912
2025-05-14 06:45:29,45.328,4.623,0,12288,309.40,30555.68,32100.04,64,4425881,4876414,10370248704,37139828736
2025-05-14 06:45:29,44.513,4.516,24576,65536,389.40,30555.68,32100.04,64,4426085,4876617,10370273280,37139828736
2025-05-14 06:45:29,45.549,4.455,0,81920,309.50,30555.68,32100.04,64,4426285,4876823,10370273280,37139976192
2025-05-14 06:45:29,47.012,4.639,0,65536,309.40,30555.68,32100.04,64,4426486,4877024,10370273280,37139976192
2025-05-14 06:45:30,44.494,4.521,0,0,359.30,30555.68,32100.04,64,4426683,4877221,10370273280,37139976192
2025-05-14 06:45:30,44.673,4.424,0,0,299.50,30555.68,32100.04,64,4426884,4877422,10370273280,37139976192
2025-05-14 06:45:30,46.040,4.506,0,0,329.50,30555.68,32100.04,64,4427086,4877624,10370273280,37139976192
2025-05-14 06:45:30,46.270,4.663,0,0,379.30,30555.68,32100.04,64,4427293,4877830,10370273280,37139976192
2025-05-14 06:45:30,46.530,4.733,0,0,319.50,30555.68,32100.04,64,4427497,4878034,10370273280,37139976192
2025-05-14 06:45:31,45.369,4.373,0,16384,279.50,30555.68,32100.04,64,4427704,4878243,10370273280,37140123648
2025-05-14 06:45:31,44.873,4.464,0,131072,309.40,30555.68,32100.04,64,4427915,4878458,10370273280,37140148224
2025-05-14 06:45:31,45.485,4.525,0,143360,299.50,30555.68,32100.04,64,4428141,4878692,10370273280,37140267008
2025-05-14 06:45:31,45.981,4.486,0,0,349.30,30555.68,32100.04,64,4428338,4878889,10370273280,37140267008
2025-05-14 06:45:31,46.327,4.777,0,0,329.40,30555.68,32100.04,64,4428539,4879090,10370273280,37140267008
2025-05-14 06:45:32,44.962,4.402,0,0,369.40,30555.68,32100.04,64,4428739,4879290,10370273280,37140267008
2025-05-14 06:45:32,45.300,4.447,0,0,439.40,30555.68,32100.04,64,4428940,4879491,10370273280,37140267008
2025-05-14 06:45:32,45.484,4.475,0,8192,309.50,30555.68,32100.04,64,4429147,4879700,10370273280,37140275200
2025-05-14 06:45:32,46.075,4.307,0,0,329.40,30555.68,32100.04,64,4429339,4879892,10370273280,37140275200
2025-05-14 06:45:32,46.388,4.462,0,0,369.40,30555.68,32100.04,64,4429541,4880094,10370273280,37140275200
2025-05-14 06:45:33,45.836,4.513,0,0,399.30,30555.68,32100.04,64,4429742,4880295,10370273280,37140275200
2025-05-14 06:45:33,45.818,4.410,0,0,279.50,30555.68,32100.04,64,4429943,4880496,10370273280,37140275200
2025-05-14 06:45:33,45.195,4.320,0,0,299.50,30555.68,32100.04,64,4430144,4880697,10370273280,37140275200
2025-05-14 06:45:33,45.723,4.434,0,0,329.40,30555.68,32100.04,64,4430342,4880896,10370273280,37140283392
2025-05-14 06:45:33,46.047,4.387,0,81920,269.50,30555.68,32100.04,64,4430562,4881123,10370273280,37140357120
2025-05-14 06:45:34,44.726,4.416,0,0,329.40,30555.68,32100.04,64,4430751,4881312,10370273280,37140357120
2025-05-14 06:45:34,45.342,4.632,0,0,329.30,30555.68,32100.04,64,4430952,4881513,10370273280,37140357120
2025-05-14 06:45:34,45.599,4.650,0,0,259.70,30555.68,32100.04,64,4431153,4881714,10370273280,37140357120
2025-05-14 06:45:34,45.677,4.352,0,0,309.40,30555.68,32100.04,64,4431353,4881914,10370273280,37140357120
2025-05-14 06:45:34,46.157,4.491,0,0,319.40,30555.68,32100.04,64,4431558,4882120,10370273280,37140369408
2025-05-14 06:45:35,45.190,4.376,0,118784,319.40,30555.68,32100.04,64,4431785,4882369,10370273280,37140475904
2025-05-14 06:45:35,44.616,4.415,0,0,359.40,30555.68,32100.04,64,4431982,4882566,10370273280,37140475904
2025-05-14 06:45:35,45.535,4.380,0,0,329.40,30555.68,32100.04,64,4432183,4882767,10370273280,37140475904
2025-05-14 06:45:35,46.140,4.460,0,0,289.50,30555.68,32100.04,64,4432385,4882969,10370273280,37140475904
2025-05-14 06:45:36,44.255,4.440,0,0,329.50,30555.68,32100.04,64,4432590,4883174,10370273280,37140475904
2025-05-14 06:45:36,45.071,4.391,0,0,309.40,30555.68,32100.04,64,4432791,4883375,10370273280,37140475904
2025-05-14 06:45:36,45.657,4.396,0,139264,309.50,30555.68,32100.04,64,4433026,4883622,10370273280,37140615168
2025-05-14 06:45:36,44.877,4.295,0,0,299.50,30555.68,32100.04,64,4433226,4883822,10370273280,37140615168
2025-05-14 06:45:36,45.979,4.368,0,0,319.50,30555.68,32100.04,64,4433761,4884427,10370273280,37143261184
2025-05-14 06:45:37,45.850,4.539,0,2646016,279.60,30555.68,32100.04,64,4433963,4884629,10370273280,37143261184
2025-05-14 06:45:37,44.383,4.383,0,0,399.30,30555.68,32100.04,64,4434170,4884838,10370273280,37143400448
2025-05-14 06:45:37,45.829,4.538,0,139264,329.40,30555.68,32100.04,64,4434371,4885039,10370273280,37143400448
2025-05-14 06:45:37,45.450,4.517,0,0,359.30,30555.68,32100.04,64,4434576,4885249,10370273280,37143601152
2025-05-14 06:45:37,45.989,4.420,0,200704,329.40,30555.68,32100.04,64,4434774,4885447,10370273280,37143601152
2025-05-14 06:45:38,45.043,4.362,0,0,329.50,30555.68,32100.04,64,4434976,4885649,10370273280,37143601152
2025-05-14 06:45:38,44.616,4.391,0,0,319.50,30555.68,32100.04,64,4435177,4885850,10370273280,37143601152
2025-05-14 06:45:38,45.382,4.565,0,0,309.30,30555.68,32100.04,64,4435384,4886059,10370273280,37143625728
2025-05-14 06:45:38,46.749,4.434,0,36864,279.50,30555.68,32100.04,64,4435594,4886271,10370273280,37143638016
2025-05-14 06:45:38,45.621,4.288,0,69632,299.50,30555.68,32100.04,64,4435836,4886529,10370273280,37143805952
2025-05-14 06:45:39,46.249,4.481,0,106496,269.50,30555.68,32100.04,64,4436040,4886734,10370273280,37143814144
2025-05-14 06:45:39,43.435,4.292,0,0,359.30,30555.68,32100.04,64,4436253,4886951,10370273280,37143904256
2025-05-14 06:45:39,45.857,4.605,16384,159744,389.40,30555.68,32100.04,64,4436493,4887198,10370314240,37144158208
2025-05-14 06:45:39,46.499,4.672,24576,569344,509.00,30555.68,32100.04,64,4436816,4887550,10370314240,37144903680
2025-05-14 06:45:39,47.684,4.955,0,483328,429.20,30555.68,32100.04,64,4437055,4887802,10370379776,37145100288
2025-05-14 06:45:40,46.221,4.662,65536,73728,439.20,30555.68,32100.04,64,4437256,4888003,10370379776,37145100288
2025-05-14 06:45:40,46.790,4.469,0,0,439.30,30555.68,32100.04,64,4437458,4888205,10370379776,37145100288
2025-05-14 06:45:40,46.276,4.510,0,0,439.50,30555.68,32100.04,64,4437665,4888414,10370379776,37145108480
2025-05-14 06:45:40,46.233,4.492,0,8192,469.20,30555.68,32100.04,64,4437885,4888638,10370379776,37145276416
2025-05-14 06:45:40,47.414,4.969,0,233472,349.40,30555.68,32100.04,64,4438066,4888820,10370379776,37145341952
2025-05-14 06:45:41,47.020,4.883,0,0,409.20,30555.68,32100.04,64,4438276,4889030,10370379776,37145341952
2025-05-14 06:45:41,46.034,4.917,0,0,409.30,30555.68,32100.04,64,4438477,4889231,10370379776,37145341952
2025-05-14 06:45:41,46.243,5.002,0,3973120,519.10,30555.68,32100.04,64,4439152,4889999,10370383872,37149528064
2025-05-14 06:45:41,47.565,4.998,77824,614400,519.10,30555.68,32100.04,64,4439468,4890334,10370572288,37150154752
2025-05-14 06:45:41,48.362,4.689,114688,385024,439.20,30555.68,32100.04,64,4439689,4890563,10370572288,37150466048
2025-05-14 06:45:42,45.896,4.688,0,221184,429.20,30555.68,32100.04,64,4439924,4890812,10370572288,37150703616
2025-05-14 06:45:42,47.542,4.680,147456,356352,559.00,30555.68,32100.04,64,4440188,4891081,10370719744,37150892032
2025-05-14 06:45:42,47.371,4.969,20480,208896,349.40,30555.68,32100.04,64,4440477,4891364,10371325952,37151227904
2025-05-14 06:45:42,45.930,4.380,585728,126976,309.50,30555.68,32100.04,64,4440669,4891556,10371325952,37151227904
2025-05-14 06:45:42,46.235,4.474,0,0,259.50,30555.71,32100.04,64,4441026,4891857,10373586944,37151227904
2025-05-14 06:45:43,42.746,4.804,2260992,0,149.70,30555.71,32100.04,64,4441227,4892058,10373586944,37151227904
2025-05-14 06:45:43,42.041,5.166,0,0,159.70,30555.71,32100.04,64,4441428,4892259,10373586944,37151227904
2025-05-14 06:45:43,42.681,4.673,0,0,149.80,30555.71,32100.04,64,4441630,4892461,10373586944,37151227904
2025-05-14 06:45:43,43.042,5.168,0,0,319.50,30555.71,32100.04,64,4441870,4892686,10374275072,37151227904
2025-05-14 06:45:43,45.975,4.767,819200,0,319.40,30555.71,32100.04,64,4442083,4892894,10374406144,37151227904
2025-05-14 06:45:44,44.941,4.514,0,0,299.50,30555.71,32100.04,64,4442284,4893095,10374406144,37151227904
2025-05-14 06:45:44,45.244,4.640,0,57344,339.40,30555.71,32100.04,64,4442501,4893319,10374406144,37151547392
2025-05-14 06:45:44,46.321,4.676,0,262144,309.50,30555.71,32100.04,64,4442739,4893566,10374410240,37151629312
2025-05-14 06:45:44,44.937,4.455,4096,81920,299.40,30555.71,32100.04,64,4442932,4893759,10374410240,37151629312
2025-05-14 06:45:44,44.818,4.600,0,0,299.50,30555.71,32100.04,64,4443128,4893955,10374410240,37151629312
2025-05-14 06:45:45,45.142,4.466,106496,0,309.50,30555.71,32100.04,64,4443338,4894162,10374516736,37151629312
2025-05-14 06:45:45,45.382,4.706,0,0,409.30,30555.71,32100.04,64,4443540,4894364,10374516736,37151629312
2025-05-14 06:45:45,46.678,4.804,0,0,279.60,30555.71,32100.04,64,4443741,4894565,10374516736,37151629312
2025-05-14 06:45:45,43.984,4.504,0,0,299.40,30555.71,32100.04,64,4443949,4894770,10374516736,37151629312
2025-05-14 06:45:45,46.506,4.534,36864,0,349.40,30555.71,32100.04,64,4444509,4895431,10374569984,37155258368
2025-05-14 06:45:46,45.658,4.631,16384,3665920,349.40,30555.71,32100.04,64,4444734,4895664,10374569984,37155377152
2025-05-14 06:45:46,45.729,4.690,0,81920,429.30,30555.71,32100.04,64,4444948,4895882,10374569984,37155463168
2025-05-14 06:45:46,45.754,4.681,0,102400,309.70,30555.71,32100.04,64,4445157,4896094,10374569984,37155479552
2025-05-14 06:45:46,43.999,4.438,0,0,319.50,30555.77,32100.04,64,4445363,4896302,10374569984,37155557376
2025-05-14 06:45:46,44.302,4.647,0,196608,269.50,30555.77,32100.04,64,4445587,4896536,10374569984,37155676160
2025-05-14 06:45:47,44.916,4.360,0,24576,359.40,30555.77,32100.04,64,4445803,4896757,10374569984,37155782656
2025-05-14 06:45:47,45.863,4.765,0,229376,329.40,30555.77,32100.04,64,4446021,4896981,10374569984,37156003840
2025-05-14 06:45:47,45.177,4.573,0,147456,319.60,30555.77,32100.04,64,4446220,4897183,10374569984,37156085760
2025-05-14 06:45:47,44.830,4.297,20480,12288,309.50,30555.77,32100.04,64,4446424,4897387,10374590464,37156155392
2025-05-14 06:45:47,46.187,4.451,0,65536,339.30,30555.77,32100.04,64,4446617,4897582,10374590464,37156163584
2025-05-14 06:45:48,45.277,4.442,0,86016,379.40,30555.77,32100.04,64,4446827,4897795,10374590464,37156306944
2025-05-14 06:45:48,46.681,4.840,0,65536,289.40,30555.77,32100.04,64,4447029,4897997,10374590464,37156306944
2025-05-14 06:45:48,46.086,4.776,0,73728,269.50,30555.77,32100.04,64,4447244,4898218,10374594560,37156401152
2025-05-14 06:45:48,44.664,4.465,4096,90112,289.50,30555.77,32100.04,64,4447447,4898424,10374594560,37156536320
2025-05-14 06:45:48,46.426,4.558,0,65536,339.30,30555.77,32100.04,64,4447653,4898634,10374594560,37156802560
2025-05-14 06:45:49,44.604,4.510,0,270336,339.40,30555.77,32100.04,64,4447892,4898869,10374647808,37157072896
2025-05-14 06:45:49,45.264,4.435,53248,532480,329.40,30555.77,32100.04,64,4448117,4899104,10374647808,37157339136
2025-05-14 06:45:49,45.173,4.558,0,0,349.40,30555.77,32100.04,64,4448322,4899308,10374688768,37157339136
2025-05-14 06:45:49,45.341,4.495,40960,0,319.50,30555.77,32100.04,64,4448516,4899501,10374729728,37157339136
2025-05-14 06:45:49,45.779,4.631,40960,0,329.40,30555.77,32100.04,64,4448719,4899703,10374729728,37157339136
2025-05-14 06:45:50,45.237,4.560,0,0,319.50,30555.77,32100.04,64,4448933,4899914,10374729728,37157339136
2025-05-14 06:45:50,45.107,4.530,0,0,349.40,30555.77,32100.04,64,4449138,4900119,10374729728,37157339136
2025-05-14 06:45:50,47.014,4.702,0,0,349.40,30555.77,32100.04,64,4449339,4900320,10374729728,37157339136
2025-05-14 06:45:50,45.571,4.541,0,0,307.70,30555.77,32100.04,64,4449528,4900510,10374729728,37157339136
2025-05-14 06:45:50,46.858,4.597,0,0,299.50,30555.77,32100.04,64,4449722,4900703,10374729728,37157339136
2025-05-14 06:45:51,45.659,4.355,0,0,309.50,30555.77,32100.04,64,4449926,4900906,10374750208,37157339136
2025-05-14 06:45:51,45.211,4.558,20480,0,289.40,30555.77,32100.04,64,4450127,4901107,10374750208,37157339136
2025-05-14 06:45:51,45.315,4.461,0,0,279.50,30555.77,32100.04,64,4450332,4901314,10374750208,37157343232
2025-05-14 06:45:51,44.376,4.289,0,4096,299.40,30555.77,32100.04,64,4450533,4901515,10374750208,37157343232
2025-05-14 06:45:51,47.455,4.448,0,0,289.40,30555.77,32100.04,64,4450734,4901716,10374750208,37157343232
2025-05-14 06:45:52,44.637,4.394,0,0,289.50,30555.77,32100.04,64,4450935,4901917,10374750208,37157343232
2025-05-14 06:45:52,44.758,4.356,0,53248,299.50,30555.77,32100.04,64,4451148,4902140,10374750208,37157396480
2025-05-14 06:45:52,43.419,4.426,0,0,329.40,30555.77,32100.04,64,4451349,4902341,10374750208,37157396480
2025-05-14 06:45:52,44.781,4.330,0,0,309.40,30555.77,32100.04,64,4451550,4902541,10374750208,37157396480
2025-05-14 06:45:52,47.408,4.480,20480,0,339.40,30555.77,32100.04,64,4451763,4902752,10374770688,37157396480
2025-05-14 06:45:53,44.602,4.363,0,0,349.40,30555.77,32100.04,64,4451967,4902955,10374770688,37157396480
2025-05-14 06:45:53,45.234,4.538,0,0,319.50,30555.77,32100.04,64,4452169,4903157,10374770688,37157396480
2025-05-14 06:45:53,45.413,4.592,0,0,299.80,30555.77,32100.04,64,4452376,4903362,10374770688,37157396480
2025-05-14 06:45:53,44.489,4.401,0,0,269.50,30555.77,32100.04,64,4452576,4903561,10374770688,37157396480
2025-05-14 06:45:53,47.339,4.545,0,0,269.60,30555.77,32100.04,64,4452781,4903766,10374770688,37157396480
2025-05-14 06:45:54,44.804,4.449,0,0,329.50,30555.77,32100.04,64,4452983,4903968,10374770688,37157396480
2025-05-14 06:45:54,44.823,4.432,0,0,339.40,30555.77,32100.04,64,4453184,4904169,10374770688,37157396480
2025-05-14 06:45:54,44.922,4.624,0,0,319.40,30555.77,32100.04,64,4453382,4904367,10374770688,37157396480
2025-05-14 06:45:54,44.071,4.319,0,0,329.40,30555.77,32100.04,64,4453583,4904568,10374770688,37157396480
2025-05-14 06:45:54,46.561,4.614,0,0,389.40,30555.77,32100.04,64,4453784,4904769,10374770688,37157396480
2025-05-14 06:45:55,45.430,4.760,0,0,419.30,30555.77,32100.04,64,4454155,4905180,10374770688,37159317504
2025-05-14 06:45:55,46.533,5.007,0,2015232,359.40,30555.77,32100.04,64,4454371,4905399,10374770688,37159477248
2025-05-14 06:45:55,46.210,4.688,0,65536,339.40,30555.77,32100.04,64,4454579,4905612,10374770688,37159702528
2025-05-14 06:45:55,44.724,4.436,0,311296,309.40,30555.77,32100.04,64,4454785,4905820,10374770688,37159788544
2025-05-14 06:45:55,48.418,4.466,0,45056,299.40,30555.77,32100.04,64,4455026,4906064,10374934528,37160062976
2025-05-14 06:45:56,46.519,4.565,172032,438272,429.30,30555.77,32100.04,64,4455341,4906412,10374942720,37160804352
2025-05-14 06:45:56,46.434,4.691,0,708608,469.10,30555.77,32100.04,64,4455609,4906705,10374942720,37161930752
2025-05-14 06:45:56,48.740,5.213,0,2093056,439.20,30555.77,32100.04,64,4455922,4907059,10374942720,37163618304
2025-05-14 06:45:56,46.570,4.698,0,999424,349.30,30555.77,32100.04,64,4456173,4907337,10374942720,37164408832
2025-05-14 06:45:56,47.723,4.632,0,655360,409.30,30555.77,32100.04,64,4456437,4907615,10375041024,37165035520
2025-05-14 06:45:57,45.859,4.736,98304,626688,529.00,30555.77,32100.04,64,4456706,4907911,10375041024,37165817856
2025-05-14 06:45:57,47.043,4.808,0,532480,389.30,30555.77,32100.04,64,4456928,4908138,10375041024,37166063616
2025-05-14 06:45:57,44.240,4.695,0,385024,399.30,30555.77,32100.04,64,4457145,4908360,10375041024,37166272512
2025-05-14 06:45:57,45.555,4.689,0,167936,399.30,30555.77,32100.04,64,4457362,4908590,10375041024,37166661632
2025-05-14 06:45:57,46.132,4.696,0,303104,429.30,30555.77,32100.04,64,4457600,4908840,10375041024,37167067136
2025-05-14 06:45:58,46.141,4.677,0,577536,389.40,30555.77,32100.04,64,4457845,4909101,10375041024,37167480832
2025-05-14 06:45:58,46.018,4.745,0,397312,409.30,30555.77,32100.04,64,4458093,4909368,10375041024,37168173056
2025-05-14 06:45:58,46.251,4.781,0,622592,419.30,30555.77,32100.04,64,4458324,4909611,10375041024,37168529408
2025-05-14 06:45:58,46.041,4.760,0,364544,419.40,30555.77,32100.04,64,4458520,4909812,10375041024,37168812032
2025-05-14 06:45:58,45.972,4.764,0,278528,449.30,30555.77,32100.04,64,4458752,4910055,10375041024,37169065984
2025-05-14 06:45:59,46.138,4.813,0,299008,409.30,30555.77,32100.04,64,4458984,4910297,10375041024,37169352704
2025-05-14 06:45:59,46.943,4.799,0,4628480,469.20,30555.77,32100.04,64,4459742,4911276,10375041024,37176328192
2025-05-14 06:45:59,47.266,4.765,0,2482176,399.20,30555.77,32100.04,64,4459952,4911489,10375041024,37176410112
2025-05-14 06:45:59,45.754,4.638,0,122880,389.30,30555.77,32100.04,64,4460163,4911705,10375041024,37176635392
2025-05-14 06:45:59,47.198,5.204,0,217088,559.00,30555.77,32100.04,64,4460402,4911959,10375041024,37177114624
2025-05-14 06:46:00,48.140,5.050,0,671744,549.10,30555.77,32100.04,64,4460656,4912231,10375041024,37177561088
2025-05-14 06:46:00,47.967,5.036,0,2162688,528.70,30555.77,32100.04,64,4460961,4912576,10375041024,37180018688
2025-05-14 06:46:00,47.587,4.736,0,585728,479.20,30555.77,32100.04,64,4461214,4912845,10375041024,37180448768
2025-05-14 06:46:00,47.426,4.745,0,483328,508.90,30555.77,32100.04,64,4461455,4913100,10375041024,37180915712
2025-05-14 06:46:00,48.276,4.835,0,479232,409.20,30555.77,32100.04,64,4461681,4913336,10375041024,37181378560
2025-05-14 06:46:01,45.182,4.504,0,282624,359.30,30555.77,32100.04,64,4461891,4913549,10375041024,37181464576
2025-05-14 06:46:01,46.739,4.354,0,65536,309.50,30555.77,32100.04,64,4462096,4913755,10375041024,37181472768
2025-05-14 06:46:01,44.408,4.187,0,73728,179.70,30555.77,32100.04,64,4462301,4913961,10375041024,37181538304
2025-05-14 06:46:01,40.199,3.908,0,4096,49.90,30555.77,32100.04,64,4462504,4914165,10375041024,37181542400
2025-05-14 06:46:01,39.286,3.800,0,0,69.90,30555.77,32100.04,64,4462706,4914367,10375041024,37181542400
2025-05-14 06:46:02,38.037,3.707,0,0,139.80,30555.77,32100.04,64,4462913,4914572,10375053312,37181542400
2025-05-14 06:46:02,43.091,4.165,20480,0,229.60,30555.77,32100.04,64,4463141,4914791,10375163904,37181542400
2025-05-14 06:46:02,43.730,4.285,106496,188416,159.70,30555.77,32100.04,64,4463406,4915058,10375172096,37181857792
2025-05-14 06:46:02,41.217,3.944,4096,221184,49.90,30555.77,32100.04,64,4463614,4915270,10375172096,37182017536
2025-05-14 06:46:02,45.401,4.118,122880,65536,79.90,30555.77,32100.04,64,4463835,4915494,10375294976,37182156800
2025-05-14 06:46:03,41.845,3.971,0,466944,59.90,30555.77,32100.04,64,4464042,4915705,10375294976,37182484480
2025-05-14 06:46:03,40.760,3.710,0,0,39.90,30555.77,32100.04,64,4464243,4915906,10375294976,37182484480
2025-05-14 06:46:03,41.844,3.964,0,0,49.90,30555.77,32100.04,64,4464445,4916108,10375294976,37182484480
2025-05-14 06:46:03,44.106,4.051,0,0,49.90,30555.77,32100.04,64,4464646,4916309,10375294976,37182484480
2025-05-14 06:46:03,43.124,4.178,0,0,59.90,30555.77,32100.04,64,4464847,4916510,10375294976,37182484480
2025-05-14 06:46:04,43.368,3.881,0,0,49.90,30555.77,32100.04,64,4465049,4916712,10375294976,37182484480
2025-05-14 06:46:04,41.708,3.865,0,0,49.90,30555.77,32100.04,64,4465250,4916913,10375294976,37182484480
2025-05-14 06:46:04,42.235,3.737,4096,16384,59.90,30555.77,32100.04,64,4465457,4917122,10375299072,37182500864
2025-05-14 06:46:04,44.498,3.986,0,0,169.70,30555.77,32100.04,64,4466023,4917747,10375299072,37186899968
2025-05-14 06:46:04,43.607,3.886,0,4407296,39.90,30555.77,32100.04,64,4466227,4917952,10375299072,37186908160
2025-05-14 06:46:05,42.048,3.868,0,0,39.90,30555.77,32100.04,64,4466428,4918153,10375299072,37186908160
2025-05-14 06:46:05,41.030,3.953,0,0,139.80,30555.77,32100.04,64,4466629,4918354,10375299072,37186908160
2025-05-14 06:46:05,43.515,4.037,0,0,59.90,30555.77,32100.04,64,4466830,4918555,10375299072,37186908160
2025-05-14 06:46:05,42.580,3.668,0,0,49.90,30555.77,32100.04,64,4467031,4918756,10375299072,37186908160
2025-05-14 06:46:05,42.230,3.820,0,0,259.60,30555.77,32100.04,64,4467233,4918958,10375299072,37186908160
2025-05-14 06:46:06,46.896,4.648,0,49152,149.70,30555.77,32100.04,64,4467452,4919183,10375299072,37187031040
2025-05-14 06:46:06,43.739,4.340,20480,73728,319.50,30555.77,32100.04,64,4467670,4919399,10375319552,37187051520
2025-05-14 06:46:06,47.497,4.262,0,20480,209.60,30555.77,32100.04,64,4467900,4919625,10375471104,37187153920
2025-05-14 06:46:06,47.611,4.089,339968,180224,399.30,30555.77,32100.04,64,4468175,4919900,10375708672,37187391488
2025-05-14 06:46:06,46.307,4.785,57344,380928,279.40,30555.77,32100.04,64,4468439,4920176,10375733248,37187862528
2025-05-14 06:46:07,47.689,4.927,16384,651264,479.10,30555.77,32100.04,64,4468738,4920507,10375733248,37188419584
2025-05-14 06:46:07,46.889,4.730,0,364544,379.40,30555.77,32100.04,64,4468976,4920757,10375733248,37188792320
2025-05-14 06:46:07,45.962,4.698,0,208896,399.30,30555.77,32100.04,64,4469204,4920994,10375733248,37188898816
2025-05-14 06:46:07,46.630,4.574,0,135168,449.20,30555.77,32100.04,64,4469413,4921212,10375733248,37189058560
2025-05-14 06:46:08,46.602,4.738,0,155648,369.30,30555.77,32100.04,64,4469628,4921430,10375733248,37189132288
2025-05-14 06:46:08,46.614,4.691,0,69632,379.30,30555.77,32100.04,64,4469839,4921644,10375733248,37189214208
2025-05-14 06:46:08,46.500,4.525,0,98304,409.20,30555.77,32100.04,64,4470078,4921908,10375733248,37189373952
2025-05-14 06:46:08,45.460,4.541,0,172032,419.10,30555.77,32100.04,64,4470301,4922142,10375733248,37189570560
2025-05-14 06:46:08,45.558,4.593,0,114688,389.30,30555.77,32100.04,64,4470533,4922385,10375733248,37189701632
2025-05-14 06:46:09,47.032,4.815,0,4980736,359.40,30555.77,32100.04,64,4471151,4923167,10375745536,37194706944
2025-05-14 06:46:09,45.539,4.560,12288,536576,489.10,30555.77,32100.04,64,4471432,4923482,10375745536,37195415552
2025-05-14 06:46:09,45.950,5.227,0,540672,409.20,30555.77,32100.04,64,4471700,4923778,10375745536,37195796480
2025-05-14 06:46:09,45.332,4.545,0,266240,419.50,30555.77,32100.04,64,4471945,4924038,10375745536,37196001280
2025-05-14 06:46:09,45.781,4.703,0,204800,319.50,30555.77,32100.04,64,4472176,4924282,10375745536,37196201984
2025-05-14 06:46:10,46.949,4.836,0,208896,359.40,30555.77,32100.04,64,4472416,4924540,10375745536,37196554240
2025-05-14 06:46:10,45.836,4.480,0,270336,379.40,30555.77,32100.04,64,4472647,4924781,10375745536,37196685312
2025-05-14 06:46:10,45.915,4.502,0,163840,359.40,30555.77,32100.04,64,4472862,4925001,10375745536,37196898304
2025-05-14 06:46:10,44.681,4.503,0,221184,429.30,30555.77,32100.04,64,4473089,4925237,10375745536,37197094912
2025-05-14 06:46:10,46.321,4.577,0,188416,379.40,30555.77,32100.04,64,4473309,4925462,10375745536,37197242368
2025-05-14 06:46:11,43.077,4.700,0,151552,329.40,30555.77,32100.04,64,4473529,4925689,10375745536,37197393920
2025-05-14 06:46:11,43.550,4.674,0,122880,319.40,30555.77,32100.04,64,4473757,4925926,10375745536,37197520896
2025-05-14 06:46:11,44.974,4.727,0,126976,409.20,30555.77,32100.04,64,4473970,4926148,10375745536,37197615104
2025-05-14 06:46:11,47.114,4.998,0,114688,429.20,30555.77,32100.04,64,4474209,4926398,10375745536,37197758464
2025-05-14 06:46:11,46.461,5.135,0,319488,229.60,30555.77,32100.04,64,4474441,4926643,10375745536,37198077952
2025-05-14 06:46:12,40.954,4.330,0,143360,69.90,30555.77,32100.04,64,4474645,4926848,10375745536,37198143488
2025-05-14 06:46:12,36.497,3.712,0,0,199.70,30555.77,32100.04,64,4474846,4927049,10375745536,37198143488
2025-05-14 06:46:12,41.940,3.988,0,0,89.80,30555.77,32100.04,64,4475054,4927259,10375749632,37198159872
2025-05-14 06:46:12,37.068,3.743,4096,16384,79.90,30555.77,32100.04,64,4475254,4927459,10375749632,37198159872
2025-05-14 06:46:12,37.334,3.733,0,0,149.70,30555.77,32100.04,64,4475455,4927660,10375749632,37198159872
2025-05-14 06:46:13,38.749,3.871,0,0,59.90,30555.77,32100.04,64,4475657,4927862,10375749632,37198159872
2025-05-14 06:46:13,36.531,3.704,0,0,99.80,30555.77,32100.04,64,4475858,4928063,10375749632,37198159872
2025-05-14 06:46:13,36.641,3.773,0,0,59.90,30555.77,32100.04,64,4476059,4928264,10375749632,37198159872
2025-05-14 06:46:13,36.457,3.715,0,0,79.90,30555.77,32100.04,64,4476260,4928465,10375749632,37198159872
2025-05-14 06:46:13,36.169,3.686,0,0,79.80,30555.77,32100.04,64,4476461,4928666,10375749632,37198159872
2025-05-14 06:46:14,36.991,3.720,0,0,69.90,30555.77,32100.04,64,4476661,4928866,10375749632,37198159872
2025-05-14 06:46:14,36.549,3.767,0,0,79.90,30555.77,32100.04,64,4476862,4929067,10375749632,37198159872
2025-05-14 06:46:14,37.063,3.716,0,0,99.80,30555.77,32100.04,64,4477064,4929269,10375749632,37198159872
2025-05-14 06:46:14,45.482,4.286,0,0,59.90,30555.77,32100.04,64,4477264,4929469,10375749632,37198159872
2025-05-14 06:46:14,48.262,4.130,0,0,49.90,30555.77,32100.04,64,4477466,4929671,10375749632,37198159872
2025-05-14 06:46:15,40.652,3.809,0,0,69.90,30555.77,32100.04,64,4477667,4929872,10375749632,37198159872
2025-05-14 06:46:15,40.013,3.851,0,0,49.90,30555.77,32100.04,64,4477868,4930073,10375749632,37198159872
2025-05-14 06:46:15,38.082,3.773,0,0,59.90,30555.77,32100.04,64,4478070,4930275,10375749632,37198159872
2025-05-14 06:46:15,37.467,3.762,0,0,49.90,30555.77,32100.04,64,4478271,4930476,10375749632,37198159872
2025-05-14 06:46:15,42.451,3.785,0,0,129.80,30555.77,32100.04,64,4478461,4930666,10375749632,37198159872
2025-05-14 06:46:16,48.000,4.253,0,0,229.60,30555.77,32100.04,64,4478663,4930868,10375749632,37198159872
2025-05-14 06:46:16,47.667,4.269,0,0,179.70,30555.77,32100.04,64,4478864,4931069,10375749632,37198159872
2025-05-14 06:46:16,44.674,4.165,0,4268032,189.70,30555.77,32100.04,64,4479473,4931756,10375749632,37202485248
2025-05-14 06:46:16,44.836,4.126,0,57344,399.30,30555.77,32100.04,64,4479677,4931961,10375749632,37202518016
2025-05-14 06:46:16,46.751,4.433,0,184320,289.40,30555.77,32100.04,64,4479904,4932196,10375749632,37202759680
2025-05-14 06:46:17,45.418,4.144,0,147456,229.60,30555.77,32100.04,64,4480108,4932401,10375749632,37202817024
2025-05-14 06:46:17,44.221,3.933,0,0,159.80,30555.77,32100.04,64,4480315,4932610,10375749632,37202956288
2025-05-14 06:46:17,42.497,3.790,0,139264,159.70,30555.77,32100.04,64,4480516,4932811,10375749632,37202956288
2025-05-14 06:46:17,42.515,3.851,0,0,169.70,30555.77,32100.04,64,4480718,4933013,10375749632,37202956288
2025-05-14 06:46:17,42.304,3.816,0,0,229.60,30555.77,32100.04,64,4480917,4933212,10375749632,37202956288
2025-05-14 06:46:18,44.610,4.057,0,0,319.50,30555.77,32100.04,64,4481118,4933413,10375749632,37202956288
2025-05-14 06:46:18,44.310,4.280,0,0,309.50,30555.77,32100.04,64,4481319,4933614,10375749632,37202956288
2025-05-14 06:46:18,44.636,4.179,0,0,149.80,30555.77,32100.04,64,4481520,4933815,10375749632,37202956288
2025-05-14 06:46:18,41.882,3.801,0,0,159.80,30555.77,32100.04,64,4481720,4934015,10375749632,37202956288
2025-05-14 06:46:18,42.506,3.756,0,0,159.70,30555.77,32100.04,64,4481922,4934217,10375749632,37202956288
2025-05-14 06:46:19,42.429,3.793,0,0,159.70,30555.77,32100.04,64,4482123,4934418,10375749632,37202956288
2025-05-14 06:46:19,42.009,3.755,0,0,149.80,30555.77,32100.04,64,4482324,4934619,10375749632,37202956288
2025-05-14 06:46:19,40.151,3.840,0,0,69.90,30555.77,32100.04,64,4482525,4934820,10375749632,37202956288
2025-05-14 06:46:19,36.605,3.702,0,0,69.90,30555.77,32100.04,64,4482726,4935021,10375749632,37202956288
2025-05-14 06:46:19,36.877,3.672,0,0,69.90,30555.77,32100.04,64,4482927,4935222,10375749632,37202956288
2025-05-14 06:46:20,37.415,3.670,0,0,59.90,30555.77,32100.04,64,4483124,4935419,10375749632,37202956288
2025-05-14 06:46:20,37.454,3.733,0,0,49.90,30555.77,32100.04,64,4483329,4935624,10375749632,37202956288
2025-05-14 06:46:20,37.874,3.708,0,0,69.90,30555.77,32100.04,64,4483530,4935825,10375749632,37202956288
2025-05-14 06:46:20,37.038,3.724,0,0,79.90,30555.77,32100.04,64,4483730,4936025,10375749632,37202956288
2025-05-14 06:46:20,37.251,3.747,0,0,59.90,30555.77,32100.04,64,4483932,4936227,10375749632,37202956288
2025-05-14 06:46:21,37.541,3.708,0,0,99.80,30555.77,32100.04,64,4484133,4936428,10375749632,37202956288
2025-05-14 06:46:21,37.236,3.728,0,0,79.90,30555.77,32100.04,64,4484334,4936629,10375749632,37202956288
2025-05-14 06:46:21,36.858,3.690,0,0,69.90,30555.77,32100.04,64,4484535,4936830,10375749632,37202956288
2025-05-14 06:46:21,39.642,3.841,0,0,99.80,30555.77,32100.04,64,4484736,4937031,10375749632,37202956288
2025-05-14 06:46:21,44.310,4.342,0,12288,239.60,30555.77,32100.04,64,4484945,4937243,10375749632,37202968576
2025-05-14 06:46:22,49.496,4.686,0,2768896,309.40,30555.77,32100.04,64,4485507,4937953,10375749632,37205807104
2025-05-14 06:46:22,45.749,4.503,0,98304,209.60,30555.77,32100.04,64,4485716,4938165,10375749632,37205901312
2025-05-14 06:46:22,43.124,4.178,0,155648,99.80,30555.77,32100.04,64,4485956,4938418,10375749632,37206097920
2025-05-14 06:46:22,38.353,3.763,0,172032,59.90,30555.77,32100.04,64,4486160,4938623,10375749632,37206163456
2025-05-14 06:46:22,42.814,3.807,0,0,69.90,30555.77,32100.04,64,4486362,4938825,10375749632,37206163456
2025-05-14 06:46:23,37.712,3.809,0,0,89.80,30555.77,32100.04,64,4486563,4939026,10375749632,37206163456
2025-05-14 06:46:23,42.812,4.197,0,0,219.60,30555.77,32100.04,64,4486764,4939227,10375749632,37206163456
2025-05-14 06:46:23,44.690,4.314,0,0,189.60,30555.77,32100.04,64,4486966,4939429,10375749632,37206163456
2025-05-14 06:46:23,44.965,4.222,0,0,159.70,30555.77,32100.04,64,4487167,4939630,10375749632,37206163456
2025-05-14 06:46:23,46.232,3.968,0,0,159.70,30555.77,32100.04,64,4487367,4939830,10375749632,37206163456
2025-05-14 06:46:24,43.902,4.020,0,0,159.70,30555.77,32100.04,64,4487569,4940032,10375749632,37206163456
2025-05-14 06:46:24,43.062,3.949,0,0,159.70,30555.77,32100.04,64,4487770,4940233,10375749632,37206163456
2025-05-14 06:46:24,42.666,3.994,0,0,159.70,30555.77,32100.04,64,4487971,4940434,10375749632,37206163456
2025-05-14 06:46:24,42.845,3.918,0,0,149.70,30555.77,32100.04,64,4488171,4940634,10375749632,37206163456
2025-05-14 06:46:24,45.876,3.932,0,0,169.70,30555.77,32100.04,64,4488373,4940836,10375749632,37206163456
2025-05-14 06:46:25,42.946,3.838,0,0,159.70,30555.77,32100.04,64,4488574,4941037,10375749632,37206163456
2025-05-14 06:46:25,43.210,3.823,0,0,169.60,30555.77,32100.04,64,4488775,4941238,10375749632,37206163456
2025-05-14 06:46:25,42.226,3.768,0,0,159.70,30555.77,32100.04,64,4488978,4941442,10375749632,37206167552
2025-05-14 06:46:25,42.414,3.917,0,4096,169.70,30555.77,32100.04,64,4489179,4941643,10375749632,37206167552
2025-05-14 06:46:25,44.493,3.921,0,0,169.70,30555.77,32100.04,64,4489381,4941845,10375749632,37206167552
2025-05-14 06:46:26,41.347,3.845,0,0,69.90,30555.77,32100.04,64,4489582,4942046,10375749632,37206167552
2025-05-14 06:46:26,37.288,3.732,0,0,59.90,30555.77,32100.04,64,4489783,4942247,10375749632,37206167552
2025-05-14 06:46:26,40.454,3.898,0,0,139.80,30555.77,32100.04,64,4489984,4942448,10375749632,37206167552
2025-05-14 06:46:26,40.901,3.963,0,0,89.80,30555.77,32100.04,64,4490185,4942649,10375749632,37206167552
2025-05-14 06:46:26,45.716,3.816,0,0,59.90,30555.77,32100.04,64,4490391,4942858,10375749632,37206179840
2025-05-14 06:46:27,41.943,3.764,0,12288,189.70,30555.77,32100.04,64,4490780,4943300,10375749632,37208190976
2025-05-14 06:46:27,43.984,4.107,0,2019328,329.40,30555.77,32100.04,64,4490990,4943512,10375749632,37208236032
2025-05-14 06:46:27,44.812,4.161,4096,184320,249.50,30555.77,32100.04,64,4491201,4943728,10375753728,37208395776
2025-05-14 06:46:27,43.634,4.026,0,311296,189.70,30555.77,32100.04,64,4492061,4944812,10375753728,37209559040
2025-05-14 06:46:27,43.279,3.900,8192,1728512,249.50,30555.77,32100.04,64,4493393,4946530,10375761920,37211369472
2025-05-14 06:46:28,43.624,3.771,0,1810432,279.50,30555.77,32100.04,64,4494661,4948177,10375761920,37213212672
2025-05-14 06:46:28,44.972,4.190,8192,1970176,468.90,30555.77,32100.04,64,4495758,4949587,10375770112,37215117312
2025-05-14 06:46:28,46.518,4.751,0,1617920,519.00,30555.77,32100.04,64,4496578,4950624,10375770112,37216354304
2025-05-14 06:46:28,47.798,4.822,0,1130496,558.90,30555.77,32100.04,64,4497319,4951555,10375770112,37217423360
2025-05-14 06:46:28,47.691,4.825,0,1167360,529.00,30555.77,32100.04,64,4498184,4952656,10375770112,37218668544
2025-05-14 06:46:29,47.977,4.949,0,1060864,499.10,30555.77,32100.04,64,4498988,4953664,10375770112,37219721216
2025-05-14 06:46:29,47.215,4.974,0,1142784,499.10,30555.77,32100.04,64,4499831,4954727,10375774208,37220900864
2025-05-14 06:46:29,47.190,4.969,4096,1187840,479.10,30555.77,32100.04,64,4500747,4955897,10375774208,37222154240
2025-05-14 06:46:29,47.020,4.934,0,1421312,489.00,30555.77,32100.04,64,4501554,4956927,10375774208,37223624704
2025-05-14 06:46:29,48.264,5.053,0,1474560,459.10,30555.77,32100.04,64,4502566,4958223,10375774208,37225152512
2025-05-14 06:46:30,46.481,4.891,0,1732608,479.20,30555.77,32100.04,64,4503552,4959480,10375774208,37226950656
2025-05-14 06:46:30,45.783,4.781,0,1617920,463.70,30555.77,32100.04,64,4504583,4960805,10375774208,37228638208
2025-05-14 06:46:30,46.446,4.887,0,1818624,419.30,30555.77,32100.04,64,4505618,4962130,10375774208,37230596096
2025-05-14 06:46:30,47.167,4.747,0,1880064,489.20,30555.77,32100.04,64,4506563,4963337,10375774208,37232242688
2025-05-14 06:46:30,47.565,4.832,0,1736704,519.20,30555.77,32100.04,64,4507472,4964499,10375778304,37234253824
2025-05-14 06:46:31,46.534,5.004,4096,1806336,499.20,30555.77,32100.04,64,4508387,4965668,10375778304,37235798016
2025-05-14 06:46:31,47.641,5.079,0,7880704,459.20,30555.77,32100.04,64,4509637,4967466,10375778304,37243719680
2025-05-14 06:46:31,47.010,4.745,0,1703936,429.30,30555.77,32100.04,64,4510666,4968781,10375778304,37245431808
2025-05-14 06:46:31,46.847,4.972,0,1552384,469.10,30555.77,32100.04,64,4511630,4970008,10375782400,37247016960
2025-05-14 06:46:31,46.930,4.748,106496,1826816,449.10,30555.77,32100.04,64,4512688,4971369,10375884800,37248839680
2025-05-14 06:46:32,46.493,4.668,0,1728512,439.30,30555.77,32100.04,64,4513717,4972692,10375884800,37250777088
2025-05-14 06:46:32,46.846,4.849,0,1916928,429.10,30555.77,32100.04,64,4514661,4973906,10375884800,37252358144
2025-05-14 06:46:32,47.328,5.158,4096,1548288,459.10,30555.77,32100.04,64,4515577,4975080,10375888896,37254021120
2025-05-14 06:46:32,48.233,5.166,0,1519616,499.10,30555.77,32100.04,64,4516415,4976152,10375888896,37255372800
2025-05-14 06:46:32,47.753,5.117,0,1433600,609.00,30555.77,32100.04,64,4517192,4977132,10375892992,37256749056
2025-05-14 06:46:33,49.040,5.170,12288,1306624,509.30,30555.77,32100.04,64,4517956,4978082,10376036352,37258076160
2025-05-14 06:46:33,48.073,4.927,135168,1298432,499.10,30555.77,32100.04,64,4518735,4979078,10376036352,37259505664
2025-05-14 06:46:33,48.309,5.038,8192,1482752,409.30,30555.77,32100.04,64,4519602,4980172,10376048640,37260996608
2025-05-14 06:46:33,48.255,4.986,4096,1384448,439.00,30555.77,32100.04,64,4520341,4981100,10376048640,37262180352
2025-05-14 06:46:33,48.592,5.023,0,1298432,519.10,30555.77,32100.04,64,4521221,4982212,10376060928,37263638528
2025-05-14 06:46:34,48.484,5.120,36864,1605632,459.20,30555.77,32100.04,64,4521812,4982933,10376089600,37264637952
2025-05-14 06:46:34,46.604,4.894,4096,315392,519.10,30555.77,32100.04,64,4522087,4983234,10376089600,37264990208
2025-05-14 06:46:34,48.392,5.060,0,339968,499.00,30555.77,32100.04,64,4522378,4983556,10376093696,37265330176
2025-05-14 06:46:34,47.758,4.880,4096,344064,429.10,30555.77,32100.04,64,4522643,4983840,10376101888,37265625088
2025-05-14 06:46:34,50.063,4.791,16384,204800,319.40,30555.77,32100.04,64,4522797,4983992,10376114176,37265760256
2025-05-14 06:46:35,49.598,4.675,57344,229376,549.10,30555.77,32100.04,64,4523162,4984388,10376212480,37266313216
2025-05-14 06:46:35,49.087,5.149,61440,4444160,519.10,30555.78,32100.04,64,4524009,4985643,10376232960,37273796608
2025-05-14 06:46:35,48.438,4.926,8192,3584000,469.20,30555.78,32100.04,64,4524239,4985886,10376237056,37273980928
2025-05-14 06:46:35,47.267,4.691,0,73728,439.10,30555.78,32100.04,64,4524466,4986122,10376237056,37274124288
2025-05-14 06:46:35,46.577,4.579,0,217088,469.20,30555.78,32100.04,64,4524718,4986389,10376237056,37274398720
2025-05-14 06:46:36,46.336,4.653,0,303104,449.20,30555.78,32100.04,64,4524963,4986651,10376237056,37274628096
2025-05-14 06:46:36,46.460,4.682,0,278528,459.00,30555.78,32100.04,64,4525231,4986938,10376265728,37275054080
2025-05-14 06:46:36,47.610,4.870,28672,356352,469.10,30555.78,32100.04,64,4525478,4987195,10376269824,37275279360
2025-05-14 06:46:36,47.810,4.939,24576,339968,459.10,30555.78,32100.04,64,4525754,4987487,10376298496,37275693056
2025-05-14 06:46:36,48.486,4.745,8192,380928,419.30,30555.78,32100.04,64,4526020,4987776,10376298496,37276020736
2025-05-14 06:46:37,47.124,4.216,0,122880,249.50,30555.78,32100.04,64,4526251,4988017,10376298496,37276172288
2025-05-14 06:46:37,45.247,4.180,0,217088,169.70,30555.78,32100.04,64,4526462,4988234,10376298496,37276274688
2025-05-14 06:46:37,43.453,3.998,0,36864,209.60,30555.78,32100.04,64,4526664,4988436,10376298496,37276274688
2025-05-14 06:46:37,46.403,4.510,0,0,159.70,30555.78,32100.04,64,4526855,4988627,10376298496,37276274688
2025-05-14 06:46:37,50.573,4.378,0,0,299.40,30555.78,32100.04,64,4527040,4988812,10376298496,37276274688
2025-05-14 06:46:38,47.568,4.641,0,32768,369.40,30555.78,32100.04,64,4527266,4989046,10376298496,37276475392
2025-05-14 06:46:38,45.957,4.466,0,167936,239.50,30555.78,32100.04,64,4527467,4989247,10376298496,37276475392
2025-05-14 06:46:38,45.124,4.196,0,180224,259.50,30555.78,32100.04,64,4527707,4989498,10376298496,37276737536
2025-05-14 06:46:38,45.577,4.141,0,225280,149.70,30555.78,32100.04,64,4527908,4989702,10376298496,37276880896
2025-05-14 06:46:39,47.429,4.022,0,0,179.90,30555.78,32100.04,64,4528085,4989879,10376298496,37276880896
2025-05-14 06:46:39,47.863,4.370,0,0,279.60,30555.78,32100.04,64,4528283,4990077,10376298496,37276880896
2025-05-14 06:46:39,46.090,4.468,0,0,239.50,30555.78,32100.04,64,4528484,4990278,10376298496,37276880896
2025-05-14 06:46:39,44.748,4.169,0,0,239.60,30555.78,32100.04,64,4528686,4990480,10376298496,37276880896
2025-05-14 06:46:39,45.831,4.047,0,0,239.60,30555.78,32100.04,64,4528887,4990681,10376298496,37276880896
2025-05-14 06:46:40,44.780,4.075,0,0,239.60,30555.78,32100.04,64,4529084,4990878,10376298496,37276880896
2025-05-14 06:46:40,45.849,3.977,0,0,249.50,30555.78,32100.04,64,4529285,4991079,10376298496,37276880896
2025-05-14 06:46:40,43.716,3.958,0,0,159.70,30555.78,32100.04,64,4529486,4991280,10376298496,37276880896
2025-05-14 06:46:40,42.500,3.865,0,12288,169.70,30555.78,32100.04,64,4529692,4991488,10376298496,37276893184
2025-05-14 06:46:40,43.894,3.868,0,0,149.70,30555.78,32100.04,64,4529896,4991692,10376298496,37276893184
2025-05-14 06:46:41,42.643,3.965,0,0,159.80,30555.78,32100.04,64,4530097,4991893,10376298496,37276893184
2025-05-14 06:46:41,43.719,3.864,0,0,349.30,30555.78,32100.04,64,4530299,4992095,10376298496,37276893184
2025-05-14 06:46:41,45.294,4.344,0,0,339.40,30555.78,32100.04,64,4530500,4992296,10376298496,37276893184
2025-05-14 06:46:41,45.505,4.504,0,0,309.50,30555.78,32100.04,64,4530737,4992556,10376302592,37276999680
2025-05-14 06:46:41,45.287,4.209,4096,106496,169.70,30555.78,32100.04,64,4530938,4992757,10376302592,37276999680
2025-05-14 06:46:42,42.823,3.996,0,0,279.60,30555.78,32100.04,64,4531140,4992959,10376302592,37276999680
2025-05-14 06:46:42,45.522,4.242,0,0,229.60,30555.78,32100.04,64,4531341,4993160,10376302592,37276999680
2025-05-14 06:46:42,42.799,3.856,0,0,159.70,30555.78,32100.04,64,4531542,4993361,10376302592,37276999680
2025-05-14 06:46:42,43.495,3.778,0,0,119.80,30555.78,32100.04,64,4531742,4993561,10376302592,37276999680
2025-05-14 06:46:42,42.402,3.674,0,0,49.90,30555.78,32100.04,64,4531943,4993762,10376302592,37276999680
2025-05-14 06:46:43,39.065,3.679,0,0,69.90,30555.78,32100.04,64,4532144,4993963,10376302592,37276999680
2025-05-14 06:46:43,38.259,3.710,0,65536,89.80,30555.78,32100.04,64,4532363,4994182,10376368128,37277065216
2025-05-14 06:46:43,43.179,4.172,139264,1880064,389.20,30555.78,32100.04,64,4532744,4995043,10376441856,37281402880
2025-05-14 06:46:43,47.695,4.494,0,2945024,239.60,30555.78,32100.04,64,4532962,4995270,10376441856,37281968128
2025-05-14 06:46:43,46.588,3.916,0,77824,99.80,30555.78,32100.04,64,4533176,4995486,10376441856,37282041856
2025-05-14 06:46:44,40.314,3.772,0,73728,69.90,30555.78,32100.04,64,4533377,4995687,10376441856,37282041856
2025-05-14 06:46:44,40.084,3.732,0,0,99.80,30555.78,32100.04,64,4533590,4995904,10376441856,37282148352
2025-05-14 06:46:44,38.405,3.731,0,106496,59.90,30555.78,32100.04,64,4533798,4996114,10376441856,37282160640
2025-05-14 06:46:44,38.527,3.671,0,12288,49.90,30555.78,32100.04,64,4533998,4996314,10376441856,37282160640
2025-05-14 06:46:44,40.777,3.682,0,0,59.90,30555.78,32100.04,64,4534199,4996515,10376441856,37282160640
2025-05-14 06:46:45,39.117,3.703,0,4096,149.70,30555.78,32100.04,64,4534403,4996720,10376441856,37282164736
2025-05-14 06:46:45,42.387,3.845,0,0,139.80,30555.78,32100.04,64,4534613,4996927,10376540160,37282164736
2025-05-14 06:46:45,42.301,4.139,122880,81920,109.80,30555.78,32100.04,64,4534871,4997194,10376568832,37282451456
2025-05-14 06:46:45,41.573,4.068,73728,401408,79.90,30555.78,32100.04,64,4535115,4997444,10376638464,37282766848
2025-05-14 06:46:45,44.402,3.851,0,118784,59.90,30555.78,32100.04,64,4535317,4997646,10376638464,37282766848
2025-05-14 06:46:46,40.271,3.822,0,0,49.90,30555.78,32100.04,64,4535517,4997846,10376638464,37282766848
2025-05-14 06:46:46,41.569,3.747,0,0,59.90,30555.78,32100.04,64,4535720,4998049,10376638464,37282766848
2025-05-14 06:46:46,45.045,3.852,0,0,59.90,30555.78,32100.04,64,4535922,4998251,10376638464,37282766848
2025-05-14 06:46:46,39.987,3.680,0,0,49.90,30555.78,32100.04,64,4536122,4998451,10376638464,37282766848
2025-05-14 06:46:46,43.843,3.759,0,0,59.90,30555.78,32100.04,64,4536323,4998652,10376638464,37282766848
2025-05-14 06:46:47,40.233,3.771,0,0,49.90,30555.78,32100.04,64,4536524,4998853,10376638464,37282766848
2025-05-14 06:46:47,46.097,3.916,0,0,49.90,30555.78,32100.04,64,4536738,4999071,10376638464,37282783232
2025-05-14 06:46:47,42.057,3.825,0,16384,69.90,30555.78,32100.04,64,4536939,4999272,10376638464,37282783232
2025-05-14 06:46:47,42.197,4.175,0,0,69.90,30555.78,32100.04,64,4537140,4999473,10376638464,37282783232
2025-05-14 06:46:47,47.192,4.118,0,0,59.90,30555.78,32100.04,64,4537342,4999675,10376638464,37282783232
2025-05-14 06:46:48,38.247,3.811,0,0,59.90,30555.78,32100.04,64,4537543,4999876,10376638464,37282783232
2025-05-14 06:46:48,39.012,3.857,0,0,69.90,30555.78,32100.04,64,4537742,5000075,10376638464,37282783232
2025-05-14 06:46:48,38.045,3.801,0,0,59.90,30555.78,32100.04,64,4537949,5000285,10376638464,37282799616
2025-05-14 06:46:48,38.788,3.877,0,16384,259.50,30555.78,32100.04,64,4538146,5000481,10376638464,37282799616
2025-05-14 06:46:48,48.709,4.465,0,0,269.50,30555.78,32100.04,64,4538481,5001071,10376638464,37287632896
2025-05-14 06:46:49,49.201,4.488,0,4919296,279.50,30555.78,32100.04,64,4538668,5001260,10376638464,37287718912
2025-05-14 06:46:49,49.065,4.624,0,12288,229.60,30555.78,32100.04,64,4538877,5001472,10376638464,37287796736
2025-05-14 06:46:49,45.987,3.938,0,135168,159.70,30555.78,32100.04,64,4539084,5001681,10376638464,37287866368
2025-05-14 06:46:49,44.464,3.928,0,0,159.70,30555.78,32100.04,64,4539285,5001882,10376638464,37287866368
2025-05-14 06:46:49,45.723,4.022,0,0,159.70,30555.78,32100.04,64,4539487,5002084,10376638464,37287866368
2025-05-14 06:46:50,43.851,3.946,0,0,169.70,30555.78,32100.04,64,4539688,5002285,10376638464,37287866368
2025-05-14 06:46:50,42.694,3.867,0,0,159.70,30555.78,32100.04,64,4539889,5002486,10376638464,37287866368
2025-05-14 06:46:50,42.181,3.898,0,12288,149.80,30555.78,32100.04,64,4540098,5002698,10376638464,37287878656
2025-05-14 06:46:50,42.299,3.775,0,0,159.70,30555.78,32100.04,64,4540298,5002898,10376638464,37287878656
2025-05-14 06:46:50,44.614,3.823,0,0,169.80,30555.78,32100.04,64,4540500,5003100,10376638464,37287878656
2025-05-14 06:46:51,43.540,3.979,0,0,169.70,30555.78,32100.04,64,4540705,5003305,10376638464,37287878656
2025-05-14 06:46:51,38.231,3.892,0,0,189.60,30555.78,32100.04,64,4540906,5003506,10376638464,37287878656
2025-05-14 06:46:51,43.820,4.132,0,0,169.70,30555.78,32100.04,64,4541107,5003707,10376638464,37287878656
2025-05-14 06:46:51,44.814,4.055,0,0,189.70,30555.78,32100.04,64,4541309,5003909,10376638464,37287878656
2025-05-14 06:46:51,45.548,3.976,0,0,169.70,30555.78,32100.04,64,4541510,5004110,10376638464,37287878656
2025-05-14 06:46:52,42.108,4.042,0,0,49.90,30555.78,32100.04,64,4541711,5004311,10376638464,37287878656
2025-05-14 06:46:52,41.657,3.830,110592,0,119.80,30555.78,32100.04,64,4541922,5004519,10376749056,37287878656
2025-05-14 06:46:52,43.853,4.287,192512,0,229.60,30555.78,32100.04,64,4542266,5004863,10376986624,37288173568
2025-05-14 06:46:52,43.017,4.326,49152,348160,59.90,30555.78,32100.04,64,4542491,5005095,10376990720,37288226816
2025-05-14 06:46:52,44.913,3.860,0,0,39.90,30555.78,32100.04,64,4542691,5005296,10376990720,37288226816
2025-05-14 06:46:53,44.247,3.846,0,0,89.80,30555.78,32100.04,64,4542893,5005497,10376990720,37288226816
2025-05-14 06:46:53,40.274,3.804,8192,0,89.80,30555.78,32100.04,64,4543280,5005969,10376998912,37291548672
2025-05-14 06:46:53,39.977,3.882,0,3407872,69.90,30555.78,32100.04,64,4543493,5006186,10376998912,37291634688
2025-05-14 06:46:53,40.109,3.826,4096,143360,49.90,30555.78,32100.04,64,4543707,5006402,10377003008,37291778048
2025-05-14 06:46:53,42.935,3.890,0,0,129.70,30555.78,32100.04,64,4543908,5006603,10377003008,37291778048
2025-05-14 06:46:54,44.783,4.046,0,16384,209.60,30555.78,32100.04,64,4544121,5006820,10377003008,37291859968
2025-05-14 06:46:54,46.442,4.229,20480,155648,269.50,30555.78,32100.04,64,4544406,5007126,10377023488,37292163072
2025-05-14 06:46:54,45.453,4.251,0,278528,229.60,30555.78,32100.04,64,4544661,5007401,10377023488,37292560384
2025-05-14 06:46:54,45.082,4.366,28672,466944,249.60,30555.78,32100.04,64,4544946,5007695,10377068544,37292937216
2025-05-14 06:46:54,49.302,4.956,40960,634880,598.80,30555.78,32100.04,64,4545395,5008179,10377129984,37293813760
2025-05-14 06:46:55,48.965,5.217,1470464,704512,349.30,30555.78,32100.04,64,4545706,5008514,10378563584,37294145536
2025-05-14 06:46:55,46.605,4.853,0,188416,439.20,30555.78,32100.04,64,4545922,5008738,10378563584,37294223360
2025-05-14 06:46:55,46.127,4.416,0,4096,159.70,30555.78,32100.04,64,4546127,5008944,10378563584,37294227456
2025-05-14 06:46:55,41.952,3.934,0,0,119.80,30555.78,32100.04,64,4546328,5009145,10378563584,37294227456
2025-05-14 06:46:55,43.723,3.919,0,0,119.80,30555.78,32100.04,64,4546529,5009347,10378563584,37294227456
2025-05-14 06:46:56,45.557,4.537,8192,135168,419.20,30555.78,32100.04,64,4546844,5009672,10378678272,37294522368
2025-05-14 06:46:56,47.791,4.932,172032,258048,339.50,30555.78,32100.04,64,4547134,5009963,10378788864,37294759936
2025-05-14 06:46:56,43.415,4.327,45056,221184,49.90,30555.78,32100.04,64,4547353,5010188,10378788864,37294862336
2025-05-14 06:46:56,43.284,3.866,0,20480,49.90,30555.78,32100.04,64,4547554,5010389,10378788864,37294862336
2025-05-14 06:46:56,46.642,3.773,0,0,49.90,30555.78,32100.04,64,4547755,5010590,10378788864,37294862336
2025-05-14 06:46:57,42.439,3.900,0,0,49.90,30555.78,32100.04,64,4547956,5010791,10378788864,37294862336
2025-05-14 06:46:57,41.168,3.905,0,0,139.70,30555.78,32100.04,64,4548156,5010991,10378788864,37294862336
2025-05-14 06:46:57,47.215,4.326,0,0,299.50,30555.78,32100.04,64,4548353,5011188,10378788864,37294862336
2025-05-14 06:46:57,48.438,4.560,0,0,289.50,30555.78,32100.04,64,4548543,5011378,10378788864,37294862336
2025-05-14 06:46:57,47.324,4.604,0,0,249.50,30555.78,32100.04,64,4548739,5011574,10378788864,37294862336
2025-05-14 06:46:58,44.606,4.629,0,0,279.40,30555.78,32100.04,64,4548943,5011778,10378788864,37294862336
2025-05-14 06:46:58,46.941,4.856,0,0,289.50,30555.78,32100.04,64,4549141,5011976,10378788864,37294862336
2025-05-14 06:46:58,49.414,4.756,0,0,239.50,30555.78,32100.04,64,4549349,5012184,10378788864,37294862336
2025-05-14 06:46:58,45.665,4.530,0,0,209.60,30555.78,32100.04,64,4549555,5012390,10378788864,37294862336
2025-05-14 06:46:58,48.418,4.312,0,0,229.60,30555.78,32100.04,64,4549739,5012579,10378788864,37294878720
2025-05-14 06:46:59,49.004,4.412,0,16384,279.50,30555.78,32100.04,64,4549938,5012778,10378788864,37294878720
2025-05-14 06:46:59,47.570,4.560,0,0,329.50,30555.78,32100.04,64,4550148,5012988,10378788864,37294878720
2025-05-14 06:46:59,47.789,4.527,0,0,349.40,30555.78,32100.04,64,4550336,5013176,10378788864,37294878720
2025-05-14 06:46:59,48.322,4.596,0,0,249.50,30555.78,32100.04,64,4550522,5013362,10378788864,37294878720
2025-05-14 06:46:59,49.252,4.638,0,5402624,399.30,30555.78,32100.04,64,4551175,5014127,10378788864,37300346880
2025-05-14 06:47:00,47.615,4.726,12288,217088,329.40,30555.78,32100.04,64,4551422,5014382,10378801152,37300756480
2025-05-14 06:47:00,46.147,4.445,86016,258048,419.20,30555.78,32100.04,64,4551723,5014710,10378891264,37303668736
2025-05-14 06:47:00,47.718,4.643,86016,3022848,299.50,30555.78,32100.04,64,4552012,5015005,10378973184,37303947264
2025-05-14 06:47:00,45.596,4.562,0,266240,229.60,30555.78,32100.04,64,4552227,5015227,10378973184,37304045568
2025-05-14 06:47:00,47.523,4.364,0,16384,379.30,30555.78,32100.04,64,4552452,5015460,10378973184,37304160256
2025-05-14 06:47:01,46.093,4.225,0,233472,209.60,30555.78,32100.04,64,4552669,5015683,10378973184,37304295424
2025-05-14 06:47:01,44.777,4.025,0,0,159.70,30555.78,32100.04,64,4552870,5015884,10378973184,37304295424
2025-05-14 06:47:01,42.514,3.835,0,0,159.70,30555.78,32100.04,64,4553072,5016086,10378973184,37304295424
2025-05-14 06:47:01,41.869,4.043,0,0,169.70,30555.78,32100.04,64,4553273,5016287,10378973184,37304295424
2025-05-14 06:47:01,44.337,3.906,0,0,159.70,30555.78,32100.04,64,4553474,5016488,10378973184,37304295424
2025-05-14 06:47:02,42.523,4.163,0,0,159.80,30555.78,32100.04,64,4553675,5016689,10378973184,37304295424
2025-05-14 06:47:02,42.412,3.912,0,0,159.70,30555.78,32100.04,64,4553877,5016891,10378973184,37304295424
2025-05-14 06:47:02,42.313,3.862,0,0,159.70,30555.78,32100.04,64,4554078,5017092,10378973184,37304295424
2025-05-14 06:47:02,44.064,3.989,0,0,149.70,30555.78,32100.04,64,4554275,5017289,10378973184,37304295424
2025-05-14 06:47:02,44.579,3.930,0,0,159.70,30555.78,32100.04,64,4554476,5017491,10378973184,37304295424
2025-05-14 06:47:03,42.869,3.883,0,0,149.70,30555.78,32100.04,64,4554678,5017692,10378973184,37304295424
2025-05-14 06:47:03,42.336,3.844,0,0,59.90,30555.78,32100.04,64,4554879,5017893,10378973184,37304295424
2025-05-14 06:47:03,40.838,3.896,77824,0,199.60,30555.78,32100.04,64,4555105,5018111,10379075584,37304295424
2025-05-14 06:47:03,42.915,4.048,24576,0,49.90,30555.78,32100.04,64,4555304,5018310,10379075584,37304295424
2025-05-14 06:47:03,44.995,3.684,0,0,69.90,30555.78,32100.04,64,4555504,5018510,10379075584,37304295424
2025-05-14 06:47:04,40.000,3.762,0,0,69.90,30555.78,32100.04,64,4555706,5018712,10379075584,37304295424
2025-05-14 06:47:04,37.782,3.705,0,0,49.90,30555.78,32100.04,64,4555907,5018913,10379075584,37304295424
2025-05-14 06:47:04,38.720,3.735,0,12288,49.90,30555.78,32100.04,64,4556114,5019122,10379075584,37304307712
2025-05-14 06:47:04,42.123,3.735,0,0,59.90,30555.78,32100.04,64,4556314,5019322,10379075584,37304307712
2025-05-14 06:47:04,37.603,3.748,0,0,69.90,30555.78,32100.04,64,4556516,5019524,10379075584,37304307712
2025-05-14 06:47:05,39.733,3.860,0,0,269.50,30555.78,32100.04,64,4556714,5019722,10379075584,37304307712
2025-05-14 06:47:05,46.195,4.480,0,4055040,69.90,30555.78,32100.04,64,4557112,5020302,10379075584,37308362752
2025-05-14 06:47:05,41.979,3.858,45056,0,229.60,30555.78,32100.04,64,4557331,5020523,10379120640,37308448768
2025-05-14 06:47:05,45.916,4.384,0,356352,289.50,30555.78,32100.04,64,4557563,5020766,10379120640,37308788736
2025-05-14 06:47:05,46.369,4.613,0,180224,159.70,30555.78,32100.04,64,4557787,5020998,10379120640,37308968960
2025-05-14 06:47:06,44.182,4.123,0,69632,129.70,30555.78,32100.04,64,4557991,5021201,10379124736,37308968960
2025-05-14 06:47:06,44.589,4.235,4096,143360,389.30,30555.78,32100.04,64,4558230,5021444,10379145216,37309186048
2025-05-14 06:47:06,47.570,4.719,20480,167936,229.60,30555.78,32100.04,64,4558442,5021660,10379145216,37309280256
2025-05-14 06:47:06,46.295,4.482,0,0,199.60,30555.78,32100.04,64,4558637,5021855,10379145216,37309280256
2025-05-14 06:47:06,45.636,4.456,0,0,179.70,30555.78,32100.04,64,4558848,5022069,10379145216,37309353984
2025-05-14 06:47:07,43.063,4.252,0,163840,59.90,30555.78,32100.04,64,4559057,5022281,10379145216,37309444096
2025-05-14 06:47:07,42.911,3.905,0,0,59.90,30555.78,32100.04,64,4559258,5022482,10379145216,37309444096
2025-05-14 06:47:07,40.410,3.760,0,0,79.90,30555.78,32100.04,64,4559458,5022682,10379145216,37309444096
2025-05-14 06:47:07,42.409,3.810,0,0,69.90,30555.78,32100.04,64,4559657,5022881,10379145216,37309444096
2025-05-14 06:47:07,42.504,3.796,0,0,79.90,30555.78,32100.04,64,4559858,5023082,10379145216,37309444096
2025-05-14 06:47:08,41.666,3.899,0,0,69.90,30555.78,32100.04,64,4560059,5023283,10379145216,37309444096
2025-05-14 06:47:08,37.208,3.726,0,0,99.80,30555.78,32100.04,64,4560261,5023485,10379145216,37309444096
2025-05-14 06:47:08,41.186,3.913,0,90112,119.80,30555.78,32100.04,64,4560473,5023701,10379145216,37309534208
2025-05-14 06:47:08,43.113,3.948,0,102400,139.70,30555.78,32100.04,64,4560700,5023942,10379145216,37309825024
2025-05-14 06:47:08,48.665,4.668,0,729088,489.10,30555.78,32100.04,64,4560994,5024277,10379145216,37310509056
2025-05-14 06:47:09,47.987,4.889,0,270336,379.20,30555.78,32100.04,64,4561234,5024533,10379145216,37310717952
2025-05-14 06:47:09,46.013,4.834,0,147456,339.30,30555.78,32100.04,64,4561438,5024738,10379145216,37310783488
2025-05-14 06:47:09,45.684,4.700,0,0,349.40,30555.78,32100.04,64,4561639,5024940,10379145216,37310783488
2025-05-14 06:47:09,46.048,4.429,0,0,319.30,30555.78,32100.04,64,4561841,5025141,10379145216,37310783488
2025-05-14 06:47:10,46.341,4.476,0,0,379.40,30555.78,32100.04,64,4562480,5025861,10379145216,37315108864
2025-05-14 06:47:10,46.178,4.541,0,4399104,299.50,30555.78,32100.04,64,4562700,5026087,10379145216,37315264512
2025-05-14 06:47:10,44.907,4.493,0,81920,289.50,30555.78,32100.04,64,4562899,5026286,10379145216,37315264512
2025-05-14 06:47:10,44.613,4.484,0,0,299.60,30555.78,32100.04,64,4563111,5026501,10379145216,37315280896
2025-05-14 06:47:10,44.994,4.532,0,16384,259.60,30555.78,32100.04,64,4563312,5026702,10379145216,37315280896
2025-05-14 06:47:11,44.870,4.434,0,28672,289.50,30555.78,32100.04,64,4563518,5026910,10379145216,37315309568
2025-05-14 06:47:11,45.038,4.445,0,0,299.40,30555.78,32100.04,64,4563719,5027111,10379145216,37315309568
2025-05-14 06:47:11,44.395,4.363,0,20480,319.50,30555.78,32100.04,64,4563935,5027332,10379145216,37315432448
2025-05-14 06:47:11,45.362,4.379,0,364544,339.40,30555.78,32100.04,64,4564140,5027540,10379145216,37315694592
2025-05-14 06:47:11,45.528,4.506,0,0,299.40,30555.78,32100.04,64,4564350,5027753,10379145216,37315731456
2025-05-14 06:47:12,44.925,4.525,0,102400,289.50,30555.78,32100.04,64,4564558,5027963,10379145216,37315801088
2025-05-14 06:47:12,46.009,4.756,65536,73728,409.60,30555.78,32100.04,64,4564771,5028176,10379223040,37315948544
2025-05-14 06:47:12,46.488,4.588,20480,143360,479.60,30555.78,32100.04,64,4565027,5028439,10379427840,37316100096
2025-05-14 06:47:12,46.737,5.212,212992,315392,449.20,30555.78,32100.04,64,4565363,5028809,10379448320,37316493312
2025-05-14 06:47:12,47.206,5.176,8192,368640,379.30,30555.78,32100.04,64,4565712,5029191,10379452416,37316915200
2025-05-14 06:47:13,46.035,4.773,86016,389120,289.40,30555.78,32100.04,64,4565995,5029476,10379603968,37317152768
2025-05-14 06:47:13,46.692,5.023,81920,393216,678.60,30555.78,32100.04,64,4566412,5029933,10379628544,37318041600
2025-05-14 06:47:13,50.338,5.660,8192,950272,439.30,30555.78,32100.04,64,4566726,5030293,10379628544,37318565888
2025-05-14 06:47:13,48.621,5.005,0,233472,429.10,30555.78,32100.04,64,4566972,5030554,10379628544,37318828032
2025-05-14 06:47:13,50.010,5.085,0,290816,389.30,30555.78,32100.04,64,4567190,5030783,10379628544,37319020544
2025-05-14 06:47:14,49.725,4.956,0,65536,229.50,30555.78,32100.04,64,4567420,5031015,10379640832,37319081984
2025-05-14 06:47:14,43.755,4.140,12288,126976,79.90,30555.78,32100.04,64,4567624,5031220,10379640832,37319147520
2025-05-14 06:47:14,43.561,3.821,0,0,49.90,30555.78,32100.04,64,4567826,5031422,10379640832,37319147520
2025-05-14 06:47:14,40.643,3.820,0,0,49.90,30555.78,32100.04,64,4568026,5031622,10379640832,37319147520
2025-05-14 06:47:14,44.030,3.748,0,0,39.90,30555.78,32100.04,64,4568226,5031822,10379640832,37319147520
2025-05-14 06:47:15,46.095,3.762,0,0,59.90,30555.78,32100.04,64,4568429,5032025,10379640832,37319147520
2025-05-14 06:47:15,45.787,3.872,0,0,69.90,30555.78,32100.04,64,4568632,5032230,10379640832,37319159808
2025-05-14 06:47:15,40.681,3.775,0,12288,89.80,30555.78,32100.04,64,4568833,5032431,10379640832,37319159808
2025-05-14 06:47:15,43.455,4.265,0,0,69.90,30555.78,32100.04,64,4569042,5032643,10379640832,37319172096
2025-05-14 06:47:15,47.267,3.940,0,12288,39.90,30555.78,32100.04,64,4569244,5032845,10379640832,37319172096
2025-05-14 06:47:16,43.581,3.711,0,0,59.90,30555.78,32100.04,64,4569445,5033046,10379640832,37319172096
2025-05-14 06:47:16,39.220,3.819,0,0,69.90,30555.78,32100.04,64,4569647,5033248,10379640832,37319172096
2025-05-14 06:47:16,37.513,3.726,0,0,159.70,30555.78,32100.04,64,4569857,5033461,10379640832,37319192576
2025-05-14 06:47:16,42.266,4.005,0,20480,109.80,30555.78,32100.04,64,4570057,5033661,10379640832,37319192576
2025-05-14 06:47:16,44.724,4.052,0,0,149.70,30555.78,32100.04,64,4570255,5033859,10379640832,37319192576
2025-05-14 06:47:17,47.701,4.437,0,0,159.70,30555.78,32100.04,64,4570448,5034052,10379640832,37319192576
2025-05-14 06:47:17,44.349,4.176,0,0,169.70,30555.78,32100.04,64,4570649,5034253,10379640832,37319192576
2025-05-14 06:47:17,42.467,4.019,0,0,149.70,30555.78,32100.04,64,4570851,5034455,10379640832,37319192576
2025-05-14 06:47:17,40.814,4.112,0,0,159.70,30555.78,32100.04,64,4571052,5034656,10379640832,37319192576
2025-05-14 06:47:17,43.635,4.042,0,0,319.40,30555.78,32100.04,64,4571242,5034846,10379640832,37319192576
2025-05-14 06:47:18,47.660,4.413,0,0,429.20,30555.78,32100.04,64,4571951,5035938,10379640832,37324832768
2025-05-14 06:47:18,46.725,4.674,0,5730304,279.50,30555.78,32100.04,64,4572164,5036155,10379640832,37324922880
2025-05-14 06:47:18,46.517,4.239,0,0,199.70,30555.78,32100.04,64,4572369,5036361,10379640832,37324931072
2025-05-14 06:47:18,43.171,3.873,0,270336,159.70,30555.78,32100.04,64,4572573,5036568,10379640832,37325193216
2025-05-14 06:47:18,43.778,3.885,0,0,159.70,30555.78,32100.04,64,4572774,5036769,10379640832,37325193216
2025-05-14 06:47:19,43.549,3.923,0,0,159.70,30555.78,32100.04,64,4572975,5036970,10379640832,37325193216
2025-05-14 06:47:19,42.744,3.818,0,0,149.70,30555.78,32100.04,64,4573176,5037171,10379640832,37325193216
2025-05-14 06:47:19,45.002,4.124,0,0,299.50,30555.78,32100.04,64,4573378,5037373,10379640832,37325193216
2025-05-14 06:47:19,45.040,4.158,0,0,149.70,30555.78,32100.04,64,4573579,5037574,10379640832,37325193216
2025-05-14 06:47:19,44.255,3.898,0,0,159.70,30555.78,32100.04,64,4573780,5037775,10379640832,37325193216
2025-05-14 06:47:20,41.030,3.929,0,0,159.70,30555.78,32100.04,64,4573981,5037976,10379640832,37325193216
2025-05-14 06:47:20,41.299,3.834,0,0,59.90,30555.78,32100.04,64,4574183,5038178,10379640832,37325193216
2025-05-14 06:47:20,37.477,3.781,0,0,49.90,30555.78,32100.04,64,4574384,5038379,10379640832,37325193216
2025-05-14 06:47:20,39.920,3.867,0,24576,189.70,30555.78,32100.04,64,4574598,5038595,10379640832,37325287424
2025-05-14 06:47:20,46.461,4.112,0,69632,59.90,30555.78,32100.04,64,4574801,5038798,10379640832,37325287424
2025-05-14 06:47:21,41.651,3.775,0,0,39.90,30555.78,32100.04,64,4575002,5039000,10379640832,37325287424
2025-05-14 06:47:21,41.091,3.939,0,0,59.90,30555.78,32100.04,64,4575204,5039201,10379640832,37325287424
2025-05-14 06:47:21,38.057,3.747,0,0,69.90,30555.78,32100.04,64,4575405,5039402,10379640832,37325287424
2025-05-14 06:47:21,39.040,3.844,0,0,169.70,30555.78,32100.04,64,4575606,5039603,10379640832,37325287424
2025-05-14 06:47:21,43.089,4.027,0,0,49.90,30555.78,32100.04,64,4575807,5039804,10379640832,37325287424
2025-05-14 06:47:22,38.766,3.800,0,0,149.70,30555.78,32100.04,64,4576009,5040006,10379640832,37325287424
2025-05-14 06:47:22,41.121,3.852,0,0,49.90,30555.78,32100.04,64,4576209,5040207,10379640832,37325287424
2025-05-14 06:47:22,39.028,3.726,0,0,59.90,30555.78,32100.04,64,4576412,5040409,10379640832,37325287424
2025-05-14 06:47:22,39.354,3.706,0,0,49.90,30555.78,32100.04,64,4576612,5040609,10379640832,37325287424
2025-05-14 06:47:22,39.442,3.710,0,0,109.80,30555.78,32100.04,64,4577009,5041058,10379640832,37326417920
2025-05-14 06:47:23,42.070,3.874,0,3354624,49.90,30555.78,32100.04,64,4577428,5041563,10379640832,37328642048
2025-05-14 06:47:23,41.690,3.834,0,0,299.40,30555.78,32100.04,64,4577630,5041766,10379640832,37328662528
2025-05-14 06:47:23,47.360,4.669,0,102400,379.20,30555.78,32100.04,64,4577865,5042016,10379640832,37328961536
2025-05-14 06:47:23,46.705,4.629,0,299008,299.50,30555.78,32100.04,64,4578085,5042239,10379640832,37329043456
2025-05-14 06:47:23,47.393,4.697,0,81920,319.60,30555.78,32100.04,64,4578301,5042463,10379640832,37329661952
2025-05-14 06:47:24,45.364,4.666,0,536576,249.60,30555.78,32100.04,64,4578502,5042664,10379640832,37329661952
2025-05-14 06:47:24,44.851,4.641,0,0,289.50,30555.78,32100.04,64,4578706,5042867,10379640832,37329661952
2025-05-14 06:47:24,47.387,4.738,0,151552,189.60,30555.78,32100.04,64,4578922,5043088,10379640832,37329883136
2025-05-14 06:47:24,44.199,4.107,0,200704,139.70,30555.78,32100.04,64,4579125,5043292,10379640832,37330014208
2025-05-14 06:47:24,46.583,3.847,0,4096,69.90,30555.78,32100.04,64,4579329,5043498,10379640832,37330083840
2025-05-14 06:47:25,42.954,3.771,0,65536,59.90,30555.78,32100.04,64,4579530,5043699,10379640832,37330083840
2025-05-14 06:47:25,40.064,3.723,0,0,99.80,30555.78,32100.04,64,4579732,5043901,10379640832,37330083840
2025-05-14 06:47:25,40.184,3.923,0,0,59.90,30555.78,32100.04,64,4579933,5044102,10379640832,37330083840
2025-05-14 06:47:25,37.452,3.746,0,0,109.80,30555.78,32100.04,64,4580163,5044344,10379640832,37330214912
2025-05-14 06:47:25,44.851,3.831,0,327680,69.90,30555.78,32100.04,64,4580367,5044551,10379640832,37330411520
2025-05-14 06:47:26,41.155,4.033,0,139264,479.20,30555.78,32100.04,64,4580652,5044863,10379640832,37331009536
2025-05-14 06:47:26,48.538,5.062,0,753664,469.10,30555.78,32100.04,64,4580904,5045139,10379640832,37331374080
2025-05-14 06:47:26,46.443,4.977,0,69632,419.30,30555.78,32100.04,64,4581105,5045340,10379640832,37331374080
2025-05-14 06:47:26,46.603,4.839,0,0,339.30,30555.78,32100.04,64,4581290,5045525,10379640832,37331374080
2025-05-14 06:47:26,46.989,4.131,0,0,149.70,30555.78,32100.04,64,4581489,5045724,10379640832,37331374080
2025-05-14 06:47:27,44.143,3.929,0,0,109.80,30555.78,32100.04,64,4581690,5045925,10379640832,37331374080
2025-05-14 06:47:27,40.639,3.923,0,0,279.50,30555.78,32100.04,64,4581893,5046128,10379640832,37331374080
2025-05-14 06:47:27,48.181,4.791,0,0,369.40,30555.78,32100.04,64,4582095,5046330,10379640832,37331374080
2025-05-14 06:47:27,44.553,4.413,0,0,49.90,30555.78,32100.04,64,4582296,5046531,10379640832,37331374080
2025-05-14 06:47:27,44.488,3.857,0,0,59.90,30555.78,32100.04,64,4582497,5046732,10379640832,37331374080
2025-05-14 06:47:28,44.639,3.907,0,0,39.90,30555.78,32100.04,64,4582697,5046932,10379640832,37331374080
2025-05-14 06:47:28,39.324,3.773,0,0,59.90,30555.78,32100.04,64,4582898,5047133,10379640832,37331374080
2025-05-14 06:47:28,39.712,3.768,0,0,59.90,30555.78,32100.04,64,4583100,5047335,10379640832,37331374080
2025-05-14 06:47:28,41.566,3.852,0,0,259.50,30555.78,32100.04,64,4583273,5047508,10379640832,37331374080
2025-05-14 06:47:28,49.340,4.637,0,0,299.50,30555.78,32100.04,64,4583471,5047706,10379640832,37331374080
2025-05-14 06:47:29,48.112,4.738,0,0,309.50,30555.78,32100.04,64,4583674,5047909,10379640832,37331374080
2025-05-14 06:47:29,45.976,4.798,0,0,319.50,30555.78,32100.04,64,4583872,5048107,10379640832,37331374080
2025-05-14 06:47:29,44.932,4.509,0,0,339.40,30555.78,32100.04,64,4584073,5048308,10379640832,37331374080
2025-05-14 06:47:29,47.564,5.180,0,12288,279.40,30555.78,32100.04,64,4584258,5048495,10379640832,37331386368
2025-05-14 06:47:29,49.050,4.739,0,0,269.50,30555.78,32100.04,64,4584462,5048699,10379640832,37331386368
2025-05-14 06:47:30,45.188,4.605,0,0,299.40,30555.78,32100.04,64,4584670,5048907,10379640832,37331386368
2025-05-14 06:47:30,45.987,4.731,0,0,239.60,30555.78,32100.04,64,4584871,5049108,10379640832,37331386368
2025-05-14 06:47:30,45.909,4.652,0,0,259.60,30555.78,32100.04,64,4585072,5049309,10379640832,37331386368
2025-05-14 06:47:30,45.891,4.746,0,0,319.20,30555.78,32100.04,64,4585255,5049493,10379640832,37331390464
2025-05-14 06:47:30,49.171,4.592,0,4096,329.30,30555.78,32100.04,64,4585844,5050179,10379640832,37334609920
2025-05-14 06:47:31,46.033,4.865,0,3219456,289.50,30555.78,32100.04,64,4586054,5050397,10379640832,37335035904
2025-05-14 06:47:31,45.759,5.090,0,634880,369.40,30555.78,32100.04,64,4586256,5050605,10379640832,37335310336
2025-05-14 06:47:31,46.797,5.201,0,409600,359.40,30555.78,32100.04,64,4586465,5050819,10379640832,37335654400
2025-05-14 06:47:31,46.413,4.904,0,0,359.30,30555.78,32100.04,64,4586662,5051017,10379640832,37335695360
2025-05-14 06:47:31,46.962,4.633,0,106496,359.30,30555.78,32100.04,64,4586890,5051254,10379640832,37335977984
2025-05-14 06:47:32,45.702,4.346,0,282624,399.20,30555.78,32100.04,64,4587170,5051561,10379649024,37336354816
2025-05-14 06:47:32,46.732,4.561,8192,610304,589.00,30555.78,32100.04,64,4587536,5051970,10379649024,37337198592
2025-05-14 06:47:32,48.730,5.209,0,1269760,479.00,30555.78,32100.04,64,4587842,5052325,10379649024,37338214400
2025-05-14 06:47:32,46.364,4.803,0,393216,379.30,30555.78,32100.04,64,4588084,5052583,10379649024,37338464256
2025-05-14 06:47:32,45.994,4.295,0,147456,159.70,30555.78,32100.04,64,4588285,5052784,10379649024,37338464256
2025-05-14 06:47:33,45.575,4.147,0,0,169.70,30555.78,32100.04,64,4588487,5052986,10379649024,37338464256
2025-05-14 06:47:33,42.817,3.960,0,0,169.70,30555.78,32100.04,64,4588688,5053187,10379649024,37338464256
2025-05-14 06:47:33,44.005,3.927,0,0,159.70,30555.78,32100.04,64,4588889,5053388,10379649024,37338464256
2025-05-14 06:47:33,43.103,3.859,0,0,159.70,30555.78,32100.04,64,4589090,5053589,10379649024,37338464256
2025-05-14 06:47:33,45.076,3.927,0,0,209.70,30555.78,32100.04,64,4589291,5053790,10379649024,37338464256
2025-05-14 06:47:34,43.073,4.158,0,8192,169.70,30555.78,32100.04,64,4589495,5053995,10379649024,37338472448
2025-05-14 06:47:34,42.691,3.876,0,0,159.70,30555.78,32100.04,64,4589696,5054196,10379649024,37338472448
2025-05-14 06:47:34,43.082,3.950,0,0,149.70,30555.78,32100.04,64,4589897,5054397,10379649024,37338472448
2025-05-14 06:47:34,42.852,3.850,0,0,149.70,30555.78,32100.04,64,4590097,5054597,10379649024,37338472448
2025-05-14 06:47:34,43.079,4.077,0,0,149.80,30555.78,32100.04,64,4590298,5054798,10379649024,37338472448
2025-05-14 06:47:35,40.490,3.878,0,12288,49.90,30555.78,32100.04,64,4590504,5055005,10379649024,37338484736
2025-05-14 06:47:35,39.084,3.954,0,0,199.80,30555.78,32100.04,64,4590705,5055206,10379649024,37338484736
2025-05-14 06:47:35,45.138,4.215,0,0,69.90,30555.78,32100.04,64,4590910,5055411,10379649024,37338484736
2025-05-14 06:47:35,40.580,3.810,0,0,49.90,30555.78,32100.04,64,4591112,5055613,10379649024,37338484736
2025-05-14 06:47:35,41.430,3.779,0,16384,59.90,30555.78,32100.04,64,4591322,5055826,10379649024,37338501120
2025-05-14 06:47:36,38.622,3.730,0,0,59.90,30555.78,32100.04,64,4591523,5056027,10379649024,37338501120
2025-05-14 06:47:36,37.948,3.728,0,0,59.90,30555.78,32100.04,64,4591724,5056228,10379649024,37338501120
2025-05-14 06:47:36,40.040,3.721,0,0,339.30,30555.78,32100.04,64,4591925,5056429,10379649024,37338501120
2025-05-14 06:47:36,46.492,4.545,0,389120,399.30,30555.78,32100.04,64,4592575,5057291,10379649024,37342724096
2025-05-14 06:47:36,45.880,4.406,0,3915776,319.40,30555.78,32100.04,64,4592786,5057506,10379649024,37342814208
2025-05-14 06:47:37,47.009,4.468,0,8192,209.60,30555.78,32100.04,64,4592988,5057708,10379649024,37342814208
2025-05-14 06:47:37,40.565,3.928,0,135168,59.90,30555.78,32100.04,64,4593195,5057917,10379649024,37342949376
2025-05-14 06:47:37,38.404,3.721,0,0,59.90,30555.78,32100.04,64,4593396,5058118,10379649024,37342949376
2025-05-14 06:47:37,40.248,3.808,0,40960,59.90,30555.78,32100.04,64,4593611,5058339,10379649024,37343055872
2025-05-14 06:47:37,39.589,3.824,0,65536,59.90,30555.78,32100.04,64,4593813,5058541,10379649024,37343055872
2025-05-14 06:47:38,40.611,3.790,0,0,59.90,30555.78,32100.04,64,4594014,5058742,10379649024,37343055872
2025-05-14 06:47:38,39.750,3.846,0,0,59.90,30555.78,32100.04,64,4594215,5058943,10379649024,37343055872
2025-05-14 06:47:38,40.247,3.917,4096,20480,69.90,30555.78,32100.04,64,4594431,5059162,10379653120,37343141888
2025-05-14 06:47:38,41.690,3.855,0,65536,49.90,30555.78,32100.04,64,4594632,5059363,10379653120,37343141888
2025-05-14 06:47:38,44.761,3.922,0,0,239.50,30555.79,32100.04,64,4594853,5059591,10379653120,37343203328
2025-05-14 06:47:39,48.009,4.646,0,454656,389.30,30555.79,32100.04,64,4595062,5059803,10379653120,37343596544
2025-05-14 06:47:39,45.612,4.661,0,8192,239.50,30555.79,32100.04,64,4595273,5060019,10379653120,37343805440
2025-05-14 06:47:39,44.791,4.640,0,200704,209.60,30555.79,32100.04,64,4595474,5060220,10379653120,37343805440
2025-05-14 06:47:39,46.041,4.443,0,4096,189.60,30555.79,32100.04,64,4595673,5060422,10379653120,37343875072
2025-05-14 06:47:39,45.785,4.309,0,163840,49.90,30555.79,32100.04,64,4595889,5060643,10379653120,37343973376
2025-05-14 06:47:40,42.687,3.871,0,0,79.90,30555.79,32100.04,64,4596090,5060844,10379653120,37343973376
2025-05-14 06:47:40,40.999,3.870,0,0,59.90,30555.79,32100.04,64,4596292,5061046,10379653120,37343973376
2025-05-14 06:47:40,39.193,3.838,0,8192,69.90,30555.79,32100.04,64,4596506,5061263,10379653120,37344006144
2025-05-14 06:47:40,41.783,3.838,0,90112,69.90,30555.79,32100.04,64,4596707,5061465,10379653120,37344071680
2025-05-14 06:47:40,42.397,3.882,0,0,69.90,30555.79,32100.04,64,4596908,5061666,10379653120,37344071680
2025-05-14 06:47:41,37.512,3.725,0,0,109.80,30555.79,32100.04,64,4597171,5062096,10379653120,37346062336
2025-05-14 06:47:41,41.643,3.883,0,1998848,89.80,30555.79,32100.04,64,4597379,5062306,10379653120,37346086912
2025-05-14 06:47:41,43.553,4.324,0,368640,509.10,30555.79,32100.04,64,4597694,5062663,10379653120,37347192832
2025-05-14 06:47:41,48.784,5.110,0,1036288,349.40,30555.79,32100.04,64,4597930,5062925,10379653120,37347635200
2025-05-14 06:47:42,48.095,4.790,0,593920,289.50,30555.79,32100.04,64,4598132,5063132,10379653120,37348069376
2025-05-14 06:47:42,45.451,4.774,0,0,369.40,30555.79,32100.04,64,4598326,5063326,10379653120,37348069376
2025-05-14 06:47:42,46.273,4.584,0,0,329.40,30555.79,32100.04,64,4598527,5063527,10379653120,37348069376
2025-05-14 06:47:42,44.610,4.443,0,0,349.40,30555.79,32100.04,64,4598736,5063738,10379653120,37348151296
2025-05-14 06:47:42,46.057,4.555,0,188416,299.50,30555.79,32100.04,64,4598980,5063995,10379653120,37348495360
2025-05-14 06:47:43,45.106,4.625,0,323584,329.40,30555.79,32100.04,64,4599198,5064220,10379653120,37348851712
2025-05-14 06:47:43,45.184,4.520,0,409600,269.40,30555.79,32100.04,64,4599408,5064433,10379653120,37348995072
2025-05-14 06:47:43,44.287,4.437,0,12288,249.50,30555.79,32100.04,64,4599613,5064639,10379653120,37349003264
2025-05-14 06:47:43,44.459,4.472,0,8192,299.50,30555.79,32100.04,64,4599826,5064856,10379653120,37349158912
2025-05-14 06:47:43,44.932,4.515,0,282624,299.50,30555.79,32100.04,64,4600036,5065069,10379653120,37349310464
2025-05-14 06:47:44,44.111,4.428,0,102400,289.50,30555.79,32100.04,64,4600246,5065282,10379653120,37349396480
2025-05-14 06:47:44,44.693,4.621,0,0,339.40,30555.79,32100.04,64,4600446,5065483,10379653120,37349400576
2025-05-14 06:47:44,45.138,4.514,0,266240,239.50,30555.79,32100.04,64,4600651,5065691,10379653120,37349662720
2025-05-14 06:47:44,44.736,4.448,0,81920,339.40,30555.79,32100.04,64,4600858,5065904,10379653120,37349781504
2025-05-14 06:47:44,45.796,4.617,0,151552,329.50,30555.79,32100.04,64,4601083,5066135,10379653120,37350031360
2025-05-14 06:47:45,46.258,4.594,0,200704,299.50,30555.79,32100.04,64,4601313,5066376,10379653120,37350318080
2025-05-14 06:47:45,46.507,4.583,0,253952,319.50,30555.79,32100.04,64,4601534,5066605,10379653120,37350547456
2025-05-14 06:47:45,45.707,4.757,0,3686400,369.40,30555.79,32100.04,64,4602176,5067322,10379653120,37354254336
2025-05-14 06:47:45,46.376,4.951,0,471040,608.90,30555.79,32100.04,64,4602500,5067691,10379653120,37355012096
2025-05-14 06:47:45,47.165,5.589,0,880640,539.00,30555.79,32100.04,64,4602801,5068029,10379653120,37355544576
2025-05-14 06:47:46,48.278,4.956,0,237568,389.30,30555.79,32100.04,64,4603003,5068236,10379653120,37355626496
2025-05-14 06:47:46,47.655,4.717,0,45056,479.20,30555.79,32100.04,64,4603265,5068520,10379653120,37355925504
2025-05-14 06:47:46,48.759,5.149,0,446464,419.40,30555.79,32100.04,64,4603487,5068760,10379653120,37356212224
2025-05-14 06:47:46,48.227,4.766,0,167936,379.30,30555.79,32100.04,64,4603687,5068965,10379653120,37356482560
2025-05-14 06:47:46,48.362,4.658,0,196608,329.40,30555.79,32100.04,64,4603870,5069148,10379653120,37356482560
2025-05-14 06:47:47,46.700,4.646,0,20480,399.30,30555.79,32100.04,64,4604079,5069362,10379653120,37356576768
2025-05-14 06:47:47,47.700,4.498,0,147456,89.80,30555.79,32100.04,64,4604286,5069572,10379653120,37356650496
2025-05-14 06:47:47,42.981,3.773,0,0,69.90,30555.79,32100.04,64,4604488,5069773,10379653120,37356650496
2025-05-14 06:47:47,37.908,3.777,0,0,49.90,30555.79,32100.04,64,4604689,5069974,10379653120,37356650496
2025-05-14 06:47:47,43.080,3.771,0,0,59.90,30555.79,32100.04,64,4604890,5070175,10379653120,37356650496
2025-05-14 06:47:48,45.574,3.744,0,0,59.90,30555.79,32100.04,64,4605092,5070377,10379653120,37356650496
2025-05-14 06:47:48,45.469,3.930,0,0,49.90,30555.79,32100.04,64,4605293,5070578,10379653120,37356650496
2025-05-14 06:47:48,42.019,3.812,0,0,69.90,30555.79,32100.04,64,4605505,5070795,10379653120,37356666880
2025-05-14 06:47:48,43.855,4.333,0,16384,149.70,30555.79,32100.04,64,4605706,5070996,10379653120,37356666880
2025-05-14 06:47:48,47.965,4.417,0,0,239.60,30555.79,32100.04,64,4605900,5071190,10379653120,37356666880
2025-05-14 06:47:49,42.907,4.090,0,0,99.80,30555.79,32100.04,64,4606101,5071391,10379653120,37356666880
2025-05-14 06:47:49,43.068,4.304,0,0,269.40,30555.79,32100.04,64,4606302,5071592,10379653120,37356666880
2025-05-14 06:47:49,45.358,4.546,0,0,319.50,30555.79,32100.04,64,4606508,5071800,10379653120,37356675072
2025-05-14 06:47:49,45.906,4.594,0,8192,289.50,30555.79,32100.04,64,4606712,5072004,10379653120,37356675072
2025-05-14 06:47:49,47.340,4.458,0,0,289.40,30555.79,32100.04,64,4606910,5072202,10379653120,37356675072
2025-05-14 06:47:50,46.318,4.682,0,0,269.50,30555.79,32100.04,64,4607110,5072402,10379653120,37356675072
2025-05-14 06:47:50,45.672,4.632,0,0,289.40,30555.79,32100.04,64,4607311,5072603,10379653120,37356675072
2025-05-14 06:47:50,45.651,4.776,0,0,309.40,30555.79,32100.04,64,4608058,5073472,10379653120,37360955392
2025-05-14 06:47:50,45.635,4.684,0,4280320,309.40,30555.79,32100.04,64,4608264,5073680,10379653120,37361127424
2025-05-14 06:47:50,47.809,4.683,0,172032,279.50,30555.79,32100.04,64,4608470,5073888,10379653120,37361262592
2025-05-14 06:47:51,43.165,4.807,0,135168,289.50,30555.79,32100.04,64,4608679,5074101,10379653120,37361463296
2025-05-14 06:47:51,44.944,4.543,0,212992,289.50,30555.79,32100.04,64,4608888,5074313,10379653120,37361475584
2025-05-14 06:47:51,44.602,4.527,0,0,319.40,30555.79,32100.04,64,4609074,5074499,10379653120,37361475584
2025-05-14 06:47:51,45.514,4.682,0,8192,299.50,30555.79,32100.04,64,4609281,5074708,10379653120,37361549312
2025-05-14 06:47:51,46.068,4.523,0,65536,299.50,30555.79,32100.04,64,4609482,5074909,10379653120,37361549312
2025-05-14 06:47:52,46.043,4.588,0,139264,299.50,30555.79,32100.04,64,4609693,5075125,10379653120,37361762304
2025-05-14 06:47:52,44.842,4.450,0,73728,339.40,30555.79,32100.04,64,4609901,5075335,10379653120,37361836032
2025-05-14 06:47:52,44.886,4.660,0,73728,249.80,30555.79,32100.04,64,4610102,5075536,10379653120,37361836032
2025-05-14 06:47:52,45.688,4.684,0,0,239.60,30555.79,32100.04,64,4610292,5075726,10379653120,37361836032
2025-05-14 06:47:52,47.047,4.636,0,0,299.50,30555.79,32100.04,64,4610489,5075923,10379653120,37361836032
2025-05-14 06:47:53,46.272,4.715,0,77824,279.50,30555.79,32100.04,64,4610699,5076135,10379653120,37361913856
2025-05-14 06:47:53,45.137,4.643,0,0,279.50,30555.79,32100.04,64,4610901,5076337,10379653120,37361913856
2025-05-14 06:47:53,45.036,4.657,0,81920,299.50,30555.79,32100.04,64,4611111,5076550,10379653120,37361995776
2025-05-14 06:47:53,45.360,4.611,0,528384,259.50,30555.79,32100.04,64,4611315,5076760,10379653120,37362524160
2025-05-14 06:47:53,45.237,4.647,0,0,259.60,30555.79,32100.04,64,4611517,5076962,10379653120,37362524160
2025-05-14 06:47:54,43.741,4.709,0,0,319.50,30555.79,32100.04,64,4611719,5077164,10379653120,37362524160
2025-05-14 06:47:54,45.381,4.506,0,0,269.50,30555.79,32100.04,64,4611920,5077365,10379653120,37362524160
2025-05-14 06:47:54,44.530,4.489,0,0,279.50,30555.79,32100.04,64,4612120,5077565,10379653120,37362524160
2025-05-14 06:47:54,45.336,4.525,0,0,259.50,30555.79,32100.04,64,4612319,5077764,10379653120,37362524160
2025-05-14 06:47:54,45.609,4.411,0,0,259.50,30555.79,32100.04,64,4612519,5077964,10379653120,37362524160
2025-05-14 06:47:55,45.024,4.582,0,0,269.40,30555.79,32100.04,64,4612720,5078165,10379653120,37362524160
2025-05-14 06:47:55,44.736,4.429,0,0,279.50,30555.79,32100.04,64,4612920,5078365,10379653120,37362524160
2025-05-14 06:47:55,43.892,4.520,0,0,329.50,30555.79,32100.04,64,4613122,5078567,10379653120,37362524160
2025-05-14 06:47:55,45.103,4.478,0,0,269.50,30555.79,32100.04,64,4613317,5078762,10379653120,37362524160
2025-05-14 06:47:55,46.295,4.518,0,1970176,309.50,30555.79,32100.04,64,4613709,5079194,10379653120,37364559872
2025-05-14 06:47:56,45.834,4.689,0,90112,279.50,30555.79,32100.04,64,4613909,5079398,10379653120,37364654080
2025-05-14 06:47:56,44.852,4.410,0,69632,319.40,30555.79,32100.04,64,4614110,5079599,10379653120,37364654080
2025-05-14 06:47:56,44.016,4.665,0,0,279.40,30555.79,32100.04,64,4614311,5079800,10379653120,37364654080
2025-05-14 06:47:56,44.658,4.448,0,0,299.40,30555.79,32100.04,64,4614519,5080012,10379653120,37364699136
2025-05-14 06:47:56,46.364,4.550,0,204800,309.50,30555.79,32100.04,64,4614735,5080233,10379653120,37364924416
2025-05-14 06:47:57,44.894,4.496,0,65536,259.50,30555.79,32100.04,64,4614939,5080438,10379653120,37364928512
2025-05-14 06:47:57,43.567,4.471,0,40960,299.50,30555.79,32100.04,64,4615151,5080656,10379653120,37365252096
2025-05-14 06:47:57,44.489,4.494,0,286720,289.50,30555.79,32100.04,64,4615353,5080858,10379653120,37365252096
2025-05-14 06:47:57,44.468,4.382,0,0,269.50,30555.79,32100.04,64,4615548,5081053,10379653120,37365252096
2025-05-14 06:47:57,45.229,4.520,0,0,279.50,30555.79,32100.04,64,4615748,5081253,10379653120,37365252096
2025-05-14 06:47:58,45.395,4.555,0,0,289.50,30555.79,32100.04,64,4615950,5081455,10379653120,37365252096
2025-05-14 06:47:58,44.657,4.382,0,0,299.50,30555.79,32100.04,64,4616151,5081656,10379653120,37365252096
2025-05-14 06:47:58,45.506,4.489,0,0,289.50,30555.79,32100.04,64,4616352,5081857,10379653120,37365252096
2025-05-14 06:47:58,44.767,4.390,0,0,229.70,30555.79,32100.04,64,4616547,5082052,10379653120,37365252096
2025-05-14 06:47:58,46.154,4.489,0,0,269.50,30555.79,32100.04,64,4616749,5082254,10379653120,37365252096
2025-05-14 06:47:59,45.355,4.463,0,0,279.50,30555.79,32100.04,64,4616951,5082456,10379653120,37365252096
2025-05-14 06:47:59,44.201,4.469,0,0,279.50,30555.79,32100.04,64,4617150,5082655,10379653120,37365252096
2025-05-14 06:47:59,44.378,4.561,0,0,329.40,30555.79,32100.04,64,4617351,5082856,10379653120,37365252096
2025-05-14 06:47:59,44.910,4.445,0,0,309.40,30555.79,32100.04,64,4617552,5083057,10379653120,37365252096
2025-05-14 06:47:59,45.786,4.626,0,81920,309.70,30555.79,32100.04,64,4617759,5083266,10379653120,37365334016
2025-05-14 06:48:00,45.680,4.617,0,0,319.40,30555.79,32100.04,64,4618042,5083575,10379653120,37366648832
2025-05-14 06:48:00,44.550,4.656,0,2699264,319.40,30555.79,32100.04,64,4618273,5083823,10379653120,37368430592
2025-05-14 06:48:00,45.145,4.642,0,397312,329.50,30555.79,32100.04,64,4618474,5084024,10379653120,37368430592
2025-05-14 06:48:00,44.102,4.520,0,0,279.50,30555.79,32100.04,64,4618680,5084232,10379653120,37368459264
2025-05-14 06:48:00,45.182,4.630,0,28672,329.40,30555.79,32100.04,64,4618888,5084442,10379653120,37368471552
2025-05-14 06:48:01,46.044,4.668,0,77824,359.30,30555.79,32100.04,64,4619101,5084659,10379653120,37368655872
2025-05-14 06:48:01,45.967,4.568,0,126976,279.50,30555.79,32100.04,64,4619308,5084868,10379653120,37368745984
2025-05-14 06:48:01,45.750,4.825,0,81920,249.60,30555.79,32100.04,64,4619507,5085067,10379653120,37368745984
2025-05-14 06:48:01,43.605,4.684,0,86016,169.70,30555.79,32100.04,64,4619714,5085276,10379653120,37368832000
2025-05-14 06:48:01,43.705,3.913,0,0,179.70,30555.79,32100.04,64,4619916,5085478,10379653120,37368832000
2025-05-14 06:48:02,42.726,3.926,0,0,149.70,30555.79,32100.04,64,4620117,5085679,10379653120,37368832000
2025-05-14 06:48:02,42.807,3.936,0,0,159.70,30555.79,32100.04,64,4620318,5085880,10379653120,37368832000
2025-05-14 06:48:02,42.179,3.940,0,0,159.70,30555.79,32100.04,64,4620520,5086082,10379653120,37368832000
2025-05-14 06:48:02,42.252,3.773,0,0,159.70,30555.79,32100.04,64,4620720,5086282,10379653120,37368832000
2025-05-14 06:48:02,43.228,3.878,0,0,159.70,30555.79,32100.04,64,4620921,5086483,10379653120,37368832000
2025-05-14 06:48:03,42.736,3.899,0,0,149.70,30555.79,32100.04,64,4621122,5086684,10379653120,37368832000
2025-05-14 06:48:03,42.304,3.853,0,0,159.70,30555.79,32100.04,64,4621323,5086885,10379653120,37368832000
2025-05-14 06:48:03,42.510,3.957,0,0,149.80,30555.79,32100.04,64,4621525,5087087,10379653120,37368832000
2025-05-14 06:48:03,42.051,3.840,0,0,49.90,30555.79,32100.04,64,4621726,5087288,10379653120,37368832000
2025-05-14 06:48:03,42.899,3.723,0,0,39.90,30555.79,32100.04,64,4621927,5087489,10379653120,37368832000
2025-05-14 06:48:04,40.539,3.912,0,0,189.70,30555.79,32100.04,64,4622129,5087691,10379653120,37368832000
2025-05-14 06:48:04,44.286,4.138,0,0,59.90,30555.79,32100.04,64,4622328,5087890,10379653120,37368832000
2025-05-14 06:48:04,40.502,3.732,0,0,49.90,30555.79,32100.04,64,4622529,5088091,10379653120,37368832000
2025-05-14 06:48:04,39.813,3.744,0,0,49.90,30555.79,32100.04,64,4622729,5088291,10379653120,37368832000
2025-05-14 06:48:04,45.035,3.766,0,0,69.90,30555.79,32100.04,64,4622931,5088493,10379653120,37368832000
2025-05-14 06:48:05,39.288,3.778,0,0,69.90,30555.79,32100.04,64,4623132,5088694,10379653120,37368832000
2025-05-14 06:48:05,38.272,3.741,0,0,59.90,30555.79,32100.04,64,4623333,5088895,10379653120,37368832000
2025-05-14 06:48:05,40.899,3.884,0,0,119.80,30555.79,32100.04,64,4623532,5089094,10379653120,37368832000
2025-05-14 06:48:05,42.255,3.963,0,528384,229.60,30555.79,32100.04,64,4623795,5089400,10379653120,37370421248
2025-05-14 06:48:05,44.275,4.054,0,1060864,79.90,30555.79,32100.04,64,4623999,5089605,10379653120,37370429440
2025-05-14 06:48:06,39.354,3.771,0,73728,189.40,30555.79,32100.04,64,4624207,5089815,10379653120,37370511360
2025-05-14 06:48:06,43.222,4.012,0,225280,199.60,30555.79,32100.04,64,4624424,5090039,10379653120,37370728448
2025-05-14 06:48:06,45.691,4.328,0,98304,59.90,30555.79,32100.04,64,4624638,5090257,10379653120,37370884096
2025-05-14 06:48:06,41.809,3.810,0,65536,39.90,30555.79,32100.04,64,4624838,5090457,10379653120,37370884096
2025-05-14 06:48:06,44.806,3.816,0,0,59.90,30555.79,32100.04,64,4625039,5090658,10379653120,37370884096
2025-05-14 06:48:07,42.214,3.776,0,0,79.80,30555.79,32100.04,64,4625241,5090860,10379653120,37370884096
2025-05-14 06:48:07,39.624,3.815,0,0,49.90,30555.79,32100.04,64,4625442,5091061,10379653120,37370884096
2025-05-14 06:48:07,39.899,3.807,0,0,49.90,30555.79,32100.04,64,4625644,5091263,10379653120,37370884096
2025-05-14 06:48:07,42.563,4.104,0,57344,369.30,30555.79,32100.04,64,4625838,5091464,10379653120,37371006976
2025-05-14 06:48:07,49.065,4.667,0,65536,349.30,30555.79,32100.04,64,4626031,5091657,10379653120,37371006976
2025-05-14 06:48:08,45.376,4.520,0,0,199.60,30555.79,32100.04,64,4626232,5091858,10379653120,37371006976
2025-05-14 06:48:08,43.657,4.535,0,0,229.50,30555.79,32100.04,64,4626433,5092059,10379653120,37371006976
2025-05-14 06:48:08,44.333,4.278,0,45056,169.70,30555.79,32100.04,64,4626649,5092280,10379653120,37371133952
2025-05-14 06:48:08,44.789,4.054,0,204800,40.00,30555.79,32100.04,64,4626853,5092485,10379653120,37371256832
2025-05-14 06:48:08,45.981,3.764,0,0,69.90,30555.79,32100.04,64,4627054,5092686,10379653120,37371256832
2025-05-14 06:48:09,39.669,3.774,0,0,69.90,30555.79,32100.04,64,4627255,5092887,10379653120,37371256832
2025-05-14 06:48:09,40.948,3.757,0,0,59.90,30555.79,32100.04,64,4627456,5093088,10379653120,37371256832
2025-05-14 06:48:09,43.274,3.873,0,0,69.90,30555.79,32100.04,64,4627658,5093290,10379653120,37371256832
2025-05-14 06:48:09,39.448,3.733,0,0,69.90,30555.79,32100.04,64,4627859,5093491,10379653120,37371256832
2025-05-14 06:48:09,40.390,3.802,0,1892352,129.80,30555.79,32100.04,64,4628214,5093885,10379653120,37373214720
2025-05-14 06:48:10,42.019,3.938,0,77824,189.70,30555.79,32100.04,64,4628444,5094127,10379653120,37373431808
2025-05-14 06:48:10,46.768,4.585,0,471040,409.20,30555.79,32100.04,64,4628698,5094398,10379653120,37373788160
2025-05-14 06:48:10,47.806,4.774,0,90112,449.10,30555.79,32100.04,64,4628901,5094601,10379653120,37373788160
2025-05-14 06:48:10,47.686,4.688,0,0,359.30,30555.79,32100.04,64,4629088,5094788,10379653120,37373788160
2025-05-14 06:48:10,47.391,4.313,0,0,249.60,30555.79,32100.04,64,4629294,5094994,10379653120,37373808640
2025-05-14 06:48:11,45.129,4.243,0,200704,259.60,30555.79,32100.04,64,4629500,5095203,10379653120,37373988864
2025-05-14 06:48:11,44.139,4.191,0,0,219.60,30555.79,32100.04,64,4629715,5095424,10379653120,37374029824
2025-05-14 06:48:11,46.306,4.630,0,81920,369.40,30555.79,32100.04,64,4629917,5095629,10379653120,37374070784
2025-05-14 06:48:11,48.724,4.940,0,0,339.40,30555.79,32100.04,64,4630111,5095826,10379653120,37374099456
2025-05-14 06:48:11,45.128,4.331,0,94208,79.90,30555.79,32100.04,64,4630315,5096031,10379653120,37374164992
2025-05-14 06:48:12,40.641,3.762,0,0,59.90,30555.79,32100.04,64,4630517,5096233,10379653120,37374164992
2025-05-14 06:48:12,41.997,3.753,0,0,49.90,30555.79,32100.04,64,4630715,5096431,10379653120,37374164992
2025-05-14 06:48:12,43.490,3.740,0,0,49.90,30555.79,32100.04,64,4630915,5096631,10379653120,37374164992
2025-05-14 06:48:12,41.883,4.108,0,0,249.50,30555.79,32100.04,64,4631110,5096826,10379653120,37374164992
2025-05-14 06:48:13,48.713,4.420,0,0,379.30,30555.79,32100.04,64,4631312,5097028,10379653120,37374164992
2025-05-14 06:48:13,46.833,4.449,0,0,249.60,30555.79,32100.04,64,4631505,5097221,10379653120,37374164992
2025-05-14 06:48:13,48.398,4.700,0,0,229.60,30555.79,32100.04,64,4631689,5097405,10379653120,37374164992
2025-05-14 06:48:13,47.600,4.651,0,0,269.50,30555.79,32100.04,64,4631889,5097605,10379653120,37374164992
2025-05-14 06:48:13,45.102,4.604,0,0,299.50,30555.79,32100.04,64,4632089,5097805,10379653120,37374164992
2025-05-14 06:48:14,45.365,4.744,0,0,339.40,30555.79,32100.04,64,4632285,5098001,10379653120,37374164992
2025-05-14 06:48:14,47.855,5.046,0,0,299.40,30555.79,32100.04,64,4632488,5098204,10379653120,37374164992
2025-05-14 06:48:14,48.271,4.879,0,0,279.50,30555.79,32100.04,64,4632690,5098406,10379653120,37374164992
2025-05-14 06:48:14,45.374,4.709,0,0,319.40,30555.79,32100.04,64,4632888,5098604,10379653120,37374164992
2025-05-14 06:48:14,46.748,4.660,0,0,269.50,30555.79,32100.04,64,4633080,5098796,10379653120,37374164992
2025-05-14 06:48:15,48.144,4.473,0,0,319.50,30555.79,32100.04,64,4633288,5099004,10379653120,37374164992
2025-05-14 06:48:15,44.123,4.880,0,0,129.80,30555.79,32100.04,64,4633490,5099206,10379653120,37374164992
2025-05-14 06:48:15,41.790,4.280,0,0,319.30,30555.79,32100.04,64,4633685,5099401,10379653120,37374164992
2025-05-14 06:48:15,46.842,4.718,0,0,379.30,30555.79,32100.04,64,4633933,5099666,10379653120,37374423040
2025-05-14 06:48:15,46.672,4.759,0,2437120,249.50,30555.79,32100.04,64,4634336,5100117,10379653120,37376602112
2025-05-14 06:48:16,46.904,4.667,0,229376,289.50,30555.79,32100.04,64,4634634,5100448,10379653120,37377073152
2025-05-14 06:48:16,47.147,4.895,0,708608,549.10,30555.79,32100.04,64,4634975,5100832,10379653120,37377859584
2025-05-14 06:48:16,46.778,4.925,0,475136,439.10,30555.79,32100.04,64,4635213,5101082,10379653120,37378170880
2025-05-14 06:48:16,47.247,4.969,0,446464,509.00,30555.79,32100.04,64,4635521,5101429,10379653120,37378691072
2025-05-14 06:48:16,47.738,4.897,0,364544,399.30,30555.79,32100.04,64,4635742,5101664,10379653120,37378940928
2025-05-14 06:48:17,45.893,4.654,0,204800,399.30,30555.79,32100.04,64,4635947,5101871,10379653120,37379031040
2025-05-14 06:48:17,45.256,4.737,0,45056,519.10,30555.79,32100.04,64,4636188,5102126,10379653120,37379211264
2025-05-14 06:48:17,47.255,4.911,0,258048,389.20,30555.79,32100.04,64,4636401,5102345,10379653120,37379334144
2025-05-14 06:48:17,47.135,4.637,0,0,409.20,30555.79,32100.04,64,4636602,5102546,10379653120,37379334144
2025-05-14 06:48:17,46.797,4.699,0,77824,489.00,30555.79,32100.04,64,4636802,5102749,10379653120,37379411968
2025-05-14 06:48:18,46.507,4.454,0,0,149.70,30555.79,32100.04,64,4637004,5102951,10379653120,37379411968
2025-05-14 06:48:18,41.845,3.883,0,0,169.70,30555.79,32100.04,64,4637205,5103152,10379653120,37379411968
2025-05-14 06:48:18,42.340,3.913,0,0,149.70,30555.79,32100.04,64,4637406,5103353,10379653120,37379411968
2025-05-14 06:48:18,42.404,3.876,0,0,169.70,30555.79,32100.04,64,4637606,5103553,10379653120,37379411968
2025-05-14 06:48:18,43.729,3.835,0,0,159.70,30555.79,32100.04,64,4637807,5103754,10379653120,37379411968
2025-05-14 06:48:19,42.282,3.971,0,0,149.80,30555.79,32100.04,64,4638009,5103956,10379653120,37379411968
2025-05-14 06:48:19,42.292,3.838,0,0,289.40,30555.79,32100.04,64,4638210,5104157,10379653120,37379411968
2025-05-14 06:48:19,44.957,4.240,0,0,159.70,30555.79,32100.04,64,4638411,5104358,10379653120,37379411968
2025-05-14 06:48:19,42.663,3.857,0,0,219.60,30555.79,32100.04,64,4638612,5104559,10379653120,37379411968
2025-05-14 06:48:19,44.901,4.217,0,0,339.30,30555.79,32100.04,64,4638814,5104761,10379653120,37379411968
2025-05-14 06:48:20,45.707,4.524,0,0,309.40,30555.79,32100.04,64,4639015,5104962,10379653120,37379411968
2025-05-14 06:48:20,45.209,4.473,0,0,319.40,30555.79,32100.04,64,4639216,5105163,10379653120,37379411968
2025-05-14 06:48:20,44.668,4.663,0,0,299.50,30555.79,32100.04,64,4639418,5105365,10379653120,37379411968
2025-05-14 06:48:20,45.389,4.625,0,0,299.60,30555.79,32100.04,64,4640092,5106230,10379653120,37383524352
2025-05-14 06:48:20,45.909,4.738,0,4112384,309.50,30555.79,32100.04,64,4640287,5106425,10379653120,37383524352
2025-05-14 06:48:21,44.881,4.617,0,0,319.50,30555.79,32100.04,64,4640481,5106619,10379653120,37383524352
2025-05-14 06:48:21,44.946,4.571,0,0,269.50,30555.79,32100.04,64,4640682,5106820,10379653120,37383524352
2025-05-14 06:48:21,43.575,4.704,0,0,369.40,30555.79,32100.04,64,4640881,5107019,10379653120,37383524352
2025-05-14 06:48:21,45.252,4.601,0,0,309.40,30555.79,32100.04,64,4641074,5107212,10379653120,37383524352
2025-05-14 06:48:21,45.350,4.626,0,0,309.50,30555.79,32100.04,64,4641275,5107413,10379653120,37383524352
2025-05-14 06:48:22,44.501,4.753,0,0,309.50,30555.79,32100.04,64,4641478,5107616,10379653120,37383524352
2025-05-14 06:48:22,44.370,4.655,0,8192,299.40,30555.79,32100.04,64,4641685,5107825,10379653120,37383532544
2025-05-14 06:48:22,44.494,4.815,0,0,289.50,30555.79,32100.04,64,4641886,5108026,10379653120,37383532544
2025-05-14 06:48:22,44.944,4.565,0,0,299.50,30555.79,32100.04,64,4642091,5108231,10379653120,37383532544
2025-05-14 06:48:22,46.150,4.672,0,0,319.40,30555.79,32100.04,64,4642289,5108429,10379653120,37383532544
2025-05-14 06:48:23,45.402,4.668,0,0,299.50,30555.79,32100.04,64,4642491,5108631,10379653120,37383532544
2025-05-14 06:48:23,44.899,4.626,0,0,319.40,30555.79,32100.04,64,4642692,5108832,10379653120,37383532544
2025-05-14 06:48:23,45.323,4.648,0,0,269.50,30555.79,32100.04,64,4642894,5109034,10379653120,37383532544
2025-05-14 06:48:23,44.773,4.437,0,0,269.40,30555.79,32100.04,64,4643095,5109235,10379653120,37383532544
2025-05-14 06:48:23,45.023,4.361,0,0,319.30,30555.79,32100.04,64,4643296,5109436,10379653120,37383532544
2025-05-14 06:48:24,45.004,4.475,0,0,329.40,30555.79,32100.04,64,4643498,5109638,10379653120,37383532544
2025-05-14 06:48:24,45.614,4.647,0,0,279.50,30555.79,32100.04,64,4643695,5109835,10379653120,37383532544
2025-05-14 06:48:24,44.068,4.505,0,0,289.50,30555.79,32100.04,64,4643894,5110034,10379653120,37383532544
2025-05-14 06:48:24,44.627,4.521,0,0,269.70,30555.79,32100.04,64,4644094,5110234,10379653120,37383532544
2025-05-14 06:48:24,45.140,4.465,0,0,309.40,30555.79,32100.04,64,4644295,5110435,10379653120,37383532544
2025-05-14 06:48:25,44.590,4.411,0,0,339.50,30555.79,32100.04,64,4644496,5110636,10379653120,37383532544
2025-05-14 06:48:25,45.284,4.412,0,0,269.60,30555.79,32100.04,64,4644698,5110838,10379653120,37383532544
2025-05-14 06:48:25,44.720,4.418,0,0,279.50,30555.79,32100.04,64,4644899,5111039,10379653120,37383532544
2025-05-14 06:48:25,45.229,4.415,0,0,269.60,30555.79,32100.04,64,4645093,5111233,10379653120,37383532544
2025-05-14 06:48:25,45.666,4.423,0,1470464,299.50,30555.79,32100.04,64,4645380,5111541,10379653120,37385068544
2025-05-14 06:48:26,44.886,4.459,0,65536,339.50,30555.79,32100.04,64,4645581,5111742,10379653120,37385068544
2025-05-14 06:48:26,45.230,4.415,0,0,289.50,30555.79,32100.04,64,4645782,5111943,10379653120,37385068544
2025-05-14 06:48:26,45.004,4.475,0,0,229.60,30555.79,32100.04,64,4645983,5112144,10379653120,37385068544
2025-05-14 06:48:26,44.714,4.459,0,0,259.60,30555.79,32100.04,64,4646180,5112341,10379653120,37385068544
2025-05-14 06:48:26,44.628,4.419,0,0,289.50,30555.79,32100.04,64,4646387,5112550,10379653120,37385142272
2025-05-14 06:48:27,45.694,4.517,0,73728,239.60,30555.79,32100.04,64,4646595,5112762,10379653120,37385408512
2025-05-14 06:48:27,44.645,4.381,0,266240,279.50,30555.79,32100.04,64,4646796,5112963,10379653120,37385408512
2025-05-14 06:48:27,44.469,4.567,0,0,299.50,30555.79,32100.04,64,4646999,5113167,10379653120,37385412608
2025-05-14 06:48:27,44.484,4.466,0,4096,279.60,30555.79,32100.04,64,4647206,5113376,10379653120,37385478144
2025-05-14 06:48:27,45.463,4.449,0,65536,319.40,30555.79,32100.04,64,4647415,5113589,10379653120,37385687040
2025-05-14 06:48:28,44.800,4.572,0,208896,269.60,30555.79,32100.04,64,4647619,5113794,10379653120,37385691136
2025-05-14 06:48:28,44.295,4.349,0,73728,339.40,30555.79,32100.04,64,4647830,5114007,10379653120,37385760768
2025-05-14 06:48:28,45.497,4.596,0,0,289.50,30555.79,32100.04,64,4648037,5114214,10379653120,37385760768
2025-05-14 06:48:28,44.118,4.368,0,0,319.50,30555.79,32100.04,64,4648236,5114413,10379653120,37385760768
2025-05-14 06:48:28,46.470,4.659,0,69632,309.50,30555.79,32100.04,64,4648447,5114626,10379653120,37385830400
2025-05-14 06:48:29,45.135,4.611,0,0,319.40,30555.79,32100.04,64,4648648,5114827,10379653120,37385830400
2025-05-14 06:48:29,45.002,4.496,0,4096,289.50,30555.79,32100.04,64,4648855,5115036,10379653120,37385900032
2025-05-14 06:48:29,44.591,4.643,0,65536,359.40,30555.79,32100.04,64,4649057,5115238,10379653120,37385900032
2025-05-14 06:48:29,44.787,4.491,0,16384,279.50,30555.79,32100.04,64,4649265,5115448,10379653120,37385920512
2025-05-14 06:48:29,45.299,4.529,0,69632,369.40,30555.79,32100.04,64,4649470,5115655,10379653120,37385986048
2025-05-14 06:48:30,45.248,4.632,0,0,309.50,30555.79,32100.04,64,4649671,5115856,10379653120,37385986048
2025-05-14 06:48:30,44.956,4.489,0,0,399.30,30555.79,32100.04,64,4649871,5116056,10379653120,37385986048
2025-05-14 06:48:30,45.708,4.631,0,0,319.50,30555.79,32100.04,64,4650073,5116258,10379653120,37385986048
2025-05-14 06:48:30,45.743,4.486,0,0,299.50,30555.77,32100.04,63,4650271,5116456,10379653120,37385986048
2025-05-14 06:48:30,46.122,4.834,0,1298432,289.40,30555.77,32100.04,63,4650550,5116756,10379653120,37387350016
2025-05-14 06:48:31,45.524,4.832,0,65536,299.50,30555.77,32100.04,63,4650760,5116966,10379653120,37387350016
2025-05-14 06:48:31,46.251,4.996,0,155648,299.50,30555.77,32100.04,63,4650967,5117175,10379653120,37387505664
2025-05-14 06:48:31,46.103,4.721,0,0,369.30,30555.77,32100.04,63,4651168,5117376,10379653120,37387505664
2025-05-14 06:48:31,45.944,4.679,0,0,279.50,30555.77,32100.04,63,4651372,5117583,10379653120,37387649024
2025-05-14 06:48:31,47.790,4.568,0,143360,299.40,30555.77,32100.04,63,4651570,5117781,10379653120,37387649024
2025-05-14 06:48:32,46.116,4.788,0,188416,309.30,30555.77,32100.04,63,4651779,5117994,10379653120,37387837440
2025-05-14 06:48:32,45.765,4.691,0,0,309.50,30555.77,32100.04,63,4651985,5118200,10379653120,37387837440
2025-05-14 06:48:32,44.231,4.699,0,8192,319.50,30555.77,32100.04,63,4652200,5118419,10379653120,37387866112
2025-05-14 06:48:32,46.499,4.677,0,86016,249.60,30555.77,32100.04,63,4652399,5118620,10379653120,37387931648
2025-05-14 06:48:32,48.117,4.711,0,0,249.60,30555.77,32100.04,63,4652601,5118821,10379653120,37387931648
2025-05-14 06:48:33,44.529,4.585,0,20480,299.40,30555.77,32100.04,63,4652811,5119034,10379653120,37387952128
2025-05-14 06:48:33,45.417,4.630,0,0,339.40,30555.77,32100.04,63,4653011,5119234,10379653120,37387952128
2025-05-14 06:48:33,44.018,4.604,0,0,299.40,30555.77,32100.04,63,4653216,5119439,10379653120,37387952128
2025-05-14 06:48:33,45.789,4.588,0,0,299.40,30555.77,32100.04,63,4653413,5119637,10379653120,37387952128
2025-05-14 06:48:33,45.950,4.707,0,32768,249.60,30555.77,32100.04,63,4653626,5119857,10379653120,37387984896
2025-05-14 06:48:34,46.003,4.610,0,0,329.40,30555.77,32100.04,63,4653824,5120055,10379653120,37387984896
2025-05-14 06:48:34,46.112,4.661,0,0,299.50,30555.77,32100.04,63,4654025,5120256,10379653120,37387984896
2025-05-14 06:48:34,45.275,4.676,0,0,299.40,30555.77,32100.04,63,4654226,5120457,10379653120,37387984896
2025-05-14 06:48:34,46.380,4.789,0,0,309.40,30555.77,32100.04,63,4654418,5120649,10379653120,37387984896
2025-05-14 06:48:34,48.053,4.800,0,0,309.40,30555.77,32100.04,63,4654617,5120848,10379653120,37387984896
2025-05-14 06:48:35,46.122,4.793,0,0,299.50,30555.77,32100.04,63,4654812,5121043,10379653120,37387984896
2025-05-14 06:48:35,46.091,4.740,0,0,309.50,30555.77,32100.04,63,4655013,5121244,10379653120,37387984896
2025-05-14 06:48:35,45.674,4.771,0,0,289.50,30555.77,32100.04,63,4655215,5121446,10379653120,37387984896
2025-05-14 06:48:35,45.658,4.862,0,0,239.50,30555.77,32100.04,63,4655411,5121642,10379653120,37387984896
2025-05-14 06:48:35,46.586,4.716,0,0,269.50,30555.77,32100.04,63,4655612,5121843,10379653120,37387984896
2025-05-14 06:48:36,46.350,4.691,0,0,309.40,30555.77,32100.04,63,4655806,5122037,10379653120,37387984896
2025-05-14 06:48:36,45.498,4.700,0,0,319.50,30555.77,32100.04,63,4656007,5122238,10379653120,37387984896
2025-05-14 06:48:36,45.594,4.660,0,0,309.50,30555.77,32100.04,63,4656210,5122441,10379653120,37387984896
2025-05-14 06:48:36,44.471,4.692,0,0,259.50,30555.77,32100.04,63,4656415,5122646,10379653120,37387984896
2025-05-14 06:48:36,48.516,4.583,0,0,279.40,30555.77,32100.04,63,4656618,5122849,10379653120,37387984896
2025-05-14 06:48:37,45.685,4.639,0,0,279.50,30555.77,32100.04,63,4656818,5123049,10379653120,37387984896
2025-05-14 06:48:37,45.137,4.595,0,0,339.40,30555.77,32100.04,63,4657020,5123251,10379653120,37387984896
2025-05-14 06:48:37,45.589,4.595,0,0,309.70,30555.77,32100.04,63,4657225,5123456,10379653120,37387984896
2025-05-14 06:48:37,46.387,4.569,0,0,249.50,30555.77,32100.04,63,4657431,5123662,10379653120,37387984896
2025-05-14 06:48:37,48.774,4.545,0,1355776,289.50,30555.77,32100.04,63,4657702,5123947,10379653120,37389340672
2025-05-14 06:48:38,47.294,4.669,0,12288,299.50,30555.77,32100.04,63,4657913,5124161,10379653120,37389352960
2025-05-14 06:48:38,45.744,4.753,0,0,309.50,30555.77,32100.04,63,4658118,5124366,10379653120,37389352960
2025-05-14 06:48:38,45.604,4.692,0,0,279.50,30555.77,32100.04,63,4658319,5124567,10379653120,37389352960
2025-05-14 06:48:38,46.277,4.722,0,0,279.50,30555.77,32100.04,63,4658501,5124749,10379653120,37389352960
2025-05-14 06:48:38,46.538,4.715,0,0,299.50,30555.77,32100.04,63,4658702,5124950,10379653120,37389352960
2025-05-14 06:48:39,45.229,4.584,0,8192,309.40,30555.77,32100.04,63,4658909,5125159,10379653120,37389426688
2025-05-14 06:48:39,45.524,4.626,0,65536,329.40,30555.77,32100.04,63,4659110,5125360,10379653120,37389426688
2025-05-14 06:48:39,44.760,4.760,0,0,329.60,30555.77,32100.04,63,4659312,5125562,10379653120,37389426688
2025-05-14 06:48:39,46.638,4.709,0,0,229.50,30555.77,32100.04,63,4659504,5125754,10379653120,37389426688
2025-05-14 06:48:39,48.728,4.699,0,0,309.50,30555.77,32100.04,63,4659696,5125946,10379653120,37389426688
2025-05-14 06:48:40,45.628,4.787,0,0,319.50,30555.77,32100.04,63,4659902,5126154,10379653120,37389500416
2025-05-14 06:48:40,46.873,4.800,0,73728,249.60,30555.77,32100.04,63,4660108,5126360,10379653120,37389500416
2025-05-14 06:48:40,45.400,4.773,0,0,269.50,30555.77,32100.04,63,4660313,5126565,10379653120,37389500416
2025-05-14 06:48:40,45.447,4.760,0,65536,299.50,30555.77,32100.04,63,4660513,5126766,10379653120,37389565952
2025-05-14 06:48:40,47.700,4.899,0,20480,279.50,30555.80,32084.03,58,4660722,5126980,10379653120,37389783040
2025-05-14 06:48:41,44.280,4.837,0,200704,369.40,30555.80,32084.03,58,4660928,5127188,10379653120,37389795328
2025-05-14 06:48:41,44.848,4.783,0,16384,299.40,30555.80,32084.03,58,4661138,5127401,10379653120,37389934592
2025-05-14 06:48:41,45.608,4.662,0,131072,289.50,30555.80,32084.03,58,4661333,5127596,10379653120,37389934592
2025-05-14 06:48:41,45.862,4.738,0,0,289.50,30555.80,32084.03,58,4661523,5127786,10379653120,37389934592
2025-05-14 06:48:41,46.492,4.742,0,12288,279.50,30555.80,32076.03,57,4661731,5127998,10379653120,37390143488
2025-05-14 06:48:42,45.874,4.856,0,1462272,329.40,30555.81,32068.02,56,4662000,5128292,10379653120,37391556608
2025-05-14 06:48:42,46.804,4.659,0,212992,289.50,30555.81,32068.02,56,4662205,5128498,10379653120,37391622144
2025-05-14 06:48:42,44.935,4.673,0,8192,299.50,30555.81,32068.02,56,4662414,5128710,10379653120,37391704064
2025-05-14 06:48:42,45.368,4.644,0,188416,249.60,30555.81,32068.02,56,4662627,5128936,10379653120,37391978496
2025-05-14 06:48:42,49.130,4.535,0,315392,539.00,30555.81,32068.02,56,4662891,5129231,10379653120,37392478208
2025-05-14 06:48:43,48.915,5.192,0,524288,449.20,30555.81,32068.02,56,4663107,5129464,10379653120,37392756736
2025-05-14 06:48:43,46.787,4.824,0,233472,289.50,30555.81,32068.02,56,4663321,5129683,10379653120,37393285120
2025-05-14 06:48:43,45.275,4.909,0,454656,349.30,30555.81,32068.02,56,4663541,5129911,10379653120,37393481728
2025-05-14 06:48:43,45.258,4.053,0,135168,149.70,30555.81,32068.02,56,4663742,5130112,10379653120,37393481728
2025-05-14 06:48:44,43.342,4.053,0,0,89.90,30555.81,32068.02,56,4663943,5130314,10379653120,37393481728
2025-05-14 06:48:44,41.398,3.935,0,0,349.30,30555.81,32068.02,56,4664144,5130514,10379653120,37393481728
2025-05-14 06:48:44,47.468,4.884,0,0,239.50,30555.81,32068.02,56,4664343,5130713,10379653120,37393481728
2025-05-14 06:48:44,41.617,4.172,0,0,59.90,30555.81,32068.02,56,4664543,5130913,10379653120,37393481728
2025-05-14 06:48:44,42.401,3.754,0,0,49.90,30555.81,32068.02,56,4664734,5131104,10379653120,37393481728
2025-05-14 06:48:45,42.030,3.782,0,0,69.90,30555.81,32068.02,56,4664935,5131305,10379653120,37393481728
2025-05-14 06:48:45,41.539,3.809,0,0,79.90,30555.81,32068.02,56,4665136,5131506,10379653120,37393481728
2025-05-14 06:48:45,44.489,3.938,0,0,49.90,30555.81,32068.02,56,4665338,5131708,10379653120,37393481728
2025-05-14 06:48:45,43.396,4.206,0,0,349.60,30555.81,32068.02,56,4665538,5131908,10379653120,37393481728
2025-05-14 06:48:45,47.263,4.506,0,0,289.50,30555.81,32068.02,56,4665723,5132093,10379653120,37393481728
2025-05-14 06:48:46,47.892,4.334,0,0,289.50,30555.81,32068.02,56,4665925,5132295,10379653120,37393481728
2025-05-14 06:48:46,47.191,4.548,0,0,279.40,30555.81,32068.02,56,4666123,5132493,10379653120,37393481728
2025-05-14 06:48:46,48.292,4.757,0,0,249.50,30555.81,32068.02,56,4666317,5132687,10379653120,37393481728
2025-05-14 06:48:46,46.476,4.751,0,0,309.50,30555.81,32068.02,56,4666518,5132888,10379653120,37393481728
2025-05-14 06:48:46,47.183,4.837,0,0,319.30,30555.81,32068.02,56,4666725,5133095,10379653120,37393481728
2025-05-14 06:48:47,46.038,4.833,0,0,319.40,30555.81,32068.02,56,4666922,5133292,10379653120,37393481728
2025-05-14 06:48:47,48.872,5.099,0,0,309.50,30555.81,32068.02,56,4667122,5133492,10379653120,37393481728
2025-05-14 06:48:47,47.205,4.676,0,0,359.40,30555.81,32068.02,56,4667323,5133693,10379653120,37393481728
2025-05-14 06:48:47,47.031,4.799,0,0,359.40,30555.81,32068.02,56,4667524,5133894,10379653120,37393481728
2025-05-14 06:48:47,47.571,4.733,0,0,259.50,30555.81,32068.02,56,4667720,5134090,10379653120,37393481728
2025-05-14 06:48:48,49.130,5.063,0,0,299.40,30555.81,32068.02,56,4667921,5134291,10379653120,37393481728
2025-05-14 06:48:48,47.076,4.973,0,2670592,409.20,30555.81,32068.02,56,4668371,5134838,10379653120,37396217856
2025-05-14 06:48:48,47.292,4.681,0,65536,269.50,30555.81,32068.02,56,4668575,5135044,10379653120,37396303872
2025-05-14 06:48:48,46.685,4.799,0,86016,279.50,30555.81,32068.02,56,4668775,5135244,10379653120,37396303872
2025-05-14 06:48:48,46.975,4.670,0,8192,289.50,30555.81,32068.02,56,4668971,5135451,10379653120,37396475904
2025-05-14 06:48:49,48.589,4.708,0,397312,459.20,30555.81,32068.02,56,4669310,5135833,10379653120,37397139456
2025-05-14 06:48:49,48.472,5.346,0,991232,529.00,30555.81,32068.02,56,4669646,5136218,10379653120,37397889024
2025-05-14 06:48:49,47.797,5.007,0,315392,439.30,30555.81,32068.02,56,4669891,5136476,10379653120,37398110208
2025-05-14 06:48:49,43.810,4.242,0,225280,149.80,30555.81,32068.02,56,4670095,5136681,10379653120,37398241280
2025-05-14 06:48:49,44.248,3.894,0,0,159.70,30555.81,32068.02,56,4670297,5136883,10379653120,37398241280
2025-05-14 06:48:50,45.196,3.946,0,0,159.70,30555.81,32068.02,56,4670498,5137084,10379653120,37398241280
2025-05-14 06:48:50,40.223,3.899,0,0,149.80,30555.81,32068.02,56,4670699,5137285,10379653120,37398241280
2025-05-14 06:48:50,43.007,4.021,0,0,149.70,30555.81,32068.02,56,4670900,5137486,10379653120,37398241280
2025-05-14 06:48:50,45.437,4.115,0,0,159.70,30555.81,32068.02,56,4671106,5137693,10379653120,37398269952
2025-05-14 06:48:50,45.581,3.975,0,159744,159.70,30555.81,32068.02,56,4671303,5137891,10379653120,37398401024
2025-05-14 06:48:51,43.084,3.999,0,0,159.70,30555.81,32068.02,56,4671505,5138093,10379653120,37398401024
2025-05-14 06:48:51,42.281,4.022,0,0,169.90,30555.81,32068.02,56,4671706,5138294,10379653120,37398401024
2025-05-14 06:48:51,44.144,4.013,0,0,169.70,30555.81,32068.02,56,4671907,5138495,10379653120,37398401024
2025-05-14 06:48:51,42.804,3.932,0,0,149.90,30555.81,32068.02,56,4672107,5138695,10379653120,37398401024
2025-05-14 06:48:51,44.189,3.912,0,0,129.80,30555.81,32068.02,56,4672309,5138897,10379653120,37398401024
2025-05-14 06:48:52,40.334,3.899,0,0,59.90,30555.81,32068.02,56,4672510,5139098,10379653120,37398401024
2025-05-14 06:48:52,40.196,4.007,0,0,179.70,30555.81,32068.02,56,4672711,5139299,10379653120,37398401024
2025-05-14 06:48:52,43.966,4.224,0,1536000,179.70,30555.81,32068.02,56,4673314,5140029,10379653120,37402214400
2025-05-14 06:48:52,43.109,4.060,0,2277376,59.90,30555.81,32068.02,56,4673514,5140229,10379653120,37402214400
2025-05-14 06:48:52,43.453,3.825,0,0,69.90,30555.81,32068.02,56,4673715,5140430,10379653120,37402214400
2025-05-14 06:48:53,39.796,3.861,0,0,69.90,30555.81,32068.02,56,4673917,5140632,10379653120,37402214400
2025-05-14 06:48:53,38.909,3.768,0,0,139.80,30555.81,32068.02,56,4674118,5140833,10379653120,37402214400
2025-05-14 06:48:53,43.334,4.255,0,0,199.70,30555.81,32068.02,56,4674316,5141031,10379653120,37402214400
2025-05-14 06:48:53,43.467,4.300,0,0,159.70,30555.81,32068.02,56,4674517,5141232,10379653120,37402214400
2025-05-14 06:48:53,44.717,4.025,0,167936,49.90,30555.81,32068.02,56,4674740,5141462,10379653120,37402447872
2025-05-14 06:48:54,40.704,3.854,0,65536,189.70,30555.81,32068.02,56,4674947,5141671,10379653120,37402464256
2025-05-14 06:48:54,42.826,4.013,0,147456,159.70,30555.81,32068.02,56,4675163,5141892,10379653120,37402689536
2025-05-14 06:48:54,46.067,4.524,0,409600,519.00,30555.81,32068.02,56,4675413,5142160,10379653120,37403115520
2025-05-14 06:48:54,46.678,5.145,0,176128,329.40,30555.81,32068.02,56,4675609,5142357,10379653120,37403181056
2025-05-14 06:48:54,47.233,4.675,0,0,419.20,30555.81,32068.02,56,4675795,5142543,10379653120,37403181056
2025-05-14 06:48:55,46.519,4.563,0,0,339.50,30555.81,32068.02,56,4675996,5142744,10379653120,37403181056
2025-05-14 06:48:55,46.010,4.381,0,0,309.40,30555.81,32068.02,56,4676195,5142943,10379653120,37403181056
2025-05-14 06:48:55,44.666,4.431,0,0,299.50,30555.81,32068.02,56,4676397,5143145,10379653120,37403181056
2025-05-14 06:48:55,43.137,4.545,0,0,319.40,30555.81,32068.02,56,4676600,5143348,10379653120,37403181056
2025-05-14 06:48:55,44.707,4.426,0,0,289.40,30555.81,32068.02,56,4676801,5143549,10379653120,37403181056
2025-05-14 06:48:56,44.836,4.550,0,0,289.50,30555.81,32068.02,56,4676999,5143747,10379653120,37403181056
2025-05-14 06:48:56,44.563,4.605,0,0,279.60,30555.81,32068.02,56,4677201,5143949,10379653120,37403181056
2025-05-14 06:48:56,44.331,4.460,0,0,299.60,30555.81,32068.02,56,4677398,5144146,10379653120,37403181056
2025-05-14 06:48:56,44.835,4.507,0,0,299.40,30555.81,32068.02,56,4677598,5144346,10379653120,37403181056
2025-05-14 06:48:56,45.782,4.528,0,0,349.40,30555.81,32068.02,56,4677799,5144548,10379653120,37403181056
2025-05-14 06:48:57,45.723,4.573,0,0,299.50,30555.81,32068.02,56,4678000,5144748,10379653120,37403181056
2025-05-14 06:48:57,43.724,4.702,0,0,179.70,30555.81,32068.02,56,4678201,5144949,10379653120,37403181056
2025-05-14 06:48:57,39.959,4.140,0,0,99.80,30555.81,32068.02,56,4678402,5145150,10379653120,37403181056
2025-05-14 06:48:57,46.863,4.602,0,0,349.40,30555.81,32068.02,56,4678597,5145345,10379653120,37403181056
2025-05-14 06:48:57,48.164,4.894,0,0,69.90,30555.81,32068.02,56,4678793,5145541,10379653120,37403181056
2025-05-14 06:48:58,40.592,3.867,0,0,59.90,30555.81,32068.02,56,4678994,5145742,10379653120,37403181056
2025-05-14 06:48:58,40.780,3.832,0,0,59.90,30555.81,32068.02,56,4679195,5145943,10379653120,37403181056
2025-05-14 06:48:58,39.968,3.787,0,0,129.70,30555.81,32068.02,56,4679396,5146144,10379653120,37403181056
2025-05-14 06:48:58,45.112,4.528,0,0,139.70,30555.81,32068.02,56,4679593,5146341,10379653120,37403181056
2025-05-14 06:48:58,47.585,4.086,0,0,59.90,30555.81,32068.02,56,4679794,5146542,10379653120,37403181056
2025-05-14 06:48:59,42.291,3.989,0,0,39.90,30555.81,32068.02,56,4679996,5146744,10379653120,37403181056
2025-05-14 06:48:59,40.589,3.899,0,0,59.90,30555.81,32068.02,56,4680197,5146945,10379653120,37403181056
2025-05-14 06:48:59,39.021,3.834,0,0,309.40,30555.81,32068.02,56,4680398,5147146,10379653120,37403181056
2025-05-14 06:48:59,46.793,4.563,0,2195456,289.50,30555.81,32068.02,56,4680849,5147658,10379653120,37405458432
2025-05-14 06:48:59,48.885,4.494,0,122880,269.50,30555.81,32068.02,56,4681061,5147876,10379653120,37405597696
2025-05-14 06:49:00,48.462,4.492,0,303104,309.40,30555.81,32068.02,56,4681282,5148103,10379653120,37405941760
2025-05-14 06:49:00,47.131,4.673,0,212992,179.70,30555.81,32068.02,56,4681504,5148332,10379653120,37406089216
2025-05-14 06:49:00,43.044,4.022,0,73728,169.70,30555.81,32068.02,56,4681712,5148542,10379653120,37406101504
2025-05-14 06:49:00,43.031,4.056,0,12288,159.70,30555.81,32068.02,56,4681912,5148742,10379653120,37406101504
2025-05-14 06:49:00,43.259,4.053,0,0,149.70,30555.81,32068.02,56,4682117,5148947,10379653120,37406101504
2025-05-14 06:49:01,42.941,3.987,0,0,159.80,30555.81,32068.02,56,4682318,5149148,10379653120,37406101504
2025-05-14 06:49:01,43.191,4.128,0,0,149.80,30555.81,32068.02,56,4682523,5149354,10379653120,37406105600
2025-05-14 06:49:01,42.230,3.934,0,4096,169.70,30555.81,32068.02,56,4682724,5149555,10379653120,37406105600
2025-05-14 06:49:01,42.544,3.947,0,0,149.70,30555.81,32068.02,56,4682925,5149756,10379653120,37406105600
2025-05-14 06:49:01,44.850,3.976,0,0,159.60,30555.81,32068.02,56,4683126,5149957,10379653120,37406105600
2025-05-14 06:49:02,42.392,3.924,0,0,149.70,30555.81,32068.02,56,4683328,5150159,10379653120,37406105600
2025-05-14 06:49:02,42.311,3.873,0,0,159.70,30555.81,32068.02,56,4683529,5150360,10379653120,37406105600
2025-05-14 06:49:02,43.953,4.073,0,0,189.70,30555.81,32068.02,56,4683730,5150561,10379653120,37406105600
2025-05-14 06:49:02,42.492,3.888,0,0,149.80,30555.81,32068.02,56,4683931,5150762,10379653120,37406105600
2025-05-14 06:49:02,44.609,3.957,0,0,69.90,30555.81,32068.02,56,4684132,5150963,10379653120,37406105600
2025-05-14 06:49:03,38.043,3.801,0,0,69.90,30555.81,32068.02,56,4684333,5151164,10379653120,37406105600
2025-05-14 06:49:03,41.037,3.946,24576,0,249.50,30555.81,32068.02,56,4684551,5151375,10379976704,37406105600
2025-05-14 06:49:03,44.634,4.486,299008,0,169.70,30555.81,32068.02,56,4684753,5151577,10379976704,37406105600
2025-05-14 06:49:03,41.042,3.932,0,0,89.80,30555.81,32068.02,56,4684946,5151770,10379976704,37406105600
2025-05-14 06:49:03,47.651,4.225,94208,1400832,59.90,30555.81,32068.02,56,4685186,5152071,10380070912,37407547392
2025-05-14 06:49:04,43.120,3.926,0,40960,49.90,30555.81,32068.02,56,4685388,5152273,10380070912,37407547392
2025-05-14 06:49:04,41.872,4.096,270336,0,169.70,30555.81,32068.02,56,4685678,5152553,10380341248,37407682560
2025-05-14 06:49:04,39.267,3.956,0,135168,59.90,30555.81,32068.02,56,4685885,5152762,10380341248,37407694848
2025-05-14 06:49:04,39.806,3.854,0,40960,139.80,30555.81,32068.02,56,4686115,5153020,10380341248,37409566720
2025-05-14 06:49:04,46.406,4.088,0,1843200,189.70,30555.81,32068.02,56,4686316,5153221,10380341248,37409566720
2025-05-14 06:49:05,42.499,4.042,0,0,49.90,30555.81,32068.02,56,4686517,5153422,10380341248,37409566720
2025-05-14 06:49:05,38.128,3.743,0,0,59.90,30555.81,32068.02,56,4686718,5153623,10380341248,37409566720
2025-05-14 06:49:05,41.434,3.970,0,8192,239.60,30555.81,32068.02,56,4686926,5153835,10380341248,37409771520
2025-05-14 06:49:05,40.997,3.742,0,196608,59.90,30555.81,32068.02,56,4687128,5154037,10380341248,37409771520
2025-05-14 06:49:05,39.503,3.711,0,0,59.90,30555.81,32068.02,56,4687329,5154238,10380341248,37409771520
2025-05-14 06:49:06,38.776,3.745,0,0,59.90,30555.81,32068.02,56,4687530,5154439,10380341248,37409771520
2025-05-14 06:49:06,40.065,3.842,0,45056,59.90,30555.81,32068.02,56,4687753,5154669,10380341248,37409882112
2025-05-14 06:49:06,38.080,3.817,0,65536,79.90,30555.81,32068.02,56,4687969,5154890,10380341248,37410050048
2025-05-14 06:49:06,38.629,3.760,0,167936,39.90,30555.81,32068.02,56,4688169,5155090,10380341248,37410050048
2025-05-14 06:49:06,38.861,3.663,0,0,69.90,30555.81,32068.02,56,4688370,5155291,10380341248,37410050048
2025-05-14 06:49:07,37.990,3.714,0,0,49.90,30555.81,32068.02,56,4688572,5155493,10380341248,37410050048
2025-05-14 06:49:07,39.017,3.740,0,0,49.90,30555.81,32068.02,56,4688773,5155694,10380341248,37410050048
2025-05-14 06:49:07,39.899,3.700,0,0,49.90,30555.81,32068.02,56,4688974,5155895,10380341248,37410050048
2025-05-14 06:49:07,40.807,3.771,0,0,139.70,30555.81,32068.02,56,4689175,5156096,10380341248,37410050048
2025-05-14 06:49:07,43.250,4.232,0,0,149.70,30555.81,32068.02,56,4689376,5156297,10380341248,37410050048
2025-05-14 06:49:08,43.720,4.160,0,0,149.70,30555.81,32068.02,56,4689578,5156499,10380341248,37410050048
2025-05-14 06:49:08,40.755,3.947,0,65536,149.70,30555.81,32068.02,56,4689781,5156703,10380341248,37410115584
2025-05-14 06:49:08,41.776,4.251,0,0,419.30,30555.81,32068.02,56,4689984,5156908,10380341248,37410123776
2025-05-14 06:49:08,48.240,4.945,0,8192,149.70,30555.81,32068.02,56,4690177,5157101,10380341248,37410123776
2025-05-14 06:49:08,46.509,3.942,0,0,49.90,30555.81,32068.02,56,4690382,5157306,10380341248,37410123776
2025-05-14 06:49:09,40.398,3.741,0,0,89.80,30555.81,32068.02,56,4690583,5157507,10380341248,37410123776
2025-05-14 06:49:09,40.650,3.773,0,0,59.90,30555.81,32068.02,56,4690784,5157708,10380341248,37410123776
2025-05-14 06:49:09,42.543,3.874,0,0,69.90,30555.81,32068.02,56,4690986,5157910,10380341248,37410123776
2025-05-14 06:49:09,40.636,3.832,0,0,49.90,30555.81,32068.02,56,4691191,5158116,10380341248,37410140160
2025-05-14 06:49:09,45.444,3.792,0,81920,129.80,30555.81,32068.02,56,4691394,5158320,10380341248,37410205696
2025-05-14 06:49:10,44.815,4.149,0,0,179.70,30555.81,32068.02,56,4691596,5158522,10380341248,37410205696
2025-05-14 06:49:10,46.991,4.220,0,0,59.90,30555.81,32068.02,56,4691795,5158721,10380341248,37410205696
2025-05-14 06:49:10,43.456,3.918,0,0,69.90,30555.81,32068.02,56,4691996,5158922,10380341248,37410205696
2025-05-14 06:49:10,41.536,3.827,0,0,109.80,30555.81,32068.02,56,4692197,5159123,10380341248,37410205696
2025-05-14 06:49:10,44.224,4.290,0,0,69.90,30555.81,32068.02,56,4692398,5159324,10380341248,37410205696
2025-05-14 06:49:11,42.945,3.956,0,0,59.90,30555.81,32068.02,56,4692599,5159525,10380341248,37410205696
2025-05-14 06:49:11,38.624,3.921,0,28672,89.80,30555.81,32068.02,56,4692804,5159732,10380341248,37410234368
2025-05-14 06:49:11,37.809,3.869,0,0,59.90,30555.81,32068.02,56,4693005,5159933,10380341248,37410234368
2025-05-14 06:49:11,39.524,3.773,0,0,49.90,30555.81,32068.02,56,4693207,5160135,10380341248,37410234368
2025-05-14 06:49:11,41.977,3.799,0,0,59.90,30555.81,32068.02,56,4693408,5160336,10380341248,37410234368
2025-05-14 06:49:12,41.840,3.931,0,0,229.60,30555.81,32068.02,56,4693597,5160525,10380341248,37410234368
2025-05-14 06:49:12,46.659,4.352,0,0,179.70,30555.81,32068.02,56,4693799,5160727,10380341248,37410234368
2025-05-14 06:49:12,44.047,4.182,0,0,169.70,30555.81,32068.02,56,4694000,5160928,10380341248,37410234368
2025-05-14 06:49:12,43.768,4.044,0,0,149.70,30555.81,32068.02,56,4694196,5161124,10380341248,37410234368
2025-05-14 06:49:12,46.161,4.057,0,0,159.70,30555.81,32068.02,56,4694398,5161326,10380341248,37410234368
2025-05-14 06:49:13,42.686,3.922,0,0,179.70,30555.81,32068.02,56,4694599,5161527,10380341248,37410234368
2025-05-14 06:49:13,42.498,3.965,0,0,149.70,30555.81,32068.02,56,4694800,5161728,10380341248,37410234368
2025-05-14 06:49:13,42.404,3.909,0,0,169.70,30555.81,32068.02,56,4695001,5161929,10380341248,37410234368
2025-05-14 06:49:13,44.122,3.981,0,0,169.70,30555.81,32068.02,56,4695201,5162129,10380341248,37410234368
2025-05-14 06:49:13,42.389,3.876,0,0,159.70,30555.81,32068.02,56,4695403,5162331,10380341248,37410234368
2025-05-14 06:49:14,43.948,3.971,0,0,149.80,30555.81,32068.02,56,4695604,5162532,10380341248,37410234368
2025-05-14 06:49:14,40.592,3.911,0,0,159.70,30555.81,32068.02,56,4695805,5162733,10380341248,37410234368
2025-05-14 06:49:14,42.975,3.977,0,0,169.70,30555.81,32068.02,56,4696007,5162935,10380341248,37410234368
2025-05-14 06:49:14,45.816,4.130,0,0,149.70,30555.75,32012.00,49,4696203,5163131,10380341248,37410234368
2025-05-14 06:49:14,45.240,3.979,0,0,169.70,30555.75,32012.00,49,4696405,5163333,10380341248,37410234368
2025-05-14 06:49:15,40.210,3.966,0,0,49.90,30555.75,32012.00,49,4696603,5163531,10380341248,37410234368
2025-05-14 06:49:15,39.500,3.935,0,0,149.70,30555.75,32012.00,49,4696804,5163732,10380341248,37410234368
2025-05-14 06:49:15,43.211,4.338,0,0,159.70,30555.76,31963.97,43,4697006,5163934,10380341248,37410234368
2025-05-14 06:49:15,44.771,4.143,0,0,149.70,30555.76,31963.97,43,4697197,5164125,10380341248,37410234368
2025-05-14 06:49:16,45.386,3.869,0,0,159.70,30555.76,31963.97,43,4697398,5164326,10380341248,37410234368
2025-05-14 06:49:16,42.081,4.009,0,0,99.80,30555.76,31915.95,37,4697599,5164527,10380341248,37410234368
2025-05-14 06:49:16,39.319,3.871,0,0,189.70,30555.78,31867.93,31,4697809,5164740,10380341248,37410246656
2025-05-14 06:49:16,43.787,4.386,0,12288,399.20,30555.74,31819.90,25,4698008,5164939,10380341248,37410246656
2025-05-14 06:49:16,48.275,4.738,0,0,459.10,30555.74,31819.90,25,4698205,5165136,10380341248,37410246656
2025-05-14 06:49:17,49.235,4.962,0,0,469.10,30555.74,31819.90,25,4698405,5165336,10380341248,37410246656
2025-05-14 06:49:17,50.123,5.000,0,0,359.40,30555.74,31819.90,25,4698609,5165540,10380341248,37410246656
2025-05-14 06:49:17,47.605,4.690,0,0,119.80,30555.74,31819.90,25,4698807,5165738,10380341248,37410246656
2025-05-14 06:49:17,42.265,4.085,0,0,69.90,30555.74,31819.90,25,4699008,5165939,10380341248,37410246656
2025-05-14 06:49:17,42.856,3.846,0,0,39.90,30555.74,31819.90,25,4699208,5166139,10380341248,37410246656
2025-05-14 06:49:18,42.205,3.846,0,0,79.90,30555.74,31819.90,25,4699410,5166341,10380341248,37410246656
2025-05-14 06:49:18,42.855,4.186,0,0,149.70,30555.74,31819.90,25,4699611,5166542,10380341248,37410246656
2025-05-14 06:49:18,44.378,4.175,0,0,159.70,30555.72,31811.90,24,4699808,5166739,10380341248,37410246656
2025-05-14 06:49:18,43.212,4.097,0,0,159.70,30555.69,31779.88,20,4700009,5166940,10380341248,37410246656
2025-05-14 06:49:18,44.344,3.949,0,0,149.70,30555.69,31779.88,20,4700207,5167138,10380341248,37410246656
2025-05-14 06:49:19,44.208,3.963,0,0,159.70,30555.69,31779.88,20,4700408,5167339,10380341248,37410246656
2025-05-14 06:49:19,38.692,4.010,0,0,159.70,30555.69,31779.88,20,4700609,5167540,10380341248,37410246656
2025-05-14 06:49:19,41.605,4.024,0,0,119.80,30555.69,31779.88,20,4700810,5167742,10380341248,37410246656
2025-05-14 06:49:19,42.906,3.974,0,0,149.70,30555.69,31779.88,20,4701012,5167943,10380341248,37410246656
2025-05-14 06:49:19,42.930,4.071,0,0,39.90,30555.65,31755.87,17,4701212,5168143,10380341248,37410246656
2025-05-14 06:49:20,41.699,3.817,0,0,99.80,30555.65,31755.87,17,4701413,5168344,10380341248,37410246656
2025-05-14 06:49:20,41.074,3.820,0,0,49.90,30555.65,31755.87,17,4701615,5168546,10380341248,37410246656
2025-05-14 06:49:20,36.923,3.760,0,0,69.90,30555.65,31755.87,17,4701816,5168747,10380341248,37410246656
2025-05-14 06:49:20,37.298,3.797,0,0,59.90,30555.65,31755.87,17,4702020,5168951,10380341248,37410246656
2025-05-14 06:49:20,39.942,3.833,0,0,69.90,30555.65,31755.87,17,4702221,5169152,10380341248,37410246656
2025-05-14 06:49:21,36.902,3.776,0,0,49.90,30555.65,31755.87,17,4702422,5169353,10380341248,37410246656
2025-05-14 06:49:21,38.350,3.754,0,0,69.90,30555.63,31739.86,15,4702623,5169554,10380341248,37410246656
2025-05-14 06:49:21,37.428,3.753,0,0,59.90,30555.63,31739.86,15,4702825,5169756,10380341248,37410246656
2025-05-14 06:49:21,37.374,3.774,0,0,69.90,30555.63,31739.86,15,4703026,5169957,10380341248,37410246656
2025-05-14 06:49:21,39.899,3.693,0,0,59.90,30555.63,31739.86,15,4703227,5170158,10380341248,37410246656
2025-05-14 06:49:22,39.144,3.750,0,0,39.90,30555.63,31739.86,15,4703428,5170359,10380341248,37410246656
2025-05-14 06:49:22,41.301,3.833,0,0,69.90,30555.63,31739.86,15,4703630,5170561,10380341248,37410246656
2025-05-14 06:49:22,40.019,3.890,0,0,59.90,30555.63,31739.86,15,4703831,5170762,10380341248,37410246656
2025-05-14 06:49:22,40.074,3.856,0,0,59.90,30555.63,31739.86,15,4704031,5170962,10380341248,37410246656
2025-05-14 06:49:22,43.024,3.665,0,0,59.90,30555.63,31739.86,15,4704232,5171163,10380341248,37410246656
2025-05-14 06:49:23,38.661,3.721,0,0,59.90,30555.63,31739.86,15,4704433,5171364,10380341248,37410246656
2025-05-14 06:49:23,39.100,3.792,0,0,59.90,30555.63,31739.86,15,4704634,5171565,10380341248,37410246656
2025-05-14 06:49:23,40.583,3.786,0,0,49.90,30555.63,31739.86,15,4704835,5171766,10380341248,37410246656
2025-05-14 06:49:23,40.580,3.839,0,0,59.90,30555.63,31739.86,15,4705034,5171965,10380341248,37410246656
2025-05-14 06:49:23,44.707,3.981,0,0,449.20,30555.63,31739.86,15,4705421,5172395,10380341248,37412163584
2025-05-14 06:49:24,48.217,5.204,0,2433024,499.00,30555.63,31739.86,15,4705841,5172762,10380341248,37412810752
2025-05-14 06:49:24,46.860,5.398,0,245760,479.10,30555.63,31739.86,15,4706089,5173021,10380341248,37413216256
2025-05-14 06:49:24,45.692,5.024,0,356352,449.20,30555.63,31739.86,15,4706286,5173219,10380341248,37413281792
2025-05-14 06:49:24,45.892,4.745,0,0,429.30,30555.63,31739.86,15,4706484,5173417,10380341248,37413281792
2025-05-14 06:49:24,47.587,4.548,0,0,359.30,30555.63,31739.86,15,4706683,5173616,10380341248,37413281792
2025-05-14 06:49:25,47.291,4.957,0,0,429.20,30555.63,31739.86,15,4706883,5173816,10380341248,37413281792
2025-05-14 06:49:25,44.815,4.871,0,4096,459.20,30555.63,31739.86,15,4707092,5174027,10380341248,37413351424
2025-05-14 06:49:25,45.142,4.648,0,65536,399.30,30555.63,31739.86,15,4707293,5174228,10380341248,37413351424
2025-05-14 06:49:25,45.844,4.276,0,0,399.30,30555.63,31739.86,15,4707494,5174429,10380341248,37413351424
2025-05-14 06:49:25,46.400,4.034,0,0,399.30,30555.63,31739.86,15,4707695,5174630,10380341248,37413351424
2025-05-14 06:49:26,45.183,4.332,0,0,389.30,30555.63,31739.86,15,4707904,5174842,10380341248,37413425152
2025-05-14 06:49:26,44.650,4.845,0,536576,339.40,30555.63,31739.86,15,4708113,5175057,10380341248,37413888000
2025-05-14 06:49:26,45.413,4.749,0,0,359.40,30555.63,31739.86,15,4708320,5175266,10380341248,37413957632
2025-05-14 06:49:26,45.004,4.423,0,69632,379.40,30555.63,31739.86,15,4708521,5175467,10380341248,37413957632
2025-05-14 06:49:26,45.680,4.636,0,0,369.40,30555.63,31739.86,15,4708717,5175663,10380341248,37413957632
2025-05-14 06:49:27,43.829,4.770,0,73728,429.30,30555.63,31739.86,15,4708921,5175869,10380341248,37414031360
2025-05-14 06:49:27,45.278,4.812,0,73728,349.40,30555.63,31739.86,15,4709132,5176084,10380341248,37414170624
2025-05-14 06:49:27,44.764,4.816,0,65536,489.10,30555.63,31739.86,15,4709354,5176311,10380341248,37414342656
2025-05-14 06:49:27,47.549,4.910,0,245760,359.40,30555.63,31739.86,15,4709583,5176548,10380341248,37414612992
2025-05-14 06:49:27,48.194,4.723,0,425984,369.40,30555.63,31739.86,15,4709813,5176792,10380341248,37414989824
2025-05-14 06:49:28,45.911,5.076,0,6275072,429.20,30555.62,31867.93,35,4710626,5178071,10380341248,37421182976
2025-05-14 06:49:28,46.088,4.540,0,65536,409.30,30555.62,31867.93,35,4710828,5178273,10380341248,37421182976
2025-05-14 06:49:28,46.613,4.869,0,0,409.30,30555.62,31867.93,35,4711034,5178479,10380341248,37421187072
2025-05-14 06:49:28,45.737,4.553,0,135168,479.10,30555.62,31867.93,35,4711236,5178682,10380341248,37421318144
2025-05-14 06:49:28,46.160,4.512,0,0,389.40,30555.62,31867.93,35,4711452,5178903,10380341248,37421649920
2025-05-14 06:49:29,45.108,4.557,0,471040,339.40,30555.62,31867.93,35,4711668,5179123,10380341248,37421854720
2025-05-14 06:49:29,43.744,4.611,0,65536,389.30,30555.62,31867.93,35,4711878,5179334,10380341248,37421858816
2025-05-14 06:49:29,44.806,4.638,0,69632,419.20,30555.62,31867.93,35,4712081,5179538,10380341248,37421924352
2025-05-14 06:49:29,44.262,4.772,0,135168,359.40,30555.62,31867.93,35,4712289,5179748,10380341248,37422059520
2025-05-14 06:49:29,45.524,4.599,0,0,409.20,30555.62,31867.93,35,4712493,5179953,10380341248,37422067712
2025-05-14 06:49:30,45.297,4.563,0,139264,299.50,30555.62,31867.93,35,4712700,5180161,10380341248,37422198784
2025-05-14 06:49:30,44.931,4.476,0,69632,359.40,30555.62,31867.93,35,4712910,5180372,10380341248,37422268416
2025-05-14 06:49:30,45.474,4.533,0,36864,289.50,30555.62,31867.93,35,4713129,5180600,10380341248,37422305280
2025-05-14 06:49:30,45.067,4.533,0,0,359.30,30555.62,31867.93,35,4713329,5180800,10380341248,37422305280
2025-05-14 06:49:30,45.444,4.759,0,0,309.50,30555.62,31867.93,35,4713534,5181005,10380341248,37422305280
2025-05-14 06:49:31,44.625,4.694,0,0,299.50,30555.62,31867.93,35,4713735,5181206,10380341248,37422305280
2025-05-14 06:49:31,44.954,4.506,0,0,329.50,30555.62,31867.93,35,4713936,5181407,10380341248,37422305280
2025-05-14 06:49:31,44.758,4.526,0,0,339.50,30555.62,31867.93,35,4714143,5181616,10380341248,37422374912
2025-05-14 06:49:31,45.204,4.644,0,69632,419.30,30555.62,31867.93,35,4714344,5181817,10380341248,37422374912
2025-05-14 06:49:31,45.887,4.640,0,0,359.50,30555.62,31867.93,35,4714545,5182018,10380341248,37422374912
2025-05-14 06:49:32,45.487,4.691,0,0,309.50,30555.62,31867.93,35,4714746,5182219,10380341248,37422374912
2025-05-14 06:49:32,43.874,4.697,0,0,319.50,30555.62,31867.93,35,4714947,5182420,10380341248,37422374912
2025-05-14 06:49:32,44.261,4.686,0,0,299.50,30555.62,31867.93,35,4715147,5182620,10380341248,37422374912
2025-05-14 06:49:32,45.045,4.590,0,0,299.50,30555.62,31867.93,35,4715348,5182821,10380341248,37422374912
2025-05-14 06:49:32,44.825,4.487,0,0,289.50,30555.62,31867.93,35,4715549,5183022,10380341248,37422374912
2025-05-14 06:49:33,45.256,4.444,0,0,249.60,30555.62,31867.93,35,4715752,5183226,10380341248,37422387200
2025-05-14 06:49:33,44.955,4.437,0,12288,289.40,30555.62,31867.93,35,4715953,5183427,10380341248,37422387200
2025-05-14 06:49:33,45.122,4.458,0,0,349.40,30555.62,31867.93,35,4716154,5183628,10380341248,37422387200
2025-05-14 06:49:33,45.240,4.453,0,0,359.30,30555.62,31867.93,35,4716356,5183830,10380341248,37422387200
2025-05-14 06:49:33,45.163,4.580,0,0,169.70,30555.62,31867.93,35,4716557,5184031,10380341248,37422387200
2025-05-14 06:49:34,41.487,3.910,0,0,159.70,30555.62,31867.93,35,4716758,5184232,10380341248,37422387200
2025-05-14 06:49:34,42.260,3.815,0,0,129.80,30555.62,31867.93,35,4716965,5184441,10380341248,37422399488
2025-05-14 06:49:34,39.588,3.745,0,12288,69.90,30555.62,31867.93,35,4717166,5184642,10380341248,37422399488
2025-05-14 06:49:34,36.806,3.710,0,0,49.90,30555.62,31867.93,35,4717367,5184843,10380341248,37422399488
2025-05-14 06:49:34,38.822,3.730,0,0,49.90,30555.62,31867.93,35,4717568,5185044,10380341248,37422399488
2025-05-14 06:49:35,39.723,3.758,0,0,49.90,30555.62,31867.93,35,4717769,5185245,10380341248,37422399488
2025-05-14 06:49:35,39.247,3.748,0,0,59.90,30555.62,31867.93,35,4717971,5185447,10380341248,37422399488
2025-05-14 06:49:35,39.676,3.868,0,0,159.70,30555.62,31867.93,35,4718172,5185649,10380341248,37422411776
2025-05-14 06:49:35,42.603,3.891,0,12288,159.70,30555.62,31867.93,35,4718373,5185850,10380341248,37422411776
2025-05-14 06:49:35,43.696,3.906,0,0,169.70,30555.62,31867.93,35,4718574,5186051,10380341248,37422411776
2025-05-14 06:49:36,41.485,3.860,0,0,49.90,30555.62,31867.93,35,4718775,5186252,10380341248,37422411776
2025-05-14 06:49:36,37.473,3.733,0,0,59.90,30555.62,31867.93,35,4718977,5186454,10380341248,37422411776
2025-05-14 06:49:36,38.972,3.705,0,0,49.90,30555.62,31867.93,35,4719178,5186655,10380341248,37422411776
2025-05-14 06:49:36,40.317,3.845,32768,0,89.80,30555.62,31867.93,35,4719395,5186869,10380374016,37422411776
2025-05-14 06:49:36,45.566,4.342,8192,1318912,279.50,30555.62,31867.93,35,4719671,5187172,10380382208,37423730688
2025-05-14 06:49:37,45.520,4.623,0,0,299.50,30555.62,31867.93,35,4719869,5187370,10380382208,37423730688
2025-05-14 06:49:37,45.585,4.693,0,0,279.50,30555.62,31867.93,35,4720070,5187571,10380382208,37423730688
2025-05-14 06:49:37,45.574,4.623,0,0,279.50,30555.62,31867.93,35,4720270,5187771,10380382208,37423730688
2025-05-14 06:49:37,45.842,4.643,0,0,229.60,30555.62,31867.93,35,4720469,5187970,10380382208,37423730688
2025-05-14 06:49:37,48.695,4.725,0,0,289.50,30555.62,31867.93,35,4720658,5188159,10380382208,37423730688
2025-05-14 06:49:38,47.321,4.903,0,0,379.40,30555.62,31867.93,35,4720844,5188345,10380382208,37423730688
2025-05-14 06:49:38,46.290,4.741,0,86016,349.40,30555.62,31867.93,35,4721069,5188579,10380382208,37423902720
2025-05-14 06:49:38,45.649,4.716,0,217088,339.30,30555.62,31867.93,35,4721273,5188784,10380382208,37424033792
2025-05-14 06:49:38,45.199,4.641,0,0,279.50,30555.62,31867.93,35,4721473,5188984,10380382208,37424033792
2025-05-14 06:49:38,46.307,4.574,0,0,279.50,30555.62,31867.93,35,4721675,5189186,10380382208,37424033792
2025-05-14 06:49:39,44.946,4.553,0,0,239.60,30555.62,31867.93,35,4721876,5189387,10380382208,37424033792
2025-05-14 06:49:39,43.340,4.609,0,0,289.50,30555.62,31867.93,35,4722079,5189591,10380382208,37424037888
2025-05-14 06:49:39,45.038,4.639,0,4096,279.50,30555.62,31867.93,35,4722280,5189792,10380382208,37424037888
2025-05-14 06:49:39,44.867,4.659,0,0,309.50,30555.62,31867.93,35,4722482,5189994,10380382208,37424037888
2025-05-14 06:49:39,45.088,4.528,0,0,319.50,30555.62,31867.93,35,4722683,5190195,10380382208,37424037888
2025-05-14 06:49:40,44.654,4.725,0,0,399.20,30555.62,31867.93,35,4722886,5190398,10380382208,37424037888
2025-05-14 06:49:40,47.655,4.788,0,0,339.40,30555.62,31867.93,35,4723087,5190599,10380382208,37424037888
2025-05-14 06:49:40,46.632,4.675,4096,118784,409.30,30555.62,31867.93,35,4723322,5190843,10380386304,37424205824
2025-05-14 06:49:40,46.149,4.694,0,212992,369.40,30555.62,31867.93,35,4723556,5191088,10380386304,37424394240
2025-05-14 06:49:40,45.673,4.548,0,118784,329.40,30555.62,31867.93,35,4723921,5191486,10380386304,37426270208
2025-05-14 06:49:41,44.515,4.625,0,1937408,349.40,30555.62,31867.93,35,4724151,5191725,10380386304,37426475008
2025-05-14 06:49:41,46.231,4.649,0,151552,409.30,30555.62,31867.93,35,4724397,5191985,10380386304,37426679808
2025-05-14 06:49:41,45.355,4.693,0,331776,299.50,30555.62,31867.93,35,4724619,5192216,10380386304,37426991104
2025-05-14 06:49:41,44.914,4.649,0,225280,339.50,30555.62,31867.93,35,4724852,5192461,10380386304,37427224576
2025-05-14 06:49:41,44.387,4.722,0,266240,329.40,30555.62,31867.93,35,4725078,5192695,10380386304,37427482624
2025-05-14 06:49:42,45.074,4.601,0,147456,369.30,30555.62,31867.93,35,4725282,5192900,10380386304,37427548160
2025-05-14 06:49:42,46.078,4.586,0,0,509.20,30555.62,31867.93,35,4725489,5193108,10380386304,37427552256
2025-05-14 06:49:42,47.346,4.335,0,16384,219.60,30555.62,31867.93,35,4725700,5193322,10380386304,37427630080
2025-05-14 06:49:42,44.869,4.351,0,65536,219.60,30555.62,31867.93,35,4725900,5193522,10380386304,37427630080
2025-05-14 06:49:42,45.069,4.521,0,0,229.60,30555.62,31867.93,35,4726105,5193730,10380386304,37427716096
2025-05-14 06:49:43,45.598,4.543,0,151552,209.70,30555.62,31867.93,35,4726312,5193939,10380386304,37427789824
2025-05-14 06:49:43,43.548,4.137,0,86016,189.70,30555.62,31867.93,35,4726531,5194164,10380386304,37427945472
2025-05-14 06:49:43,40.675,3.944,0,143360,169.70,30555.62,31867.93,35,4726736,5194370,10380386304,37428011008
2025-05-14 06:49:43,41.987,3.963,0,0,159.70,30555.62,31867.93,35,4726937,5194571,10380386304,37428011008
2025-05-14 06:49:43,41.957,3.892,0,0,79.90,30555.62,31867.93,35,4727138,5194772,10380386304,37428011008
2025-05-14 06:49:44,39.724,3.727,0,0,59.90,30555.62,31867.93,35,4727340,5194974,10380386304,37428011008
2025-05-14 06:49:44,38.292,3.683,0,0,69.90,30555.62,31867.93,35,4727541,5195175,10380386304,37428011008
2025-05-14 06:49:44,38.264,3.750,0,0,159.70,30555.62,31867.93,35,4727751,5195388,10380386304,37428031488
2025-05-14 06:49:44,42.856,3.841,0,20480,159.70,30555.62,31867.93,35,4727951,5195588,10380386304,37428031488
2025-05-14 06:49:44,42.471,3.875,0,0,159.70,30555.62,31867.93,35,4728153,5195790,10380386304,37428031488
2025-05-14 06:49:45,42.722,3.850,0,0,59.90,30555.62,31867.93,35,4728354,5195991,10380386304,37428031488
2025-05-14 06:49:45,37.628,3.754,0,0,69.90,30555.62,31867.93,35,4728555,5196192,10380386304,37428031488
2025-05-14 06:49:45,37.504,3.649,0,0,59.90,30555.62,31867.93,35,4728757,5196394,10380386304,37428031488
2025-05-14 06:49:45,39.881,3.775,28672,0,99.80,30555.62,31867.93,35,4728964,5196599,10380414976,37428031488
2025-05-14 06:49:45,43.647,4.157,53248,2043904,69.90,30555.62,31867.93,35,4729389,5197062,10380468224,37430198272
2025-05-14 06:49:46,40.212,3.905,0,122880,179.60,30555.62,31867.93,35,4729600,5197276,10380468224,37430226944
2025-05-14 06:49:46,44.839,4.309,0,266240,439.20,30555.62,31867.93,35,4729835,5197524,10380468224,37430575104
2025-05-14 06:49:46,47.102,4.746,0,212992,299.50,30555.62,31867.93,35,4730060,5197757,10380468224,37430767616
2025-05-14 06:49:46,45.814,4.711,0,172032,359.30,30555.62,31867.93,35,4730285,5197990,10380468224,37430951936
2025-05-14 06:49:46,45.873,4.987,0,200704,339.30,30555.62,31867.93,35,4730520,5198235,10380468224,37431132160
2025-05-14 06:49:47,44.459,4.783,0,180224,349.40,30555.62,31867.93,35,4730747,5198470,10380468224,37431398400
2025-05-14 06:49:47,45.475,4.532,0,270336,379.40,30555.67,31867.93,35,4730971,5198703,10380468224,37431549952
2025-05-14 06:49:47,45.659,4.669,0,204800,339.40,30555.67,31867.93,35,4731222,5198969,10380468224,37431808000
2025-05-14 06:49:47,45.415,4.594,0,249856,339.40,30555.67,31867.93,35,4731453,5199211,10380468224,37432020992
2025-05-14 06:49:48,44.570,4.501,0,65536,319.50,30555.67,31867.93,35,4731655,5199412,10380468224,37432020992
2025-05-14 06:49:48,44.189,4.581,0,0,299.40,30555.67,31867.93,35,4731856,5199613,10380468224,37432020992
2025-05-14 06:49:48,45.655,4.389,0,4096,299.40,30555.67,31867.93,35,4732063,5199822,10380468224,37432090624
2025-05-14 06:49:48,43.597,4.411,0,81920,229.60,30555.67,31867.93,35,4732275,5200038,10380468224,37432172544
2025-05-14 06:49:48,43.999,4.286,0,65536,199.70,30555.67,31867.93,35,4732477,5200240,10380468224,37432172544
2025-05-14 06:49:49,42.890,4.267,0,0,219.60,30555.67,31867.93,35,4732678,5200441,10380468224,37432172544
2025-05-14 06:49:49,44.460,4.417,0,0,289.50,30555.67,31867.93,35,4732878,5200641,10380468224,37432172544
2025-05-14 06:49:49,48.196,4.913,0,0,429.20,30555.67,31867.93,35,4733079,5200842,10380468224,37432172544
2025-05-14 06:49:49,47.735,4.901,0,0,509.10,30555.67,31867.93,35,4733302,5201073,10380468224,37432266752
2025-05-14 06:49:49,50.020,5.177,0,94208,519.10,30555.67,31867.93,35,4733504,5201276,10380468224,37432266752
2025-05-14 06:49:50,50.961,5.263,0,28672,249.60,30555.67,31867.93,35,4733722,5201500,10380468224,37432360960
2025-05-14 06:49:50,45.932,4.514,0,65536,169.70,30555.67,31867.93,35,4733921,5201699,10380468224,37432360960
2025-05-14 06:49:50,41.781,4.070,0,0,59.90,30555.67,31867.93,35,4734124,5201902,10380468224,37432360960
2025-05-14 06:49:50,41.597,3.876,0,0,49.90,30555.67,31867.93,35,4734324,5202102,10380468224,37432360960
2025-05-14 06:49:50,42.628,3.849,0,0,79.90,30555.67,31867.93,35,4734525,5202303,10380468224,37432360960
2025-05-14 06:49:51,42.838,4.092,0,0,149.80,30555.67,31867.93,35,4734727,5202505,10380468224,37432360960
2025-05-14 06:49:51,43.678,4.158,0,0,219.60,30555.67,31867.93,35,4734928,5202706,10380468224,37432360960
2025-05-14 06:49:51,43.636,4.171,0,0,149.70,30555.67,31867.93,35,4735129,5202907,10380468224,37432360960
2025-05-14 06:49:51,41.894,3.828,0,0,159.70,30555.67,31867.93,35,4735330,5203108,10380468224,37432360960
2025-05-14 06:49:51,44.648,4.003,0,0,159.70,30555.67,31867.93,35,4735531,5203309,10380468224,37432360960
2025-05-14 06:49:52,42.895,3.895,0,0,149.70,30555.67,31867.93,35,4735723,5203501,10380468224,37432360960
2025-05-14 06:49:52,42.373,3.944,0,0,129.80,30555.67,31867.93,35,4735924,5203702,10380468224,37432360960
2025-05-14 06:49:52,40.035,3.989,0,0,139.70,30555.67,31867.93,35,4736125,5203903,10380468224,37432360960
2025-05-14 06:49:52,42.479,4.029,0,0,69.90,30555.67,31867.93,35,4736326,5204104,10380468224,37432360960
2025-05-14 06:49:52,41.805,3.909,0,0,69.90,30555.67,31867.93,35,4736526,5204304,10380468224,37432360960
2025-05-14 06:49:53,37.575,3.778,0,0,69.90,30555.67,31867.93,35,4736727,5204505,10380468224,37432360960
2025-05-14 06:49:53,36.810,3.736,0,0,69.90,30555.67,31867.93,35,4736928,5204706,10380468224,37432360960
2025-05-14 06:49:53,37.507,3.776,0,0,49.90,30555.67,31867.93,35,4737129,5204907,10380468224,37432360960
2025-05-14 06:49:53,36.854,3.730,0,0,79.90,30555.67,31867.93,35,4737330,5205108,10380468224,37432360960
2025-05-14 06:49:53,37.462,3.770,0,0,69.90,30555.67,31867.93,35,4737532,5205310,10380468224,37432360960
2025-05-14 06:49:54,37.358,3.785,0,0,69.90,30555.67,31867.93,35,4737733,5205511,10380468224,37432360960
2025-05-14 06:49:54,37.129,3.782,0,0,69.90,30555.67,31867.93,35,4737934,5205712,10380468224,37432360960
2025-05-14 06:49:54,38.115,3.721,0,0,59.90,30555.67,31867.93,35,4738135,5205913,10380468224,37432360960
2025-05-14 06:49:54,39.449,3.706,0,0,49.90,30555.67,31867.93,35,4738338,5206116,10380468224,37432360960
2025-05-14 06:49:54,39.636,3.793,0,4096,49.90,30555.67,31867.93,35,4738543,5206322,10380468224,37432365056
2025-05-14 06:49:55,38.768,3.809,0,0,59.90,30555.67,31867.93,35,4738744,5206523,10380468224,37432365056
2025-05-14 06:49:55,39.501,3.858,0,0,49.90,30555.67,31867.93,35,4738945,5206724,10380468224,37432365056
2025-05-14 06:49:55,38.398,3.742,0,0,59.90,30555.67,31867.93,35,4739146,5206925,10380468224,37432365056
2025-05-14 06:49:55,37.945,3.734,0,0,49.90,30555.67,31867.93,35,4739347,5207126,10380468224,37432365056
2025-05-14 06:49:55,43.709,3.764,0,0,69.90,30555.67,31867.93,35,4739549,5207328,10380468224,37432365056
2025-05-14 06:49:56,41.348,3.781,0,0,59.90,30555.67,31867.93,35,4739749,5207528,10380468224,37432365056
2025-05-14 06:49:56,39.232,3.788,0,0,69.90,30555.67,31867.93,35,4739950,5207729,10380468224,37432365056
2025-05-14 06:49:56,40.348,3.867,0,0,429.20,30555.67,31867.93,35,4740236,5208311,10380468224,37435301888
2025-05-14 06:49:56,47.893,5.218,0,3518464,439.20,30555.67,31867.93,35,4740780,5208789,10380468224,37436018688
2025-05-14 06:49:56,47.808,4.859,0,258048,429.30,30555.67,31867.93,35,4741011,5209032,10380468224,37436280832
2025-05-14 06:49:57,46.446,4.388,0,139264,389.30,30555.67,31867.93,35,4741212,5209233,10380468224,37436280832
2025-05-14 06:49:57,46.214,4.491,0,0,399.30,30555.67,31867.93,35,4741415,5209437,10380468224,37436280832
2025-05-14 06:49:57,46.493,4.462,0,0,389.30,30555.67,31867.93,35,4741617,5209638,10380468224,37436280832
2025-05-14 06:49:57,45.955,4.883,0,69632,259.50,30555.67,31867.93,35,4741822,5209845,10380468224,37436350464
2025-05-14 06:49:57,46.010,4.313,0,0,309.40,30555.67,31867.93,35,4742028,5210051,10380468224,37436350464
2025-05-14 06:49:58,47.084,4.548,0,0,399.30,30555.67,31867.93,35,4742235,5210258,10380468224,37436350464
2025-05-14 06:49:58,45.483,4.674,0,0,399.10,30555.67,31867.93,35,4742436,5210459,10380468224,37436350464
2025-05-14 06:49:58,44.988,4.504,0,0,459.20,30555.67,31867.93,35,4742637,5210660,10380468224,37436350464
2025-05-14 06:49:58,46.104,4.596,0,0,439.30,30555.67,31867.93,35,4742835,5210858,10380468224,37436350464
2025-05-14 06:49:58,45.730,4.432,0,0,379.30,30555.67,31867.93,35,4743036,5211059,10380468224,37436350464
2025-05-14 06:49:59,44.217,4.392,0,0,369.40,30555.67,31867.93,35,4743237,5211260,10380468224,37436350464
2025-05-14 06:49:59,45.771,4.529,0,77824,409.30,30555.67,31867.93,35,4743456,5211484,10380468224,37436563456
2025-05-14 06:49:59,45.842,4.937,0,135168,419.30,30555.67,31867.93,35,4743660,5211689,10380468224,37436567552
2025-05-14 06:49:59,45.632,4.840,0,69632,279.50,30555.67,31867.93,35,4743860,5211890,10380468224,37436633088
2025-05-14 06:49:59,45.475,4.717,0,155648,399.20,30555.67,31867.93,35,4744075,5212115,10380468224,37436870656
2025-05-14 06:50:00,47.409,4.766,0,159744,429.30,30555.67,31867.93,35,4744303,5212353,10380468224,37437046784
2025-05-14 06:50:00,46.820,4.974,0,237568,439.30,30555.67,31867.93,35,4744570,5212643,10380468224,37438488576
2025-05-14 06:50:00,45.512,4.673,0,1302528,399.40,30555.67,31867.93,35,4744771,5212844,10380468224,37438488576
2025-05-14 06:50:00,45.650,4.278,0,0,389.40,30555.67,31867.93,35,4744975,5213048,10380468224,37438488576
2025-05-14 06:50:00,46.294,4.469,0,0,459.20,30555.67,31867.93,35,4745551,5213777,10380468224,37441155072
2025-05-14 06:50:01,46.062,4.630,0,6180864,469.10,30555.67,31867.93,35,4746021,5214539,10380468224,37444677632
2025-05-14 06:50:01,45.473,4.670,0,8192,339.50,30555.67,31867.93,35,4746228,5214746,10380468224,37444677632
2025-05-14 06:50:01,45.089,4.260,0,0,389.40,30555.67,31867.93,35,4746429,5214947,10380468224,37444677632
2025-05-14 06:50:01,44.976,4.599,0,0,419.30,30555.67,31867.93,35,4746636,5215156,10380468224,37444685824
2025-05-14 06:50:01,45.182,5.069,0,16384,419.20,30555.67,31867.93,35,4746844,5215367,10380468224,37444702208
2025-05-14 06:50:02,45.102,4.747,0,57344,389.40,30555.67,31867.93,35,4747048,5215572,10380468224,37444751360
2025-05-14 06:50:02,43.032,4.618,0,0,339.40,30555.67,31867.93,35,4747252,5215777,10380468224,37444755456
2025-05-14 06:50:02,45.025,4.693,0,73728,359.30,30555.67,31867.93,35,4747461,5215989,10380468224,37444890624
2025-05-14 06:50:02,44.011,4.591,0,65536,439.20,30555.67,31867.93,35,4747661,5216189,10380468224,37444890624
2025-05-14 06:50:02,44.861,4.893,0,0,259.60,30555.67,31867.93,35,4747862,5216390,10380468224,37444890624
2025-05-14 06:50:03,43.222,4.757,0,0,299.50,30555.67,31867.93,35,4748064,5216592,10380468224,37444890624
2025-05-14 06:50:03,44.166,4.513,0,0,309.40,30555.67,31867.93,35,4748265,5216793,10380468224,37444890624
2025-05-14 06:50:03,44.880,4.497,0,0,269.50,30555.67,31867.93,35,4748471,5216999,10380468224,37444890624
2025-05-14 06:50:03,44.643,4.574,0,0,279.60,30555.67,31867.93,35,4748672,5217200,10380468224,37444890624
2025-05-14 06:50:03,44.010,4.512,0,0,329.50,30555.67,31867.93,35,4748878,5217407,10380468224,37444894720
2025-05-14 06:50:04,44.476,4.530,0,73728,279.50,30555.67,31867.93,35,4749089,5217621,10380468224,37445095424
2025-05-14 06:50:04,45.528,4.684,0,131072,319.40,30555.67,31867.93,35,4749290,5217822,10380468224,37445095424
2025-05-14 06:50:04,44.794,4.666,0,0,309.40,30555.67,31867.93,35,4749491,5218023,10380468224,37445095424
2025-05-14 06:50:04,45.766,4.739,0,0,279.60,30555.67,31867.93,35,4749687,5218219,10380468224,37445095424
2025-05-14 06:50:04,44.777,4.585,0,0,279.50,30555.67,31867.93,35,4749889,5218421,10380468224,37445095424
2025-05-14 06:50:05,45.711,4.693,0,0,259.50,30555.67,31867.93,35,4750082,5218614,10380468224,37445095424
2025-05-14 06:50:05,44.646,4.508,0,0,309.50,30555.67,31867.93,35,4750283,5218815,10380468224,37445095424
2025-05-14 06:50:05,45.842,4.662,0,0,249.60,30555.67,31867.93,35,4750484,5219016,10380468224,37445095424
2025-05-14 06:50:05,44.366,4.673,0,0,269.50,30555.67,31867.93,35,4750677,5219209,10380468224,37445095424
2025-05-14 06:50:05,48.243,4.776,0,0,299.40,30555.67,31867.93,35,4750877,5219409,10380468224,37445095424
2025-05-14 06:50:06,46.835,4.711,0,0,389.20,30555.67,31867.93,35,4751082,5219614,10380468224,37445095424
2025-05-14 06:50:06,47.967,4.763,0,0,409.20,30555.67,31867.93,35,4751288,5219820,10380468224,37445095424
2025-05-14 06:50:06,47.933,4.760,0,0,369.30,30555.67,31867.93,35,4751489,5220021,10380468224,37445095424
2025-05-14 06:50:06,44.669,4.442,0,0,59.90,30555.67,31867.93,35,4751687,5220219,10380468224,37445095424
2025-05-14 06:50:06,45.238,3.918,0,1396736,89.80,30555.67,31867.93,35,4751971,5220544,10380468224,37446631424
2025-05-14 06:50:07,41.218,3.847,0,204800,79.90,30555.67,31867.93,35,4752175,5220749,10380468224,37446696960
2025-05-14 06:50:07,36.484,3.739,0,0,79.90,30555.67,31867.93,35,4752377,5220951,10380468224,37446696960
2025-05-14 06:50:07,36.405,3.722,0,0,79.90,30555.67,31867.93,35,4752577,5221151,10380468224,37446696960
2025-05-14 06:50:07,36.747,3.729,0,0,69.90,30555.67,31867.93,35,4752778,5221352,10380468224,37446696960
2025-05-14 06:50:07,37.022,3.764,0,0,49.90,30555.67,31867.93,35,4752979,5221554,10380468224,37446696960
2025-05-14 06:50:08,38.920,3.706,0,57344,69.90,30555.67,31867.93,35,4753191,5221775,10380468224,37446754304
2025-05-14 06:50:08,38.047,3.780,36864,0,149.70,30555.67,31867.93,35,4753403,5221983,10380505088,37446754304
2025-05-14 06:50:08,44.482,4.208,49152,0,169.70,30555.67,31867.93,35,4753658,5222240,10380582912,37446873088
2025-05-14 06:50:08,42.363,4.242,196608,282624,169.70,30555.67,31867.93,35,4753929,5222521,10380783616,37447172096
2025-05-14 06:50:08,46.450,4.390,32768,458752,469.20,30555.67,31867.93,35,4754259,5222892,10380783616,37448028160
2025-05-14 06:50:09,49.374,5.237,0,1101824,499.20,30555.67,31867.93,35,4754615,5223306,10380783616,37448941568
2025-05-14 06:50:09,47.246,5.095,0,565248,369.40,30555.67,31867.93,35,4754906,5223626,10380783616,37449285632
2025-05-14 06:50:09,46.030,4.746,0,192512,399.20,30555.67,31867.93,35,4755143,5223875,10380783616,37449474048
2025-05-14 06:50:09,45.687,4.601,0,143360,309.50,30555.67,31867.93,35,4755361,5224102,10380783616,37449613312
2025-05-14 06:50:09,46.516,4.525,0,188416,339.40,30555.67,31867.93,35,4755577,5224323,10380783616,37449830400
2025-05-14 06:50:10,45.666,4.526,0,212992,289.50,30555.67,31867.93,35,4755783,5224532,10380783616,37450031104
2025-05-14 06:50:10,44.541,4.438,0,139264,339.40,30555.67,31867.93,35,4755993,5224744,10380783616,37450170368
2025-05-14 06:50:10,45.493,4.551,0,196608,379.30,30555.67,31867.93,35,4756230,5224993,10380783616,37450276864
2025-05-14 06:50:10,44.817,4.707,0,180224,339.40,30555.67,31867.93,35,4756472,5225249,10380783616,37450518528
2025-05-14 06:50:10,45.539,4.634,0,192512,359.40,30555.67,31867.93,35,4757186,5226122,10380783616,37455224832
2025-05-14 06:50:11,45.437,4.719,0,4689920,359.40,30555.67,31867.93,35,4757390,5226330,10380783616,37455306752
2025-05-14 06:50:11,45.530,4.525,0,81920,329.40,30555.67,31867.93,35,4757602,5226546,10380783616,37455446016
2025-05-14 06:50:11,45.182,4.551,0,65536,259.50,30555.67,31867.93,35,4757803,5226747,10380783616,37455446016
2025-05-14 06:50:11,45.089,4.551,0,0,259.50,30555.67,31867.93,35,4758009,5226955,10380783616,37455515648
2025-05-14 06:50:11,44.441,4.724,0,69632,309.40,30555.67,31867.93,35,4758204,5227150,10380783616,37455515648
2025-05-14 06:50:12,44.984,4.585,0,0,319.40,30555.67,31867.93,35,4758411,5227361,10380783616,37455613952
2025-05-14 06:50:12,45.517,4.664,0,167936,319.50,30555.67,31867.93,35,4758624,5227578,10380783616,37455753216
2025-05-14 06:50:12,45.469,4.634,0,98304,349.30,30555.67,31867.93,35,4758848,5227810,10380783616,37455847424
2025-05-14 06:50:12,44.116,4.674,0,131072,349.40,30555.67,31867.93,35,4759052,5228015,10380783616,37455912960
2025-05-14 06:50:12,45.392,4.570,0,69632,319.40,30555.67,31867.93,35,4759261,5228228,10380783616,37455986688
2025-05-14 06:50:13,44.959,4.560,0,69632,389.30,30555.67,31867.93,35,4759464,5228432,10380783616,37456052224
2025-05-14 06:50:13,45.201,4.710,0,0,299.50,30555.67,31867.93,35,4759671,5228641,10380783616,37456121856
2025-05-14 06:50:13,43.475,4.570,0,69632,359.40,30555.67,31867.93,35,4759877,5228847,10380783616,37456125952
2025-05-14 06:50:13,45.989,4.551,0,155648,399.30,30555.67,31867.93,35,4760113,5229096,10380783616,37456433152
2025-05-14 06:50:13,46.607,4.527,0,253952,359.30,30555.67,31867.93,35,4760307,5229297,10380783616,37456539648
2025-05-14 06:50:14,45.540,4.379,0,8192,329.50,30555.67,31867.93,35,4760504,5229494,10380783616,37456539648
2025-05-14 06:50:14,44.385,4.426,0,0,359.40,30555.67,31867.93,35,4760714,5229707,10380783616,37456592896
2025-05-14 06:50:14,45.678,4.460,0,151552,289.50,30555.67,31867.93,35,4760931,5229929,10380783616,37456707584
2025-05-14 06:50:14,45.128,4.379,0,16384,249.60,30555.67,31867.93,35,4761135,5230135,10380783616,37456752640
2025-05-14 06:50:14,44.356,4.397,0,49152,259.60,30555.67,31867.93,35,4761342,5230344,10380783616,37456773120
2025-05-14 06:50:15,44.123,4.412,0,16384,299.50,30555.67,31867.93,35,4761543,5230545,10380783616,37456773120
2025-05-14 06:50:15,45.147,4.405,0,0,309.50,30555.67,31867.93,35,4761956,5231014,10380783616,37459013632
2025-05-14 06:50:15,45.041,4.464,0,2306048,289.50,30555.67,31867.93,35,4762157,5231218,10380783616,37459079168
2025-05-14 06:50:15,44.935,4.460,0,0,299.50,30555.67,31867.93,35,4762359,5231419,10380783616,37459079168
2025-05-14 06:50:15,45.346,4.346,0,0,329.50,30555.67,31867.93,35,4762560,5231620,10380783616,37459079168
2025-05-14 06:50:16,44.839,4.480,0,122880,359.40,30555.67,31867.93,35,4762785,5231853,10380783616,37459288064
2025-05-14 06:50:16,43.784,4.638,0,172032,479.10,30555.67,31867.93,35,4763037,5232122,10380783616,37459550208
2025-05-14 06:50:16,47.688,4.973,0,352256,369.30,30555.67,31867.93,35,4763309,5232411,10380783616,37459947520
2025-05-14 06:50:16,46.944,5.327,0,794624,459.10,30555.67,31867.93,35,4763645,5232792,10380783616,37460766720
2025-05-14 06:50:16,45.973,5.122,0,630784,449.10,30555.67,31867.93,35,4763913,5233084,10380783616,37461241856
2025-05-14 06:50:17,46.473,5.021,0,163840,349.40,30555.67,31867.93,35,4764126,5233301,10380783616,37461397504
2025-05-14 06:50:17,45.554,4.926,0,258048,229.60,30555.67,31867.93,35,4764422,5233632,10380783616,37461876736
2025-05-14 06:50:17,46.890,4.697,0,954368,559.00,30555.67,31867.93,35,4764758,5234021,10380783616,37462761472
2025-05-14 06:50:17,49.749,5.085,0,356352,189.70,30555.67,31867.93,35,4764992,5234265,10380783616,37463019520
2025-05-14 06:50:17,41.997,3.935,0,135168,159.70,30555.67,31867.93,35,4765193,5234466,10380783616,37463019520
2025-05-14 06:50:18,42.685,3.946,0,0,199.60,30555.67,31867.93,35,4765394,5234667,10380783616,37463019520
2025-05-14 06:50:18,43.838,3.929,0,0,159.70,30555.67,31867.93,35,4765594,5234867,10380783616,37463019520
2025-05-14 06:50:18,43.027,3.885,0,0,59.90,30555.67,31867.93,35,4765795,5235068,10380783616,37463019520
2025-05-14 06:50:18,39.471,3.745,0,0,59.90,30555.67,31867.93,35,4765995,5235268,10380783616,37463019520
2025-05-14 06:50:18,37.941,3.697,0,0,109.80,30555.67,31867.93,35,4766197,5235470,10380783616,37463019520
2025-05-14 06:50:19,41.896,3.877,0,0,159.70,30555.67,31867.93,35,4766398,5235671,10380783616,37463019520
2025-05-14 06:50:19,44.179,3.916,0,0,169.70,30555.67,31867.93,35,4766599,5235872,10380783616,37463019520
2025-05-14 06:50:19,43.338,3.832,0,0,159.70,30555.67,31867.93,35,4766800,5236073,10380783616,37463019520
2025-05-14 06:50:19,42.187,3.782,0,0,69.90,30555.67,31867.93,35,4767002,5236275,10380783616,37463019520
2025-05-14 06:50:19,41.743,3.977,0,0,299.50,30555.67,31867.93,35,4767700,5237223,10380783616,37467734016
2025-05-14 06:50:20,44.632,4.336,0,4845568,139.80,30555.67,31867.93,35,4767908,5237432,10380783616,37467865088
2025-05-14 06:50:20,44.506,4.273,0,0,239.60,30555.67,31867.93,35,4768103,5237627,10380783616,37467865088
2025-05-14 06:50:20,45.514,4.381,0,122880,149.80,30555.67,31867.93,35,4768326,5237860,10380783616,37468090368
2025-05-14 06:50:20,45.092,4.048,0,212992,219.60,30555.67,31867.93,35,4768548,5238092,10380783616,37468311552
2025-05-14 06:50:21,45.983,4.398,12288,241664,409.30,30555.67,31867.93,35,4768782,5238336,10380795904,37468520448
2025-05-14 06:50:21,47.060,4.680,0,77824,299.40,30555.67,31867.93,35,4768979,5238533,10380795904,37468520448
2025-05-14 06:50:21,45.534,4.607,0,0,309.40,30555.67,31867.93,35,4769180,5238734,10380795904,37468520448
2025-05-14 06:50:21,44.884,4.531,0,0,259.80,30555.67,31867.93,35,4769381,5238935,10380795904,37468520448
2025-05-14 06:50:21,45.619,4.529,0,0,239.60,30555.67,31867.93,35,4769580,5239134,10380795904,37468520448
2025-05-14 06:50:22,45.444,4.567,0,0,259.50,30555.67,31867.93,35,4769796,5239353,10380795904,37468680192
2025-05-14 06:50:22,44.756,4.506,0,290816,349.40,30555.67,31867.93,35,4770001,5239559,10380795904,37468811264
2025-05-14 06:50:22,46.530,4.360,0,0,309.70,30555.67,31867.93,35,4770202,5239760,10380795904,37468811264
2025-05-14 06:50:22,44.424,4.386,0,12288,239.60,30555.67,31867.93,35,4770409,5239971,10380795904,37468823552
2025-05-14 06:50:22,45.181,4.433,0,53248,309.50,30555.67,31867.93,35,4770631,5240201,10380795904,37468975104
2025-05-14 06:50:23,44.039,4.097,0,180224,59.90,30555.67,31867.93,35,4770850,5240426,10380795904,37469253632
2025-05-14 06:50:23,37.493,3.755,0,196608,149.70,30555.67,31867.93,35,4771051,5240627,10380795904,37469253632
2025-05-14 06:50:23,40.612,3.845,0,0,59.90,30555.67,31867.93,35,4771252,5240828,10380795904,37469253632
2025-05-14 06:50:23,40.320,3.711,0,0,159.70,30555.67,31867.93,35,4771453,5241029,10380795904,37469253632
2025-05-14 06:50:23,42.313,3.857,0,0,179.70,30555.67,31867.93,35,4771655,5241231,10380795904,37469253632
2025-05-14 06:50:24,42.592,3.838,0,0,159.70,30555.67,31867.93,35,4771856,5241432,10380795904,37469253632
2025-05-14 06:50:24,41.823,3.873,0,0,129.80,30555.67,31867.93,35,4772057,5241633,10380795904,37469253632
2025-05-14 06:50:24,40.645,3.761,0,0,79.80,30555.67,31867.93,35,4772258,5241834,10380795904,37469253632
2025-05-14 06:50:24,38.179,3.652,0,16384,69.90,30555.67,31867.93,35,4772464,5242042,10380795904,37469270016
2025-05-14 06:50:24,39.135,3.749,0,0,149.70,30555.67,31867.93,35,4772666,5242244,10380795904,37469270016
2025-05-14 06:50:25,42.495,3.803,0,0,169.70,30555.67,31867.93,35,4772867,5242445,10380795904,37469270016
2025-05-14 06:50:25,44.858,4.011,0,0,259.50,30555.67,31867.93,35,4773066,5242644,10380795904,37469270016
2025-05-14 06:50:25,44.019,4.083,0,0,99.80,30555.67,31867.93,35,4773268,5242846,10380795904,37469270016
2025-05-14 06:50:25,38.853,3.718,0,24576,69.90,30555.67,31867.93,35,4773477,5243061,10380795904,37469294592
2025-05-14 06:50:25,38.860,3.750,0,0,59.90,30555.67,31867.93,35,4773678,5243262,10380795904,37469294592
2025-05-14 06:50:26,38.242,3.651,0,0,149.70,30555.67,31867.93,35,4774083,5243716,10380795904,37471576064
2025-05-14 06:50:26,43.772,4.123,0,2281472,139.70,30555.67,31867.93,35,4774285,5243918,10380795904,37471576064
2025-05-14 06:50:26,40.889,3.864,0,0,139.70,30555.67,31867.93,35,4774486,5244119,10380795904,37471576064
2025-05-14 06:50:26,42.943,3.966,0,12288,359.40,30555.67,31867.93,35,4774713,5244355,10380795904,37471772672
2025-05-14 06:50:26,48.799,4.538,0,253952,289.50,30555.67,31867.93,35,4774902,5244547,10380795904,37471842304
2025-05-14 06:50:27,46.938,4.372,0,0,209.60,30555.67,31867.93,35,4775104,5244749,10380795904,37471842304
2025-05-14 06:50:27,45.816,4.320,0,0,229.60,30555.67,31867.93,35,4775303,5244948,10380795904,37471842304
2025-05-14 06:50:27,45.112,4.664,0,0,229.60,30555.67,31867.93,35,4775507,5245153,10380795904,37471858688
2025-05-14 06:50:27,45.456,4.532,0,16384,289.50,30555.67,31867.93,35,4775802,5245480,10380795904,37473357824
2025-05-14 06:50:27,46.265,4.516,0,1949696,209.60,30555.67,31867.93,35,4776140,5245869,10380795904,37473808384
2025-05-14 06:50:28,48.375,4.510,0,0,199.60,30555.67,31867.93,35,4776331,5246060,10380795904,37473808384
2025-05-14 06:50:28,47.379,4.117,0,69632,119.80,30555.67,31867.93,35,4776539,5246270,10380795904,37473878016
2025-05-14 06:50:28,38.916,3.774,0,4096,49.90,30555.67,31867.93,35,4776746,5246479,10380795904,37473947648
2025-05-14 06:50:28,39.337,3.684,0,65536,69.90,30555.67,31867.93,35,4776947,5246680,10380795904,37473947648
2025-05-14 06:50:28,43.618,3.812,0,0,49.90,30555.67,31867.93,35,4777135,5246868,10380795904,37473947648
2025-05-14 06:50:29,46.568,3.887,0,0,49.90,30555.67,31867.93,35,4777335,5247068,10380795904,37473947648
2025-05-14 06:50:29,41.848,3.753,0,0,99.80,30555.67,31867.93,35,4777536,5247269,10380795904,37473947648
2025-05-14 06:50:29,44.181,4.302,0,0,49.90,30555.67,31867.93,35,4777736,5247469,10380795904,37473947648
2025-05-14 06:50:29,44.569,3.925,0,0,59.90,30555.67,31867.93,35,4777942,5247677,10380795904,37473959936
2025-05-14 06:50:29,42.179,3.710,0,12288,49.90,30555.67,31867.93,35,4778143,5247878,10380795904,37473959936
2025-05-14 06:50:30,45.617,3.798,0,0,59.90,30555.67,31867.93,35,4778344,5248079,10380795904,37473959936
2025-05-14 06:50:30,38.459,3.771,0,0,59.90,30555.67,31867.93,35,4778546,5248281,10380795904,37473959936
2025-05-14 06:50:30,39.687,3.822,0,0,149.80,30555.67,31867.93,35,4778744,5248479,10380795904,37473959936
2025-05-14 06:50:30,44.810,4.102,0,0,219.60,30555.67,31867.93,35,4778933,5248668,10380795904,37473959936
2025-05-14 06:50:30,46.927,4.337,0,0,139.70,30555.67,31867.93,35,4779129,5248864,10380795904,37473959936
2025-05-14 06:50:31,47.273,4.084,0,0,149.70,30555.67,31867.93,35,4779325,5249060,10380795904,37473959936
2025-05-14 06:50:31,41.372,3.995,0,0,149.70,30555.67,31867.93,35,4779526,5249261,10380795904,37473959936
2025-05-14 06:50:31,43.225,3.877,0,0,159.70,30555.67,31867.93,35,4779728,5249463,10380795904,37473959936
2025-05-14 06:50:31,42.646,3.912,0,0,169.70,30555.67,31867.93,35,4779928,5249663,10380795904,37473959936
2025-05-14 06:50:31,44.700,3.939,0,0,159.70,30555.67,31867.93,35,4780127,5249862,10380795904,37473959936
2025-05-14 06:50:32,42.802,3.872,0,0,159.70,30555.67,31867.93,35,4780328,5250063,10380795904,37473959936
2025-05-14 06:50:32,43.216,4.002,0,0,159.70,30555.67,31867.93,35,4780530,5250265,10380795904,37473959936
2025-05-14 06:50:32,42.646,3.875,0,0,239.60,30555.67,31867.93,35,4780731,5250466,10380795904,37473959936
2025-05-14 06:50:32,44.000,4.064,0,0,159.70,30555.67,31867.93,35,4780937,5250674,10380795904,37473968128
2025-05-14 06:50:32,44.994,4.009,0,8192,239.60,30555.67,31867.93,35,4781138,5250875,10380795904,37473968128
2025-05-14 06:50:33,44.168,4.074,0,0,159.70,30555.67,31867.93,35,4781340,5251077,10380795904,37473968128
2025-05-14 06:50:33,44.105,4.077,0,0,189.70,30555.67,31867.93,35,4781541,5251278,10380795904,37473968128
2025-05-14 06:50:33,43.993,4.002,0,0,159.70,30555.67,31867.93,35,4781742,5251479,10380795904,37473968128
2025-05-14 06:50:33,44.174,3.926,0,0,49.90,30555.67,31867.93,35,4781941,5251678,10380795904,37473968128
2025-05-14 06:50:33,43.606,3.767,0,0,99.80,30555.67,31867.93,35,4782147,5251886,10380795904,37473976320
2025-05-14 06:50:34,41.633,3.912,0,8192,229.60,30555.67,31867.93,35,4782438,5252203,10380795904,37475344384
2025-05-14 06:50:34,42.932,4.214,0,1433600,59.90,30555.67,31867.93,35,4782643,5252410,10380795904,37475409920
2025-05-14 06:50:34,41.352,3.816,0,0,39.90,30555.67,31867.93,35,4782844,5252611,10380795904,37475409920
2025-05-14 06:50:34,40.370,3.784,0,0,39.90,30555.67,31867.93,35,4783045,5252812,10380795904,37475409920
2025-05-14 06:50:34,44.462,3.790,0,0,59.90,30555.67,31867.93,35,4783239,5253006,10380795904,37475409920
2025-05-14 06:50:35,39.777,3.738,0,0,79.80,30555.67,31867.93,35,4783439,5253206,10380795904,37475409920
2025-05-14 06:50:35,42.833,3.933,0,0,59.90,30555.67,31867.93,35,4783640,5253407,10380795904,37475409920
2025-05-14 06:50:35,42.562,3.742,0,0,439.30,30555.67,31867.93,35,4783844,5253612,10380795904,37475422208
2025-05-14 06:50:35,44.936,4.226,0,77824,39.90,30555.67,31867.93,35,4784043,5253812,10380795904,37475487744
2025-05-14 06:50:35,43.961,3.888,0,0,69.90,30555.67,31867.93,35,4784247,5254017,10380795904,37475500032
2025-05-14 06:50:36,40.129,3.926,0,98304,449.20,30555.67,31867.93,35,4784491,5254279,10380795904,37476179968
2025-05-14 06:50:36,46.954,4.870,0,708608,319.50,30555.67,31867.93,35,4784706,5254507,10380795904,37476753408
2025-05-14 06:50:36,46.005,4.851,0,458752,499.20,30555.67,31867.93,35,4784912,5254712,10380795904,37476753408
2025-05-14 06:50:36,47.059,4.527,0,0,159.70,30555.67,31867.93,35,4785111,5254911,10380795904,37476753408
2025-05-14 06:50:36,45.894,4.081,0,0,159.70,30555.67,31867.93,35,4785311,5255111,10380795904,37476753408
2025-05-14 06:50:37,40.608,3.967,0,0,89.90,30555.67,31867.93,35,4785517,5255317,10380795904,37476753408
2025-05-14 06:50:37,44.282,4.349,0,0,369.40,30555.67,31867.93,35,4785723,5255523,10380795904,37476753408
2025-05-14 06:50:37,48.081,4.899,0,0,239.50,30555.67,31867.93,35,4785921,5255721,10380795904,37476753408
2025-05-14 06:50:37,45.059,4.594,0,0,149.70,30555.67,31867.93,35,4786117,5255917,10380795904,37476753408
2025-05-14 06:50:37,46.947,4.691,0,20480,99.70,30555.67,31867.93,35,4786321,5256124,10380795904,37476773888
2025-05-14 06:50:38,42.922,3.800,0,0,59.90,30555.67,31867.93,35,4786522,5256325,10380795904,37476773888
2025-05-14 06:50:38,39.264,3.808,0,0,69.90,30555.67,31867.93,35,4786721,5256524,10380795904,37476773888
2025-05-14 06:50:38,38.791,3.688,0,0,209.60,30555.67,31867.93,35,4786925,5256728,10380795904,37476773888
2025-05-14 06:50:38,47.868,4.347,0,0,299.50,30555.67,31867.93,35,4787121,5256924,10380795904,37476773888
2025-05-14 06:50:38,48.784,4.561,0,0,319.50,30555.67,31867.93,35,4787309,5257112,10380795904,37476773888
2025-05-14 06:50:39,46.463,4.634,0,0,309.40,30555.67,31867.93,35,4787502,5257305,10380795904,37476773888
2025-05-14 06:50:39,47.279,4.615,0,0,289.50,30555.67,31867.93,35,4787701,5257504,10380795904,37476773888
2025-05-14 06:50:39,47.674,4.906,0,0,249.60,30555.67,31867.93,35,4787907,5257710,10380795904,37476773888
2025-05-14 06:50:39,45.554,4.553,0,0,229.60,30555.67,31867.93,35,4788108,5257911,10380795904,37476773888
2025-05-14 06:50:39,47.557,4.588,0,0,289.60,30555.67,31867.93,35,4788309,5258112,10380795904,37476773888
2025-05-14 06:50:40,45.784,4.646,0,0,319.40,30555.67,31867.93,35,4788510,5258313,10380795904,37476773888
2025-05-14 06:50:40,45.159,4.665,0,0,289.50,30555.67,31867.93,35,4788712,5258515,10380795904,37476773888
2025-05-14 06:50:40,46.526,4.631,0,0,319.40,30555.67,31867.93,35,4788912,5258715,10380795904,37476773888
2025-05-14 06:50:40,45.075,4.592,0,0,339.40,30555.67,31867.93,35,4789105,5258908,10380795904,37476773888
2025-05-14 06:50:40,49.451,4.553,0,0,339.40,30555.67,31867.93,35,4789309,5259112,10380795904,37476773888
2025-05-14 06:50:41,46.449,4.796,0,0,319.50,30555.67,31867.93,35,4789506,5259309,10380795904,37476773888
2025-05-14 06:50:41,46.724,5.099,0,0,259.60,30555.67,31867.93,35,4789707,5259510,10380795904,37476773888
2025-05-14 06:50:41,45.574,4.761,0,2060288,319.50,30555.67,31867.93,35,4789986,5259953,10380795904,37478916096
2025-05-14 06:50:41,44.954,4.854,0,81920,239.60,30555.67,31867.93,35,4790187,5260154,10380795904,37478916096
2025-05-14 06:50:41,47.778,4.574,0,139264,309.50,30555.67,31867.93,35,4790464,5260455,10380795904,37479231488
2025-05-14 06:50:42,45.786,4.787,0,704512,529.00,30555.67,31867.93,35,4790788,5260821,10380795904,37480132608
2025-05-14 06:50:42,47.521,5.060,0,479232,509.20,30555.67,31867.93,35,4791050,5261098,10380795904,37480452096
2025-05-14 06:50:42,47.182,4.409,0,434176,249.60,30555.67,31867.93,35,4791274,5261331,10380795904,37480673280
2025-05-14 06:50:42,43.823,4.041,0,0,159.70,30555.67,31867.93,35,4791475,5261532,10380795904,37480673280
2025-05-14 06:50:42,44.205,4.014,0,8192,159.70,30555.67,31867.93,35,4791683,5261742,10380795904,37480681472
2025-05-14 06:50:43,43.558,3.960,0,0,179.70,30555.67,31867.93,35,4791884,5261943,10380795904,37480681472
2025-05-14 06:50:43,44.628,3.993,0,0,149.80,30555.67,31867.93,35,4792085,5262144,10380795904,37480681472
2025-05-14 06:50:43,43.279,3.904,0,0,149.70,30555.67,31867.93,35,4792287,5262346,10380795904,37480681472
2025-05-14 06:50:43,42.981,3.956,0,0,149.70,30555.67,31867.93,35,4792484,5262543,10380795904,37480681472
2025-05-14 06:50:43,43.691,3.895,0,0,149.70,30555.67,31867.93,35,4792685,5262744,10380795904,37480681472
2025-05-14 06:50:44,42.634,3.923,0,0,149.80,30555.67,31867.93,35,4792886,5262945,10380795904,37480681472
2025-05-14 06:50:44,42.543,3.888,0,0,159.80,30555.67,31867.93,35,4793087,5263146,10380795904,37480681472
2025-05-14 06:50:44,42.492,3.842,0,0,149.70,30555.67,31867.93,35,4793289,5263348,10380795904,37480681472
2025-05-14 06:50:44,44.070,4.094,0,0,50.00,30555.67,31867.93,35,4793489,5263548,10380795904,37480681472
2025-05-14 06:50:44,39.350,3.813,0,0,129.80,30555.67,31867.93,35,4793690,5263749,10380795904,37480681472
2025-05-14 06:50:45,42.184,4.130,0,0,179.70,30555.67,31867.93,35,4793892,5263951,10380795904,37480681472
2025-05-14 06:50:45,42.379,4.253,0,24576,49.90,30555.67,31867.93,35,4794099,5264160,10380795904,37480706048
2025-05-14 06:50:45,40.254,3.824,0,0,49.90,30555.67,31867.93,35,4794300,5264361,10380795904,37480706048
2025-05-14 06:50:45,40.729,3.795,0,0,39.90,30555.67,31867.93,35,4794501,5264562,10380795904,37480706048
2025-05-14 06:50:45,46.326,3.790,0,0,79.90,30555.67,31867.93,35,4794879,5264987,10380795904,37481504768
2025-05-14 06:50:46,40.933,3.804,0,3330048,89.80,30555.67,31867.93,35,4795339,5265497,10380795904,37484036096
2025-05-14 06:50:46,43.553,3.917,0,0,59.90,30555.67,31867.93,35,4795540,5265698,10380795904,37484036096
2025-05-14 06:50:46,37.953,3.772,0,0,99.80,30555.67,31867.93,35,4795741,5265899,10380795904,37484036096
2025-05-14 06:50:46,42.614,3.890,0,77824,229.60,30555.67,31867.93,35,4795944,5266104,10380795904,37484113920
2025-05-14 06:50:46,48.006,4.492,0,8192,299.40,30555.67,31867.93,35,4796160,5266326,10380795904,37484208128
2025-05-14 06:50:47,45.623,4.544,0,192512,549.10,30555.67,31867.93,35,4796452,5266649,10380795904,37484863488
2025-05-14 06:50:47,47.971,5.106,0,798720,429.10,30555.67,31867.93,35,4796703,5266920,10380795904,37485187072
2025-05-14 06:50:47,46.576,4.934,0,143360,439.10,30555.67,31867.93,35,4796908,5267127,10380795904,37485256704
2025-05-14 06:50:47,47.525,4.671,0,0,249.60,30555.67,31867.93,35,4797119,5267338,10380795904,37485256704
2025-05-14 06:50:47,47.930,4.429,0,0,339.40,30555.67,31867.93,35,4797320,5267539,10380795904,37485256704
2025-05-14 06:50:48,45.800,4.463,0,0,299.50,30555.67,31867.93,35,4797524,5267743,10380795904,37485256704
2025-05-14 06:50:48,44.571,4.461,0,0,269.50,30555.67,31867.93,35,4797725,5267944,10380795904,37485256704
2025-05-14 06:50:48,44.543,4.408,0,0,259.60,30555.67,31867.93,35,4797925,5268144,10380795904,37485256704
2025-05-14 06:50:48,44.465,4.478,0,0,269.50,30555.67,31867.93,35,4798126,5268345,10380795904,37485256704
2025-05-14 06:50:48,45.316,4.494,0,0,259.50,30555.67,31867.93,35,4798327,5268546,10380795904,37485256704
2025-05-14 06:50:49,44.852,4.552,0,0,289.50,30555.67,31867.93,35,4798528,5268747,10380795904,37485256704
2025-05-14 06:50:49,44.239,4.462,0,0,309.50,30555.67,31867.93,35,4798727,5268946,10380795904,37485256704
2025-05-14 06:50:49,44.982,4.527,0,0,299.50,30555.67,31867.93,35,4798929,5269148,10380795904,37485256704
2025-05-14 06:50:49,45.178,4.593,0,0,349.40,30555.67,31867.93,35,4799130,5269349,10380795904,37485256704
2025-05-14 06:50:49,45.772,4.650,0,0,289.50,30555.67,31867.93,35,4799331,5269550,10380795904,37485256704
2025-05-14 06:50:50,43.840,4.737,0,0,199.70,30555.67,31867.93,35,4799537,5269756,10380795904,37485256704
2025-05-14 06:50:50,43.387,4.694,0,0,189.70,30555.67,31867.93,35,4799737,5269956,10380795904,37485256704
2025-05-14 06:50:50,41.526,4.421,0,0,69.90,30555.67,31867.93,35,4799938,5270157,10380795904,37485256704
2025-05-14 06:50:50,45.616,4.295,0,0,349.40,30555.67,31867.93,35,4800124,5270343,10380795904,37485256704
2025-05-14 06:50:50,47.948,4.970,0,0,209.60,30555.67,31867.93,35,4800320,5270539,10380795904,37485256704
2025-05-14 06:50:51,44.963,4.077,0,0,129.80,30555.67,31867.93,35,4800521,5270740,10380795904,37485256704
2025-05-14 06:50:51,44.456,4.153,0,0,39.90,30555.67,31867.93,35,4800723,5270942,10380795904,37485256704
2025-05-14 06:50:51,39.767,3.729,0,0,59.90,30555.67,31867.93,35,4800924,5271143,10380795904,37485256704
2025-05-14 06:50:51,41.043,3.825,0,0,49.90,30555.67,31867.93,35,4801124,5271343,10380795904,37485256704
2025-05-14 06:50:52,45.162,3.753,0,0,49.90,30555.67,31867.93,35,4801326,5271545,10380795904,37485256704
2025-05-14 06:50:52,46.276,3.890,0,0,49.90,30555.67,31867.93,35,4801526,5271745,10380795904,37485256704
2025-05-14 06:50:52,42.054,3.815,0,0,69.90,30555.67,31867.93,35,4801727,5271946,10380795904,37485256704
2025-05-14 06:50:52,42.392,3.979,0,0,179.70,30555.67,31867.93,35,4801930,5272149,10380795904,37485256704
2025-05-14 06:50:52,47.908,4.609,0,0,319.40,30555.67,31867.93,35,4802132,5272351,10380795904,37485256704
2025-05-14 06:50:53,48.287,4.682,0,2535424,249.60,30555.67,31867.93,35,4802609,5272884,10380795904,37487792128
2025-05-14 06:50:53,45.047,4.486,0,0,259.60,30555.67,31867.93,35,4802822,5273101,10380795904,37487894528
2025-05-14 06:50:53,43.485,4.415,0,208896,139.80,30555.67,31867.93,35,4803054,5273343,10380795904,37488144384
2025-05-14 06:50:53,40.357,3.901,0,339968,59.90,30555.67,31867.93,35,4803260,5273552,10380795904,37488340992
2025-05-14 06:50:53,40.201,3.700,0,0,59.90,30555.67,31867.93,35,4803461,5273753,10380795904,37488340992
2025-05-14 06:50:54,45.731,3.859,0,0,169.70,30555.67,31867.93,35,4803659,5273951,10380795904,37488340992
2025-05-14 06:50:54,46.043,4.441,0,0,169.60,30555.67,31867.93,35,4803860,5274152,10380795904,37488340992
2025-05-14 06:50:54,43.334,4.058,0,0,139.70,30555.67,31867.93,35,4804062,5274354,10380795904,37488340992
2025-05-14 06:50:54,42.410,3.884,0,0,149.70,30555.67,31867.93,35,4804262,5274554,10380795904,37488340992
2025-05-14 06:50:54,44.454,3.882,0,0,159.70,30555.67,31867.93,35,4804463,5274755,10380795904,37488340992
2025-05-14 06:50:55,43.567,3.920,0,0,149.80,30555.67,31867.93,35,4804665,5274957,10380795904,37488340992
2025-05-14 06:50:55,42.187,3.837,0,0,159.80,30555.67,31867.93,35,4804866,5275158,10380795904,37488340992
2025-05-14 06:50:55,42.684,3.896,0,0,159.70,30555.67,31867.93,35,4805067,5275359,10380795904,37488340992
2025-05-14 06:50:55,42.108,3.839,0,0,159.70,30555.67,31867.93,35,4805268,5275560,10380795904,37488340992
2025-05-14 06:50:55,44.244,3.897,0,0,159.70,30555.67,31867.93,35,4805469,5275761,10380795904,37488340992
2025-05-14 06:50:56,43.118,3.913,0,0,159.80,30555.67,31867.93,35,4805670,5275962,10380795904,37488340992
2025-05-14 06:50:56,42.536,3.833,0,0,159.80,30555.67,31867.93,35,4805871,5276163,10380795904,37488340992
2025-05-14 06:50:56,43.433,4.027,0,0,169.70,30555.67,31867.93,35,4806073,5276365,10380795904,37488340992
2025-05-14 06:50:56,44.791,4.072,0,12288,159.70,30555.67,31867.93,35,4806279,5276573,10380795904,37488353280
2025-05-14 06:50:56,44.013,3.835,0,0,139.80,30555.67,31867.93,35,4806468,5276762,10380795904,37488353280
2025-05-14 06:50:57,43.172,3.903,0,0,59.90,30555.67,31867.93,35,4806669,5276963,10380795904,37488353280
2025-05-14 06:50:57,39.681,3.894,0,0,109.80,30555.67,31867.93,35,4806875,5277169,10380795904,37488353280
2025-05-14 06:50:57,41.166,4.104,0,1593344,89.80,30555.67,31867.93,35,4807180,5277496,10380795904,37489946624
2025-05-14 06:50:57,42.922,3.847,0,0,59.90,30555.67,31867.93,35,4807381,5277697,10380795904,37489946624
2025-05-14 06:50:57,43.229,3.771,0,0,69.90,30555.67,31867.93,35,4807583,5277899,10380795904,37489946624
2025-05-14 06:50:58,43.541,3.783,0,0,159.70,30555.67,31867.93,35,4807784,5278100,10380795904,37489946624
2025-05-14 06:50:58,43.744,4.194,0,0,219.50,30555.67,31867.93,35,4807985,5278301,10380795904,37489946624
2025-05-14 06:50:58,45.450,4.168,0,0,59.90,30555.67,31867.93,35,4808186,5278502,10380795904,37489946624
2025-05-14 06:50:58,38.929,3.712,0,0,49.90,30555.67,31867.93,35,4808386,5278702,10380795904,37489946624
2025-05-14 06:50:58,43.594,3.835,0,77824,39.90,30555.67,31867.93,35,4808592,5278910,10380795904,37490024448
2025-05-14 06:50:59,41.050,3.765,0,4096,89.80,30555.67,31867.93,35,4808798,5279118,10380795904,37490040832
2025-05-14 06:50:59,40.161,3.770,0,53248,159.70,30555.67,31867.93,35,4809023,5279351,10380795904,37490225152
2025-05-14 06:50:59,46.746,4.661,0,405504,489.10,30555.67,31867.93,35,4809271,5279615,10380795904,37490515968
2025-05-14 06:50:59,46.453,4.751,0,94208,379.30,30555.67,31867.93,35,4809484,5279829,10380795904,37490581504
2025-05-14 06:50:59,47.558,4.514,0,0,309.50,30555.67,31867.93,35,4809672,5280017,10380795904,37490581504
2025-05-14 06:51:00,47.275,4.517,0,0,389.40,30555.67,31867.93,35,4809888,5280237,10380795904,37490655232
2025-05-14 06:51:00,46.000,4.396,0,73728,279.60,30555.67,31867.93,35,4810090,5280438,10380795904,37490655232
2025-05-14 06:51:00,45.613,4.332,0,0,239.40,30555.67,31867.93,35,4810295,5280643,10380795904,37490655232
2025-05-14 06:51:00,44.160,4.299,0,0,289.40,30555.67,31867.93,35,4810491,5280839,10380795904,37490655232
2025-05-14 06:51:00,44.781,4.367,0,0,299.50,30555.67,31867.93,35,4810692,5281040,10380795904,37490655232
2025-05-14 06:51:01,45.023,4.415,0,0,299.50,30555.67,31867.93,35,4810893,5281241,10380795904,37490655232
2025-05-14 06:51:01,44.986,4.494,0,0,309.50,30555.67,31867.93,35,4811092,5281440,10380795904,37490655232
2025-05-14 06:51:01,43.592,4.782,0,0,299.50,30555.67,31867.93,35,4811294,5281642,10380795904,37490655232
2025-05-14 06:51:01,44.673,4.564,0,0,319.80,30555.67,31867.93,35,4811495,5281843,10380795904,37490655232
2025-05-14 06:51:01,44.369,4.343,0,0,359.70,30555.67,31867.93,35,4811696,5282044,10380795904,37490655232
2025-05-14 06:51:02,46.640,4.563,0,0,249.60,30555.67,31867.93,35,4811897,5282245,10380795904,37490655232
2025-05-14 06:51:02,45.157,4.618,0,12288,329.40,30555.67,31867.93,35,4812106,5282457,10380795904,37490667520
2025-05-14 06:51:02,45.136,4.578,0,0,279.50,30555.67,31867.93,35,4812308,5282659,10380795904,37490667520
2025-05-14 06:51:02,43.547,4.693,0,0,169.70,30555.67,31867.93,35,4812508,5282859,10380795904,37490667520
2025-05-14 06:51:02,42.104,4.447,0,0,319.40,30555.67,31867.93,35,4812707,5283058,10380795904,37490667520
2025-05-14 06:51:03,48.825,4.780,0,4145152,369.30,30555.67,31867.93,35,4813141,5283551,10380795904,37494812672
2025-05-14 06:51:03,47.087,4.395,0,65536,99.80,30555.67,31867.93,35,4813345,5283755,10380795904,37494878208
2025-05-14 06:51:03,42.437,3.849,0,0,49.90,30555.67,31867.93,35,4813545,5283955,10380795904,37494878208
2025-05-14 06:51:03,44.089,3.818,0,0,49.90,30555.67,31867.93,35,4813740,5284150,10380795904,37494878208
2025-05-14 06:51:03,43.340,3.741,0,0,59.90,30555.67,31867.93,35,4813940,5284350,10380795904,37494878208
2025-05-14 06:51:04,42.566,3.827,0,0,49.90,30555.67,31867.93,35,4814141,5284551,10380795904,37494878208
2025-05-14 06:51:04,39.455,3.684,0,0,59.90,30555.67,31867.93,35,4814343,5284753,10380795904,37494878208
2025-05-14 06:51:04,45.807,3.868,0,0,59.90,30555.67,31867.93,35,4814544,5284954,10380795904,37494878208
2025-05-14 06:51:04,44.362,3.943,0,0,269.50,30555.67,31867.93,35,4814747,5285159,10380795904,37494964224
2025-05-14 06:51:04,47.565,4.874,0,86016,429.10,30555.67,31867.93,35,4815011,5285444,10380795904,37495238656
2025-05-14 06:51:05,47.669,4.813,0,479232,548.90,30555.67,31867.93,35,4815340,5285812,10380795904,37496123392
2025-05-14 06:51:05,49.658,5.147,0,905216,569.00,30555.67,31867.93,35,4815606,5286100,10380795904,37496442880
2025-05-14 06:51:05,45.162,4.338,0,151552,289.50,30555.67,31867.93,35,4815810,5286305,10380795904,37496500224
2025-05-14 06:51:05,40.679,3.915,0,0,39.90,30555.67,31867.93,35,4816011,5286506,10380795904,37496500224
2025-05-14 06:51:05,43.816,3.712,0,0,49.90,30555.67,31867.93,35,4816212,5286707,10380795904,37496500224
2025-05-14 06:51:06,45.328,3.828,0,0,89.80,30555.67,31867.93,35,4816414,5286909,10380795904,37496500224
2025-05-14 06:51:06,42.710,3.972,0,0,229.60,30555.67,31867.93,35,4816615,5287110,10380795904,37496500224
2025-05-14 06:51:06,46.012,4.353,0,0,189.70,30555.67,31867.93,35,4816816,5287311,10380795904,37496500224
2025-05-14 06:51:06,44.066,4.025,0,0,159.70,30555.67,31867.93,35,4817017,5287512,10380795904,37496500224
2025-05-14 06:51:06,44.246,3.894,0,0,169.70,30555.67,31867.93,35,4817218,5287713,10380795904,37496500224
2025-05-14 06:51:07,41.940,3.862,0,0,159.70,30555.67,31867.93,35,4817419,5287914,10380795904,37496500224
2025-05-14 06:51:07,42.649,3.838,0,0,149.80,30555.67,31867.93,35,4817620,5288115,10380795904,37496500224
2025-05-14 06:51:07,42.242,3.790,0,0,149.70,30555.67,31867.93,35,4817822,5288317,10380795904,37496500224
2025-05-14 06:51:07,42.640,3.850,0,0,149.80,30555.67,31867.93,35,4818023,5288518,10380795904,37496500224
2025-05-14 06:51:07,43.657,3.791,0,0,149.70,30555.67,31867.93,35,4818224,5288719,10380795904,37496500224
2025-05-14 06:51:08,42.263,3.864,0,0,169.70,30555.67,31867.93,35,4818425,5288920,10380795904,37496500224
2025-05-14 06:51:08,43.503,3.940,0,0,159.80,30555.67,31867.93,35,4818626,5289121,10380795904,37496500224
2025-05-14 06:51:08,42.402,3.907,0,0,169.70,30555.67,31867.93,35,4818828,5289323,10380795904,37496500224
2025-05-14 06:51:08,44.322,4.077,0,0,149.70,30555.67,31867.93,35,4819029,5289524,10380795904,37496500224
2025-05-14 06:51:08,45.361,3.993,0,0,139.80,30555.67,31867.93,35,4819230,5289725,10380795904,37496500224
2025-05-14 06:51:09,41.993,3.924,0,0,119.80,30555.67,31867.93,35,4819431,5289926,10380795904,37496500224
2025-05-14 06:51:09,39.677,3.838,0,0,69.90,30555.67,31867.93,35,4819633,5290128,10380795904,37496500224
2025-05-14 06:51:09,40.641,3.929,0,0,159.70,30555.67,31867.93,35,4819834,5290329,10380795904,37496500224
2025-05-14 06:51:09,42.148,4.093,0,3178496,109.80,30555.67,31867.93,35,4820483,5291076,10380795904,37499678720
2025-05-14 06:51:09,46.185,4.037,0,0,269.50,30555.67,31867.93,35,4820678,5291271,10380795904,37499678720
2025-05-14 06:51:10,47.060,4.403,0,0,209.60,30555.67,31867.93,35,4820880,5291473,10380795904,37499678720
2025-05-14 06:51:10,43.734,4.041,0,0,69.90,30555.67,31867.93,35,4821081,5291674,10380795904,37499678720
2025-05-14 06:51:10,40.011,3.690,0,0,49.90,30555.67,31867.93,35,4821283,5291876,10380795904,37499678720
2025-05-14 06:51:10,41.005,3.874,0,0,49.90,30555.67,31867.93,35,4821480,5292073,10380795904,37499678720
2025-05-14 06:51:10,42.994,3.806,0,0,39.90,30555.67,31867.93,35,4821680,5292273,10380795904,37499678720
2025-05-14 06:51:11,39.672,3.836,0,0,49.90,30555.67,31867.93,35,4821888,5292483,10380795904,37499744256
2025-05-14 06:51:11,41.798,3.805,0,65536,79.90,30555.67,31867.93,35,4822089,5292684,10380795904,37499744256
2025-05-14 06:51:11,40.562,3.850,0,73728,159.70,30555.67,31867.93,35,4822314,5292917,10380795904,37499994112
2025-05-14 06:51:11,46.374,4.634,0,397312,409.20,30555.67,31867.93,35,4822542,5293163,10380795904,37500239872
2025-05-14 06:51:11,48.547,4.549,0,24576,349.30,30555.67,31867.93,35,4822755,5293376,10380795904,37500239872
2025-05-14 06:51:12,46.446,4.732,0,0,409.10,30555.67,31867.93,35,4822956,5293577,10380795904,37500239872
2025-05-14 06:51:12,46.406,4.521,0,0,399.30,30555.67,31867.93,35,4823155,5293776,10380795904,37500239872
2025-05-14 06:51:12,44.984,4.374,0,0,319.50,30555.67,31867.93,35,4823359,5293980,10380795904,37500239872
2025-05-14 06:51:12,44.863,4.384,0,0,259.60,30555.67,31867.93,35,4823557,5294178,10380795904,37500239872
2025-05-14 06:51:12,45.740,4.286,0,0,279.50,30555.67,31867.93,35,4823758,5294379,10380795904,37500239872
2025-05-14 06:51:13,44.527,4.306,0,0,279.60,30555.67,31867.93,35,4823959,5294580,10380795904,37500239872
2025-05-14 06:51:13,44.815,4.468,0,0,299.50,30555.67,31867.93,35,4824160,5294781,10380795904,37500239872
2025-05-14 06:51:13,44.322,4.381,0,0,299.40,30555.67,31867.93,35,4824361,5294982,10380795904,37500239872
2025-05-14 06:51:13,44.981,4.438,0,0,299.50,30555.67,31867.93,35,4824562,5295183,10380795904,37500239872
2025-05-14 06:51:13,44.545,4.389,0,0,279.50,30555.67,31867.93,35,4824759,5295380,10380795904,37500239872
2025-05-14 06:51:14,43.923,4.432,0,0,329.40,30555.67,31867.93,35,4824961,5295582,10380795904,37500239872
2025-05-14 06:51:14,46.686,4.557,0,0,319.50,30555.67,31867.93,35,4825162,5295783,10380795904,37500239872
2025-05-14 06:51:14,45.098,4.441,0,0,339.40,30555.67,31867.93,35,4825363,5295984,10380795904,37500239872
2025-05-14 06:51:14,44.508,4.491,0,0,199.60,30555.67,31867.93,35,4825563,5296184,10380795904,37500239872
2025-05-14 06:51:14,42.953,4.689,0,0,139.80,30555.67,31867.93,35,4825765,5296386,10380795904,37500239872
2025-05-14 06:51:15,45.577,4.430,0,0,339.30,30555.67,31867.93,35,4825951,5296572,10380795904,37500239872
2025-05-14 06:51:15,50.077,4.805,0,1880064,239.50,30555.67,31867.93,35,4826338,5297003,10380795904,37502251008
2025-05-14 06:51:15,45.171,4.151,0,131072,49.90,30555.67,31867.93,35,4826539,5297204,10380795904,37502251008
2025-05-14 06:51:15,42.810,3.767,0,0,39.90,30555.67,31867.93,35,4826734,5297399,10380795904,37502251008
2025-05-14 06:51:15,45.658,3.812,0,0,49.90,30555.67,31867.93,35,4826935,5297600,10380795904,37502251008
2025-05-14 06:51:16,41.358,3.738,0,155648,59.90,30555.67,31867.93,35,4827143,5297810,10380795904,37502406656
2025-05-14 06:51:16,38.688,3.716,0,0,49.90,30555.67,31867.93,35,4827344,5298011,10380795904,37502406656
2025-05-14 06:51:16,45.032,3.930,0,0,229.60,30555.67,31867.93,35,4827540,5298207,10380795904,37502406656
2025-05-14 06:51:16,45.588,4.160,0,0,219.60,30555.67,31867.93,35,4827732,5298399,10380795904,37502406656
2025-05-14 06:51:16,46.972,4.343,0,32768,299.50,30555.67,31867.93,35,4827933,5298602,10380795904,37502570496
2025-05-14 06:51:17,48.814,4.996,0,131072,329.40,30555.67,31867.93,35,4828183,5298872,10380795904,37502836736
2025-05-14 06:51:17,48.110,4.861,0,737280,618.80,30555.67,31867.93,35,4828519,5299255,10380795904,37503606784
2025-05-14 06:51:17,49.115,4.876,0,372736,239.60,30555.67,31867.93,35,4828726,5299464,10380795904,37503680512
2025-05-14 06:51:17,39.797,3.912,0,0,49.90,30555.67,31867.93,35,4828927,5299665,10380795904,37503680512
2025-05-14 06:51:17,45.836,3.740,0,0,49.90,30555.67,31867.93,35,4829128,5299866,10380795904,37503680512
2025-05-14 06:51:18,41.031,3.818,0,0,69.90,30555.67,31867.93,35,4829329,5300067,10380795904,37503680512
2025-05-14 06:51:18,45.046,4.022,0,0,259.50,30555.67,31867.93,35,4829527,5300265,10380795904,37503680512
2025-05-14 06:51:18,46.706,4.281,0,0,139.70,30555.67,31867.93,35,4829728,5300466,10380795904,37503680512
2025-05-14 06:51:18,42.943,4.009,0,0,159.70,30555.67,31867.93,35,4829928,5300666,10380795904,37503680512
2025-05-14 06:51:18,43.522,3.898,0,0,159.70,30555.67,31867.93,35,4830129,5300867,10380795904,37503680512
2025-05-14 06:51:19,42.254,3.867,0,0,169.70,30555.67,31867.93,35,4830331,5301069,10380795904,37503680512
2025-05-14 06:51:19,42.416,3.894,0,0,159.70,30555.67,31867.93,35,4830530,5301268,10380795904,37503680512
2025-05-14 06:51:19,42.194,3.841,0,0,139.80,30555.67,31867.93,35,4830734,5301472,10380795904,37503680512
2025-05-14 06:51:19,42.904,3.960,0,0,159.70,30555.67,31867.93,35,4830935,5301673,10380795904,37503680512
2025-05-14 06:51:19,42.845,3.814,0,0,169.70,30555.67,31867.93,35,4831137,5301875,10380795904,37503680512
2025-05-14 06:51:20,42.620,3.947,0,0,149.70,30555.67,31867.93,35,4831340,5302078,10380795904,37503680512
2025-05-14 06:51:20,42.801,3.876,0,0,159.70,30555.67,31867.93,35,4831541,5302279,10380795904,37503680512
2025-05-14 06:51:20,42.437,3.880,0,0,149.70,30555.67,31867.93,35,4831740,5302478,10380795904,37503680512
2025-05-14 06:51:20,44.977,4.065,0,0,149.70,30555.67,31867.93,35,4831939,5302677,10380795904,37503680512
2025-05-14 06:51:20,44.563,3.982,0,0,169.70,30555.67,31867.93,35,4832140,5302878,10380795904,37503680512
2025-05-14 06:51:21,41.822,3.915,0,0,149.70,30555.67,31867.93,35,4832341,5303079,10380795904,37503680512
2025-05-14 06:51:21,40.592,3.860,0,0,69.90,30555.67,31867.93,35,4832542,5303280,10380795904,37503680512
2025-05-14 06:51:21,40.446,3.973,0,0,99.80,30555.67,31867.93,35,4832743,5303481,10380795904,37503680512
2025-05-14 06:51:21,44.239,4.286,0,344064,109.80,30555.67,31867.93,35,4833332,5304167,10380795904,37507186688
2025-05-14 06:51:21,45.007,4.051,0,3162112,59.90,30555.67,31867.93,35,4833533,5304368,10380795904,37507186688
2025-05-14 06:51:22,42.611,4.073,0,0,319.50,30555.67,31867.93,35,4833730,5304565,10380795904,37507186688
2025-05-14 06:51:22,46.390,4.445,0,0,119.80,30555.67,31867.93,35,4833932,5304767,10380795904,37507186688
2025-05-14 06:51:22,41.077,3.828,0,0,59.90,30555.67,31867.93,35,4834133,5304968,10380795904,37507186688
2025-05-14 06:51:22,41.627,3.752,0,12288,69.90,30555.67,31867.93,35,4834328,5305164,10380795904,37507198976
2025-05-14 06:51:22,42.106,3.879,0,0,69.90,30555.67,31867.93,35,4834529,5305365,10380795904,37507198976
2025-05-14 06:51:23,38.340,3.829,0,0,69.90,30555.67,31867.93,35,4834736,5305574,10380795904,37507280896
2025-05-14 06:51:23,40.569,3.842,0,81920,79.90,30555.67,31867.93,35,4834939,5305777,10380795904,37507280896
2025-05-14 06:51:23,41.844,3.975,0,86016,49.90,30555.67,31867.93,35,4835149,5305990,10380795904,37507366912
2025-05-14 06:51:23,40.918,3.733,0,0,129.80,30555.67,31867.93,35,4835367,5306215,10380795904,37507506176
2025-05-14 06:51:24,46.270,4.367,0,368640,599.00,30555.67,31867.93,35,4835639,5306508,10380795904,37508169728
2025-05-14 06:51:24,48.663,5.147,0,692224,389.20,30555.67,31867.93,35,4835876,5306759,10380795904,37508497408
2025-05-14 06:51:24,46.867,4.681,0,69632,269.50,30555.67,31867.93,35,4836076,5306959,10380795904,37508497408
2025-05-14 06:51:24,46.229,4.652,0,0,379.30,30555.67,31867.93,35,4836267,5307150,10380795904,37508497408
2025-05-14 06:51:24,46.529,4.478,0,0,289.60,30555.67,31867.93,35,4836485,5307369,10380795904,37508644864
2025-05-14 06:51:25,45.004,4.463,0,147456,249.60,30555.67,31867.93,35,4836686,5307570,10380795904,37508644864
2025-05-14 06:51:25,44.535,4.422,0,0,269.60,30555.67,31867.93,35,4836888,5307772,10380795904,37508644864
2025-05-14 06:51:25,45.049,4.460,0,0,269.50,30555.67,31867.93,35,4837089,5307973,10380795904,37508644864
2025-05-14 06:51:25,44.742,4.452,0,28672,249.60,30555.67,31867.93,35,4837301,5308190,10380795904,37508743168
2025-05-14 06:51:25,44.480,4.435,0,69632,239.60,30555.67,31867.93,35,4837507,5308396,10380795904,37508743168
2025-05-14 06:51:26,44.418,4.328,0,0,289.50,30555.67,31867.93,35,4837709,5308598,10380795904,37508743168
2025-05-14 06:51:26,45.174,4.482,0,2879488,279.50,30555.67,31867.93,35,4838206,5309168,10380795904,37511622656
2025-05-14 06:51:26,44.259,4.396,0,0,339.30,30555.67,31867.93,35,4838414,5309378,10380795904,37511704576
2025-05-14 06:51:26,45.637,4.575,0,135168,349.40,30555.67,31867.93,35,4838626,5309594,10380795904,37511847936
2025-05-14 06:51:26,44.882,4.510,0,106496,299.50,30555.67,31867.93,35,4838842,5309815,10380795904,37511938048
2025-05-14 06:51:27,44.572,4.576,0,159744,319.50,30555.67,31867.93,35,4839058,5310037,10380795904,37512093696
2025-05-14 06:51:27,45.006,4.620,0,147456,379.30,30555.67,31867.93,35,4839284,5310273,10380795904,37512269824
2025-05-14 06:51:27,46.195,4.802,0,241664,459.20,30555.67,31867.93,35,4839547,5310557,10380795904,37512814592
2025-05-14 06:51:27,48.481,5.285,0,667648,509.10,30555.67,31867.93,35,4839841,5310880,10380795904,37513269248
2025-05-14 06:51:27,47.402,5.018,0,495616,529.10,30555.67,31867.93,35,4840504,5311710,10380795904,37514117120
2025-05-14 06:51:28,47.852,4.847,0,1183744,269.50,30555.67,31867.93,35,4841428,5312887,10380795904,37515505664
2025-05-14 06:51:28,48.080,4.553,0,1249280,439.20,30555.67,31867.93,35,4842122,5313763,10380795904,37516443648
2025-05-14 06:51:28,51.075,4.850,0,1105920,299.40,30555.67,31867.93,35,4842916,5314768,10380795904,37517676544
2025-05-14 06:51:28,47.437,4.205,0,1220608,199.70,30555.67,31867.93,35,4843970,5316120,10380795904,37519138816
2025-05-14 06:51:28,44.808,3.870,0,1118208,149.70,30555.67,31867.93,35,4844765,5317129,10380795904,37520187392
2025-05-14 06:51:29,45.270,3.837,0,1495040,149.80,30555.67,31867.93,35,4845991,5318725,10380795904,37521891328
2025-05-14 06:51:29,42.006,3.716,0,1912832,269.60,30555.67,31867.93,35,4847291,5320416,10380795904,37523808256
2025-05-14 06:51:29,44.170,4.073,0,1806336,149.80,30555.67,31867.93,35,4848649,5322181,10380795904,37525803008
2025-05-14 06:51:29,42.635,3.693,0,2314240,129.80,30555.67,31867.93,35,4849831,5323701,10380795904,37527736320
2025-05-14 06:51:29,47.323,3.935,0,1388544,129.80,30555.67,31867.93,35,4850813,5324975,10380795904,37529251840
2025-05-14 06:51:30,46.026,3.833,0,1921024,149.80,30555.67,31867.93,35,4852178,5326744,10380795904,37531566080
2025-05-14 06:51:30,42.955,3.886,0,2445312,239.60,30555.67,31867.93,35,4853687,5328790,10380795904,37538848768
2025-05-14 06:51:30,45.623,4.420,0,6995968,259.50,30555.67,31867.93,35,4854815,5330245,10380795904,37540769792
2025-05-14 06:51:30,45.493,4.219,0,2142208,159.70,30555.67,31867.93,35,4856177,5332014,10380795904,37543116800
2025-05-14 06:51:30,44.798,3.836,0,2072576,179.70,30555.67,31867.93,35,4857207,5333338,10380795904,37544886272
2025-05-14 06:51:31,44.667,3.832,0,2420736,149.90,30555.67,31867.93,35,4858745,5335345,10380795904,37547712512
2025-05-14 06:51:31,42.229,3.786,0,2691072,149.70,30555.67,31867.93,35,4860280,5337352,10380795904,37550501888
2025-05-14 06:51:31,41.836,3.698,0,2789376,189.60,30555.67,31867.93,35,4861821,5339356,10380795904,37553143808
2025-05-14 06:51:31,43.943,4.072,0,2453504,329.40,30555.67,31867.93,35,4863078,5340995,10380795904,37555474432
2025-05-14 06:51:31,46.835,4.552,0,2400256,299.50,30555.67,31867.93,35,4864444,5342769,10380795904,37557903360
2025-05-14 06:51:32,45.251,4.161,0,2539520,179.70,30555.67,31867.93,35,4865361,5343931,10380795904,37559443456
2025-05-14 06:51:32,42.250,3.872,0,266240,159.70,30555.67,31867.93,35,4865565,5344136,10380795904,37559508992
2025-05-14 06:51:32,41.148,3.834,0,0,159.70,30555.67,31867.93,35,4865766,5344337,10380795904,37559508992
2025-05-14 06:51:32,43.209,3.906,0,0,159.70,30555.67,31867.93,35,4865966,5344537,10380795904,37559508992
2025-05-14 06:51:32,44.487,3.796,0,0,149.70,30555.67,31867.93,35,4866168,5344739,10380795904,37559508992
2025-05-14 06:51:33,44.351,3.837,0,0,159.70,30555.67,31867.93,35,4866369,5344940,10380795904,37559508992
2025-05-14 06:51:33,42.705,3.833,0,0,159.70,30555.67,31867.93,35,4866570,5345141,10380795904,37559508992
2025-05-14 06:51:33,42.767,3.859,0,0,179.70,30555.67,31867.93,35,4866775,5345349,10380795904,37559521280
2025-05-14 06:51:33,43.029,3.880,0,12288,149.70,30555.67,31867.93,35,4866977,5345551,10380795904,37559521280
2025-05-14 06:51:33,43.546,3.826,0,0,149.80,30555.67,31867.93,35,4867178,5345752,10380795904,37559521280
2025-05-14 06:51:34,42.786,3.948,0,0,159.70,30555.67,31867.93,35,4867379,5345953,10380795904,37559521280
2025-05-14 06:51:34,43.747,4.020,0,0,149.70,30555.67,31867.93,35,4867580,5346154,10380795904,37559521280
2025-05-14 06:51:34,42.470,3.904,0,20480,159.70,30555.67,31867.93,35,4867788,5346366,10380795904,37559541760
2025-05-14 06:51:34,43.070,4.108,0,0,89.80,30555.67,31867.93,35,4868000,5346575,10380836864,37559541760
2025-05-14 06:51:34,44.292,3.885,40960,0,119.80,30555.67,31867.93,35,4868188,5346763,10380836864,37559541760
2025-05-14 06:51:35,42.843,4.020,0,0,69.90,30555.67,31867.93,35,4868389,5346965,10380836864,37559541760
2025-05-14 06:51:35,39.826,3.690,0,0,59.90,30555.67,31867.93,35,4868591,5347166,10380836864,37559541760
2025-05-14 06:51:35,40.076,3.691,0,12288,319.40,30555.67,31867.93,35,4868795,5347371,10380836864,37559554048
2025-05-14 06:51:35,44.824,3.901,0,0,159.70,30555.67,31867.93,35,4868996,5347572,10380836864,37559554048
2025-05-14 06:51:35,43.581,3.833,0,0,59.90,30555.67,31867.93,35,4869194,5347770,10380836864,37559554048
2025-05-14 06:51:36,39.063,3.714,0,2916352,59.90,30555.67,31867.93,35,4869646,5348285,10380836864,37562478592
2025-05-14 06:51:36,37.644,3.736,0,8192,49.90,30555.67,31867.93,35,4869847,5348486,10380836864,37562478592
2025-05-14 06:51:36,39.696,3.775,0,32768,49.90,30555.67,31867.93,35,4870063,5348708,10380836864,37562642432
2025-05-14 06:51:36,39.888,3.818,0,131072,59.90,30555.67,31867.93,35,4870264,5348908,10380836864,37562642432
2025-05-14 06:51:36,44.904,3.997,122880,0,459.10,30555.67,31867.93,35,4870524,5349169,10381160448,37562736640
2025-05-14 06:51:37,47.319,4.577,217088,241664,49.90,30555.67,31867.93,35,4870766,5349420,10381176832,37562949632
2025-05-14 06:51:37,39.886,3.802,0,86016,59.90,30555.67,31867.93,35,4870977,5349637,10381176832,37563035648
2025-05-14 06:51:37,40.492,3.889,0,65536,149.70,30555.67,31867.93,35,4871195,5349850,10381332480,37563035648
2025-05-14 06:51:37,42.050,4.112,159744,57344,109.80,30555.67,31867.93,35,4871446,5350106,10381348864,37563183104
2025-05-14 06:51:37,44.419,3.916,12288,155648,89.90,30555.67,31867.93,35,4871649,5350310,10381348864,37563248640
2025-05-14 06:51:38,43.018,3.952,0,0,69.90,30555.67,31867.93,35,4871851,5350512,10381348864,37563248640
2025-05-14 06:51:38,38.174,3.761,0,0,49.90,30555.67,31867.93,35,4872052,5350713,10381348864,37563248640
2025-05-14 06:51:38,39.496,3.724,0,0,79.90,30555.67,31867.93,35,4872243,5350904,10381348864,37563248640
2025-05-14 06:51:38,39.508,3.817,0,0,59.90,30555.67,31867.93,35,4872443,5351104,10381348864,37563248640
2025-05-14 06:51:38,44.400,3.982,8192,61440,59.90,30555.67,31867.93,35,4872675,5351341,10381357056,37563379712
2025-05-14 06:51:39,39.162,3.800,0,69632,179.70,30555.67,31867.93,35,4872902,5351576,10381357056,37563432960
2025-05-14 06:51:39,42.951,4.203,20480,176128,149.70,30555.67,31867.93,35,4873186,5351859,10381471744,37563625472
2025-05-14 06:51:39,45.371,4.872,139264,475136,598.90,30555.67,31867.93,35,4873607,5352319,10381611008,37564375040
2025-05-14 06:51:39,48.614,5.136,1142784,409600,399.30,30555.67,31867.93,35,4873839,5352547,10382659584,37564440576
2025-05-14 06:51:39,48.386,4.484,0,0,259.50,30555.67,31867.93,35,4874001,5352709,10382659584,37564440576
2025-05-14 06:51:40,47.121,4.365,0,0,359.40,30555.67,31867.93,35,4874925,5353826,10382659584,37569499136
2025-05-14 06:51:40,43.887,4.277,0,5128192,89.80,30555.67,31867.93,35,4875132,5354035,10382659584,37569568768
2025-05-14 06:51:40,44.052,4.319,81920,0,449.10,30555.67,31867.93,35,4875427,5354320,10382983168,37569720320
2025-05-14 06:51:40,45.544,4.617,241664,282624,49.90,30555.67,31867.93,35,4875633,5354527,10382983168,37569851392
2025-05-14 06:51:40,43.910,3.870,0,0,79.80,30555.67,31867.93,35,4875834,5354728,10382983168,37569851392
2025-05-14 06:51:41,41.185,3.916,0,0,49.90,30555.67,31867.93,35,4876035,5354929,10382983168,37569851392
2025-05-14 06:51:41,38.481,3.811,0,0,59.90,30555.67,31867.93,35,4876237,5355131,10382983168,37569851392
2025-05-14 06:51:41,37.963,3.708,0,0,59.90,30555.67,31867.93,35,4876438,5355332,10382983168,37569851392
2025-05-14 06:51:41,40.611,3.839,0,0,189.60,30555.67,31867.93,35,4876636,5355530,10382983168,37569851392
2025-05-14 06:51:41,47.492,4.310,0,0,339.40,30555.67,31867.93,35,4876829,5355723,10382983168,37569851392
2025-05-14 06:51:42,45.770,4.458,0,0,279.50,30555.67,31867.93,35,4877031,5355925,10382983168,37569851392
2025-05-14 06:51:42,44.890,4.435,0,0,279.50,30555.67,31867.93,35,4877232,5356126,10382983168,37569851392
2025-05-14 06:51:42,45.091,4.453,0,0,249.60,30555.67,31867.93,35,4877433,5356327,10382983168,37569851392
2025-05-14 06:51:42,44.766,4.434,0,0,279.50,30555.67,31867.93,35,4877634,5356528,10382983168,37569851392
2025-05-14 06:51:42,44.721,4.388,0,0,229.60,30555.67,31867.93,35,4877835,5356729,10382983168,37569851392
2025-05-14 06:51:43,44.786,4.434,0,0,279.50,30555.67,31867.93,35,4878036,5356930,10382983168,37569851392
2025-05-14 06:51:43,43.791,4.564,0,0,299.50,30555.67,31867.93,35,4878237,5357132,10382983168,37569851392
2025-05-14 06:51:43,44.199,4.436,0,0,299.50,30555.67,31867.93,35,4878439,5357333,10382983168,37569851392
2025-05-14 06:51:43,45.150,4.553,0,0,319.50,30555.67,31867.93,35,4878640,5357534,10382983168,37569851392
2025-05-14 06:51:43,46.700,4.456,0,0,359.40,30555.67,31867.93,35,4878841,5357735,10382983168,37569851392
2025-05-14 06:51:44,46.091,4.740,0,155648,279.50,30555.67,31867.93,35,4879066,5357968,10382983168,37570174976
2025-05-14 06:51:44,44.565,4.784,0,233472,189.70,30555.67,31867.93,35,4879279,5358185,10382983168,37570252800
2025-05-14 06:51:44,42.373,4.089,0,12288,279.50,30555.67,31867.93,35,4879780,5358760,10382991360,37574025216
2025-05-14 06:51:44,46.452,4.675,32768,3944448,299.40,30555.67,31867.93,35,4880106,5359106,10383093760,37574393856
2025-05-14 06:51:44,45.845,4.475,81920,495616,399.20,30555.67,31867.93,35,4880443,5359475,10383106048,37575094272
2025-05-14 06:51:45,48.272,5.063,8192,880640,568.90,30555.67,31867.93,35,4880773,5359850,10383110144,37575692288
2025-05-14 06:51:45,47.224,4.319,4096,184320,229.60,30555.67,31867.93,35,4880978,5360056,10383110144,37575757824
2025-05-14 06:51:45,43.923,4.224,0,0,159.70,30555.67,31867.93,35,4881179,5360257,10383110144,37575757824
2025-05-14 06:51:45,43.269,3.922,0,0,159.70,30555.67,31867.93,35,4881385,5360463,10383110144,37575757824
2025-05-14 06:51:45,42.736,3.869,0,0,169.70,30555.67,31867.93,35,4881586,5360664,10383110144,37575757824
2025-05-14 06:51:46,41.058,3.788,0,28672,69.90,30555.67,31867.93,35,4881796,5360875,10383110144,37575794688
2025-05-14 06:51:46,37.514,3.748,0,8192,69.90,30555.67,31867.93,35,4881998,5361077,10383110144,37575794688
2025-05-14 06:51:46,37.473,3.699,0,0,99.80,30555.67,31867.93,35,4882208,5361284,10383167488,37575794688
2025-05-14 06:51:46,42.862,4.102,65536,12288,239.60,30555.67,31867.93,35,4882423,5361502,10383175680,37575876608
2025-05-14 06:51:46,44.149,4.220,4096,188416,79.90,30555.67,31867.93,35,4882657,5361743,10383179776,37576060928
2025-05-14 06:51:47,39.671,3.863,0,65536,49.90,30555.67,31867.93,35,4882859,5361945,10383179776,37576060928
2025-05-14 06:51:47,41.154,3.783,0,0,49.90,30555.67,31867.93,35,4883060,5362146,10383179776,37576060928
2025-05-14 06:51:47,42.944,3.804,0,16384,59.90,30555.67,31867.93,35,4883272,5362362,10383179776,37576077312
2025-05-14 06:51:47,41.048,3.745,0,0,49.90,30555.67,31867.93,35,4883473,5362563,10383179776,37576077312
2025-05-14 06:51:47,43.152,3.808,0,0,39.90,30555.67,31867.93,35,4883674,5362764,10383179776,37576077312
2025-05-14 06:51:48,39.335,3.787,0,0,49.90,30555.67,31867.93,35,4883876,5362966,10383179776,37576077312
2025-05-14 06:51:48,46.097,3.832,0,0,49.90,30555.67,31867.93,35,4884077,5363167,10383179776,37576077312
2025-05-14 06:51:48,43.234,3.849,0,0,59.90,30555.67,31867.93,35,4884284,5363376,10383179776,37576089600
2025-05-14 06:51:48,45.064,4.307,0,12288,69.90,30555.67,31867.93,35,4884482,5363574,10383179776,37576089600
2025-05-14 06:51:48,45.066,4.049,0,0,39.90,30555.67,31867.93,35,4884684,5363776,10383179776,37576089600
2025-05-14 06:51:49,39.847,3.723,0,0,69.90,30555.67,31867.93,35,4884885,5363977,10383179776,37576089600
2025-05-14 06:51:49,39.346,3.862,0,0,59.90,30555.67,31867.93,35,4885087,5364179,10383179776,37576089600
2025-05-14 06:51:49,38.863,3.742,0,12288,59.90,30555.67,31867.93,35,4885296,5364391,10383179776,37576101888
2025-05-14 06:51:49,38.095,3.730,0,0,199.60,30555.67,31867.93,35,4885667,5365119,10383187968,37580697600
2025-05-14 06:51:49,47.929,4.325,8192,4665344,309.40,30555.67,31867.93,35,4885872,5365326,10383187968,37580767232
2025-05-14 06:51:50,48.085,4.626,0,0,189.70,30555.67,31867.93,35,4886069,5365523,10383187968,37580767232
2025-05-14 06:51:50,42.606,4.072,0,0,159.70,30555.67,31867.93,35,4886270,5365724,10383187968,37580767232
2025-05-14 06:51:50,42.676,3.865,0,0,159.70,30555.67,31867.93,35,4886471,5365925,10383187968,37580767232
2025-05-14 06:51:50,42.680,3.881,0,0,149.70,30555.67,31867.93,35,4886672,5366126,10383187968,37580767232
2025-05-14 06:51:50,44.585,3.932,0,0,159.70,30555.67,31867.93,35,4886876,5366330,10383187968,37580767232
2025-05-14 06:51:51,42.973,3.920,0,0,149.70,30555.67,31867.93,35,4887077,5366531,10383187968,37580767232
2025-05-14 06:51:51,42.603,3.910,0,0,159.70,30555.67,31867.93,35,4887278,5366732,10383187968,37580767232
2025-05-14 06:51:51,42.484,3.815,0,0,159.70,30555.67,31867.93,35,4887479,5366933,10383187968,37580767232
2025-05-14 06:51:51,42.849,3.895,0,0,149.70,30555.67,31867.93,35,4887680,5367134,10383187968,37580767232
2025-05-14 06:51:51,44.828,3.997,0,0,149.70,30555.67,31867.93,35,4887882,5367336,10383187968,37580767232
2025-05-14 06:51:52,42.209,3.880,0,0,159.70,30555.67,31867.93,35,4888083,5367537,10383187968,37580767232
2025-05-14 06:51:52,42.302,3.865,0,0,149.70,30555.67,31867.93,35,4888284,5367738,10383187968,37580767232
2025-05-14 06:51:52,43.092,3.926,0,0,149.70,30555.67,31867.93,35,4888484,5367938,10383187968,37580767232
2025-05-14 06:51:52,43.886,3.938,0,0,149.70,30555.67,31867.93,35,4888685,5368139,10383187968,37580767232
2025-05-14 06:51:52,44.898,3.878,0,0,79.90,30555.67,31867.93,35,4888886,5368340,10383187968,37580767232
2025-05-14 06:51:53,39.607,3.858,0,0,129.80,30555.67,31867.93,35,4889087,5368541,10383187968,37580767232
2025-05-14 06:51:53,42.151,4.023,0,0,49.90,30555.67,31867.93,35,4889288,5368742,10383187968,37580767232
2025-05-14 06:51:53,40.638,3.713,0,0,99.80,30555.67,31867.93,35,4889490,5368944,10383187968,37580767232
2025-05-14 06:51:53,40.414,3.742,0,0,49.90,30555.67,31867.93,35,4889691,5369145,10383187968,37580767232
2025-05-14 06:51:53,40.426,3.702,0,0,79.80,30555.67,31867.93,35,4889892,5369346,10383187968,37580767232
2025-05-14 06:51:54,38.133,3.788,0,0,49.90,30555.67,31867.93,35,4890093,5369547,10383187968,37580767232
2025-05-14 06:51:54,40.768,3.751,0,0,59.90,30555.67,31867.93,35,4890294,5369748,10383187968,37580767232
2025-05-14 06:51:54,38.581,3.681,0,0,59.90,30555.67,31867.93,35,4890496,5369950,10383187968,37580767232
2025-05-14 06:51:54,38.936,3.704,0,4096,139.70,30555.67,31867.93,35,4890808,5370316,10383187968,37583712256
2025-05-14 06:51:54,39.843,3.895,0,3084288,59.90,30555.67,31867.93,35,4891018,5370529,10383187968,37583855616
2025-05-14 06:51:55,41.281,3.970,0,0,239.50,30555.67,31867.93,35,4891219,5370730,10383187968,37583855616
2025-05-14 06:51:55,43.734,4.054,0,0,39.90,30555.67,31867.93,35,4891421,5370932,10383187968,37583855616
2025-05-14 06:51:55,41.250,3.743,0,0,69.90,30555.67,31867.93,35,4891622,5371133,10383187968,37583855616
2025-05-14 06:51:55,41.543,3.752,0,0,49.90,30555.67,31867.93,35,4891821,5371332,10383187968,37583855616
2025-05-14 06:51:56,47.523,3.698,0,0,39.90,30555.67,31867.93,35,4892020,5371531,10383187968,37583855616
2025-05-14 06:51:56,42.300,3.858,0,28672,479.10,30555.67,31867.93,35,4892242,5371761,10383187968,37583949824
2025-05-14 06:51:56,46.280,4.360,0,163840,59.90,30555.67,31867.93,35,4892446,5371966,10383187968,37584048128
2025-05-14 06:51:56,40.432,3.720,0,0,69.90,30555.67,31867.93,35,4892646,5372166,10383187968,37584048128
2025-05-14 06:51:56,40.683,3.724,0,0,99.80,30555.67,31867.93,35,4892846,5372366,10383187968,37584048128
2025-05-14 06:51:57,45.150,3.911,0,16384,79.90,30555.67,31867.93,35,4893058,5372580,10383187968,37584130048
2025-05-14 06:51:57,40.756,3.793,0,65536,79.90,30555.67,31867.93,35,4893259,5372781,10383187968,37584130048
2025-05-14 06:51:57,41.002,3.820,0,0,109.80,30555.67,31867.93,35,4893460,5372982,10383187968,37584130048
2025-05-14 06:51:57,38.599,3.789,0,0,59.90,30555.67,31867.93,35,4893661,5373183,10383187968,37584130048
2025-05-14 06:51:57,39.597,3.684,0,0,79.90,30555.67,31867.93,35,4893857,5373379,10383187968,37584130048
2025-05-14 06:51:58,44.269,3.774,0,0,99.80,30555.67,31867.93,35,4894082,5373612,10383187968,37584248832
2025-05-14 06:51:58,40.982,3.800,0,118784,99.80,30555.67,31867.93,35,4894290,5373823,10383187968,37584281600
2025-05-14 06:51:58,39.770,3.802,0,102400,169.70,30555.67,31867.93,35,4894503,5374040,10383187968,37584392192
2025-05-14 06:51:58,46.099,4.547,0,454656,359.30,30555.67,31867.93,35,4894777,5374338,10383187968,37584871424
2025-05-14 06:51:58,47.476,4.622,0,65536,379.30,30555.67,31867.93,35,4894971,5374532,10383187968,37584871424
2025-05-14 06:51:59,46.695,4.494,0,0,289.50,30555.67,31867.93,35,4895172,5374733,10383187968,37584871424
2025-05-14 06:51:59,45.436,4.344,0,0,279.50,30555.67,31867.93,35,4895379,5374940,10383187968,37584871424
2025-05-14 06:51:59,45.085,4.461,0,0,289.50,30555.67,31867.93,35,4895580,5375141,10383187968,37584871424
2025-05-14 06:51:59,45.063,4.473,0,0,279.50,30555.67,31867.93,35,4895782,5375343,10383187968,37584871424
2025-05-14 06:51:59,45.884,4.413,0,0,269.60,30555.67,31867.93,35,4895988,5375552,10383187968,37584887808
2025-05-14 06:52:00,44.858,4.449,0,16384,339.40,30555.67,31867.93,35,4896192,5375755,10383187968,37584887808
2025-05-14 06:52:00,45.547,4.637,0,3424256,299.50,30555.67,31867.93,35,4896622,5376225,10383187968,37588320256
2025-05-14 06:52:00,45.391,4.579,0,8192,289.50,30555.67,31867.93,35,4896865,5376484,10383187968,37588422656
2025-05-14 06:52:00,44.939,4.424,0,110592,389.30,30555.67,31867.93,35,4897070,5376691,10383187968,37588430848
2025-05-14 06:52:00,46.108,4.611,0,0,379.40,30555.67,31867.93,35,4897271,5376892,10383187968,37588430848
2025-05-14 06:52:01,46.299,4.490,0,0,339.40,30555.67,31867.93,35,4897472,5377093,10383187968,37588430848
2025-05-14 06:52:01,44.978,4.739,0,0,309.40,30555.67,31867.93,35,4897689,5377320,10383187968,37588471808
2025-05-14 06:52:01,45.616,4.919,0,40960,389.30,30555.67,31867.93,35,4897886,5377517,10383187968,37588471808
2025-05-14 06:52:01,48.757,5.074,0,0,59.90,30555.67,31867.93,35,4898094,5377725,10383187968,37588471808
2025-05-14 06:52:01,42.929,3.818,0,0,69.90,30555.67,31867.93,35,4898294,5377925,10383187968,37588471808
2025-05-14 06:52:02,38.884,3.745,0,0,69.90,30555.67,31867.93,35,4898495,5378126,10383187968,37588471808
2025-05-14 06:52:02,40.379,3.950,0,0,89.80,30555.67,31867.93,35,4898697,5378328,10383187968,37588471808
2025-05-14 06:52:02,40.034,3.767,0,0,39.90,30555.67,31867.93,35,4898898,5378529,10383187968,37588471808
2025-05-14 06:52:02,38.514,3.719,0,0,109.80,30555.67,31867.93,35,4899098,5378729,10383187968,37588471808
2025-05-14 06:52:02,44.621,3.941,0,0,169.70,30555.67,31867.93,35,4899292,5378923,10383187968,37588471808
2025-05-14 06:52:03,42.709,3.886,0,0,159.70,30555.67,31867.93,35,4899493,5379124,10383187968,37588471808
2025-05-14 06:52:03,42.352,3.808,0,0,159.70,30555.67,31867.93,35,4899695,5379326,10383187968,37588471808
2025-05-14 06:52:03,40.623,3.766,0,0,59.90,30555.67,31867.93,35,4899896,5379527,10383187968,37588471808
2025-05-14 06:52:03,41.098,3.902,0,1253376,369.30,30555.67,31867.93,35,4900137,5379789,10383187968,37590007808
2025-05-14 06:52:03,47.119,4.520,4096,524288,439.20,30555.67,31867.93,35,4900430,5380112,10383192064,37590634496
2025-05-14 06:52:04,47.780,4.971,0,602112,449.30,30555.67,31867.93,35,4900693,5380401,10383192064,37590994944
2025-05-14 06:52:04,47.500,4.819,0,4255744,618.90,30555.67,31867.93,35,4901409,5381244,10383192064,37595459584
2025-05-14 06:52:04,48.597,4.790,0,532480,449.20,30555.67,31867.93,35,4901652,5381504,10383192064,37595729920
2025-05-14 06:52:04,46.013,4.790,0,176128,389.20,30555.67,31867.93,35,4901875,5381737,10383192064,37595893760
2025-05-14 06:52:04,45.800,4.681,0,163840,379.30,30555.67,31867.93,35,4902119,5381993,10383192064,37596065792
2025-05-14 06:52:05,45.589,4.695,0,176128,429.20,30555.67,31867.93,35,4902323,5382202,10383192064,37596221440
2025-05-14 06:52:05,45.431,4.726,0,65536,429.30,30555.67,31867.93,35,4902542,5382431,10383192064,37596340224
2025-05-14 06:52:05,46.114,4.609,0,118784,359.40,30555.67,31867.93,35,4902743,5382632,10383192064,37596340224
2025-05-14 06:52:05,46.612,4.413,0,0,209.60,30555.67,31867.93,35,4902942,5382831,10383192064,37596340224
2025-05-14 06:52:05,43.536,3.905,0,0,179.70,30555.67,31867.93,35,4903147,5383036,10383192064,37596340224
2025-05-14 06:52:06,42.673,3.855,0,0,179.70,30555.67,31867.93,35,4903354,5383245,10383192064,37596450816
2025-05-14 06:52:06,41.894,3.826,0,110592,99.80,30555.67,31867.93,35,4903556,5383447,10383192064,37596450816
2025-05-14 06:52:06,39.015,3.814,0,0,59.90,30555.67,31867.93,35,4903758,5383649,10383192064,37596450816
2025-05-14 06:52:06,38.643,3.737,0,0,49.90,30555.67,31867.93,35,4903958,5383849,10383192064,37596450816
2025-05-14 06:52:06,40.628,3.876,0,0,189.70,30555.67,31867.93,35,4904159,5384050,10383192064,37596450816
2025-05-14 06:52:07,44.879,4.285,0,0,229.60,30555.67,31867.93,35,4904361,5384252,10383192064,37596450816
2025-05-14 06:52:07,47.239,4.511,0,0,349.30,30555.67,31867.93,35,4904562,5384453,10383192064,37596450816
2025-05-14 06:52:07,46.901,4.581,0,0,319.40,30555.67,31867.93,35,4904764,5384655,10383192064,37596450816
2025-05-14 06:52:07,46.873,4.707,0,0,289.50,30555.67,31867.93,35,4904990,5384888,10383192064,37596520448
2025-05-14 06:52:07,48.292,4.592,0,69632,229.80,30555.67,31867.93,35,4905160,5385058,10383192064,37596520448
2025-05-14 06:52:08,48.710,4.421,0,0,299.40,30555.67,31867.93,35,4905367,5385265,10383192064,37596520448
2025-05-14 06:52:08,46.342,4.706,0,0,329.40,30555.67,31867.93,35,4905573,5385471,10383192064,37596520448
2025-05-14 06:52:08,45.771,4.693,0,0,319.40,30555.67,31867.93,35,4905773,5385671,10383192064,37596520448
2025-05-14 06:52:08,46.911,4.689,0,0,249.50,30555.67,31867.93,35,4905979,5385877,10383192064,37596520448
2025-05-14 06:52:08,48.650,4.785,0,0,359.40,30555.67,31867.93,35,4906176,5386074,10383192064,37596520448
2025-05-14 06:52:09,47.106,4.707,0,0,319.40,30555.67,31867.93,35,4906376,5386274,10383192064,37596520448
2025-05-14 06:52:09,46.449,4.709,0,0,319.40,30555.67,31867.93,35,4906578,5386476,10383192064,37596520448
2025-05-14 06:52:09,46.303,5.069,0,0,309.50,30555.67,31867.93,35,4906798,5386704,10383192064,37596639232
2025-05-14 06:52:09,48.341,4.861,0,118784,279.50,30555.67,31867.93,35,4907008,5386914,10383192064,37596639232
2025-05-14 06:52:09,46.769,4.658,0,0,249.60,30555.67,31867.93,35,4907197,5387103,10383192064,37596639232
2025-05-14 06:52:10,46.384,4.726,0,0,249.60,30555.67,31867.93,35,4907402,5387308,10383192064,37596639232
2025-05-14 06:52:10,43.415,4.744,0,0,299.40,30555.67,31867.93,35,4907602,5387508,10383192064,37596639232
2025-05-14 06:52:10,45.832,4.809,0,0,259.50,30555.67,31867.93,35,4907804,5387710,10383192064,37596639232
2025-05-14 06:52:10,45.364,4.692,0,0,269.50,30555.67,31867.93,35,4907993,5387899,10383192064,37596639232
2025-05-14 06:52:10,47.863,4.765,0,0,259.70,30555.67,31867.93,35,4908207,5388117,10383192064,37596659712
2025-05-14 06:52:11,46.709,4.736,0,20480,309.40,30555.67,31867.93,35,4908416,5388326,10383192064,37596659712
2025-05-14 06:52:11,48.460,4.895,0,0,229.50,30555.67,31867.93,35,4908617,5388527,10383192064,37596659712
2025-05-14 06:52:11,43.998,4.659,0,0,289.50,30555.67,31867.93,35,4908823,5388734,10383192064,37596688384
2025-05-14 06:52:11,44.622,4.453,0,28672,249.60,30555.67,31867.93,35,4909023,5388934,10383192064,37596688384
2025-05-14 06:52:11,46.601,4.415,0,0,269.50,30555.67,31867.93,35,4909247,5389165,10383192064,37596762112
2025-05-14 06:52:12,44.128,4.646,0,73728,289.50,30555.67,31867.93,35,4909452,5389370,10383192064,37596762112
2025-05-14 06:52:12,45.423,4.585,0,0,319.50,30555.67,31867.93,35,4909656,5389574,10383192064,37596762112
2025-05-14 06:52:12,45.874,4.568,0,0,309.50,30555.67,31867.93,35,4909860,5389778,10383192064,37596762112
2025-05-14 06:52:12,44.364,4.462,0,0,259.50,30555.67,31867.93,35,4910061,5389979,10383192064,37596762112
2025-05-14 06:52:12,44.655,4.522,0,0,329.40,30555.67,31867.93,35,4910262,5390180,10383192064,37596762112
2025-05-14 06:52:13,45.115,4.508,0,0,309.40,30555.67,31867.93,35,4910464,5390382,10383192064,37596762112
2025-05-14 06:52:13,44.522,4.583,0,0,339.40,30555.67,31867.93,35,4910663,5390581,10383192064,37596762112
2025-05-14 06:52:13,45.687,4.719,0,0,249.60,30555.67,31867.93,35,4910864,5390782,10383192064,37596762112
2025-05-14 06:52:13,43.702,4.528,0,0,309.50,30555.67,31867.93,35,4911054,5390972,10383192064,37596762112
2025-05-14 06:52:13,46.964,4.577,0,0,269.50,30555.67,31867.93,35,4911254,5391172,10383192064,37596762112
2025-05-14 06:52:14,47.433,4.614,0,0,279.50,30555.67,31867.93,35,4911451,5391369,10383192064,37596762112
2025-05-14 06:52:14,46.132,4.537,0,0,299.50,30555.67,31867.93,35,4911653,5391571,10383192064,37596762112
2025-05-14 06:52:14,45.418,4.572,0,0,259.60,30555.67,31867.93,35,4911855,5391773,10383192064,37596762112
2025-05-14 06:52:14,44.868,4.460,0,0,259.60,30555.67,31867.93,35,4912054,5391972,10383192064,37596762112
2025-05-14 06:52:14,46.031,4.468,0,0,339.40,30555.67,31867.93,35,4912279,5392205,10383192064,37596880896
2025-05-14 06:52:15,44.562,4.622,0,118784,269.50,30555.67,31867.93,35,4912480,5392406,10383192064,37596880896
2025-05-14 06:52:15,44.816,4.548,0,0,249.60,30555.67,31867.93,35,4912682,5392608,10383192064,37596880896
2025-05-14 06:52:15,45.171,4.650,0,0,289.50,30555.67,31867.93,35,4912880,5392806,10383192064,37596880896
2025-05-14 06:52:15,44.566,4.700,0,0,319.50,30555.67,31867.93,35,4913081,5393007,10383192064,37596880896
2025-05-14 06:52:15,45.657,4.605,0,4096,299.60,30555.67,31867.93,35,4913286,5393217,10383192064,37596884992
2025-05-14 06:52:16,45.896,4.606,0,0,339.30,30555.67,31867.93,35,4913486,5393417,10383192064,37596884992
2025-05-14 06:52:16,44.326,4.496,0,0,309.50,30555.67,31867.93,35,4913687,5393618,10383192064,37596884992
2025-05-14 06:52:16,45.283,4.629,0,0,309.50,30555.67,31867.93,35,4913889,5393820,10383192064,37596884992
2025-05-14 06:52:16,45.004,4.442,0,0,259.80,30555.67,31867.93,35,4914076,5394007,10383192064,37596884992
2025-05-14 06:52:16,45.785,4.487,0,0,289.50,30555.67,31867.93,35,4914277,5394208,10383192064,37596884992
2025-05-14 06:52:17,44.831,4.373,0,0,289.50,30555.67,31867.93,35,4914478,5394409,10383192064,37596884992
2025-05-14 06:52:17,44.970,4.439,0,53248,279.50,30555.67,31867.93,35,4914717,5394668,10383192064,37597007872
2025-05-14 06:52:17,44.498,4.575,0,69632,289.40,30555.67,31867.93,35,4914920,5394871,10383192064,37597007872
2025-05-14 06:52:17,44.574,4.397,0,0,269.50,30555.67,31867.93,35,4915121,5395072,10383192064,37597007872
2025-05-14 06:52:17,46.027,4.517,0,0,319.30,30555.67,31867.93,35,4915326,5395277,10383192064,37597007872
2025-05-14 06:52:18,45.456,4.565,0,0,299.40,30555.67,31867.93,35,4915528,5395479,10383192064,37597007872
2025-05-14 06:52:18,45.008,4.385,0,0,339.40,30555.67,31867.93,35,4915734,5395685,10383192064,37597007872
2025-05-14 06:52:18,45.856,4.544,0,0,329.30,30555.67,31867.93,35,4915933,5395884,10383192064,37597007872
2025-05-14 06:52:18,46.382,4.330,0,0,249.50,30555.67,31867.93,35,4916128,5396079,10383192064,37597007872
2025-05-14 06:52:18,46.207,4.257,0,2473984,309.40,30555.67,31867.93,35,4916632,5396676,10383192064,37599481856
2025-05-14 06:52:19,44.538,4.465,0,0,329.40,30555.67,31867.93,35,4916833,5396877,10383192064,37599481856
2025-05-14 06:52:19,45.455,4.468,0,0,359.30,30555.67,31867.93,35,4917036,5397080,10383192064,37599481856
2025-05-14 06:52:19,46.985,4.548,0,0,299.40,30555.67,31867.93,35,4917241,5397285,10383192064,37599481856
2025-05-14 06:52:19,45.200,4.384,0,0,229.60,30555.67,31867.93,35,4917443,5397487,10383192064,37599481856
2025-05-14 06:52:19,46.495,4.502,0,0,339.40,30555.67,31867.93,35,4917664,5397717,10383192064,37599600640
2025-05-14 06:52:20,46.061,4.552,0,118784,289.50,30555.67,31867.93,35,4917865,5397918,10383192064,37599600640
2025-05-14 06:52:20,44.717,4.435,0,0,319.40,30555.67,31867.93,35,4918066,5398119,10383192064,37599600640
2025-05-14 06:52:20,45.233,4.552,0,0,299.40,30555.67,31867.93,35,4918268,5398321,10383192064,37599600640
2025-05-14 06:52:20,44.725,4.381,0,0,269.50,30555.67,31867.93,35,4918461,5398514,10383192064,37599600640
2025-05-14 06:52:20,46.456,4.536,0,0,249.50,30555.67,31867.93,35,4918667,5398720,10383192064,37599600640
2025-05-14 06:52:21,44.800,4.485,0,24576,299.50,30555.67,31867.93,35,4918878,5398935,10383192064,37599625216
2025-05-14 06:52:21,45.091,4.457,0,0,289.50,30555.67,31867.93,35,4919079,5399136,10383192064,37599625216
2025-05-14 06:52:21,44.769,4.356,0,0,319.50,30555.67,31867.93,35,4919280,5399337,10383192064,37599625216
2025-05-14 06:52:21,44.929,4.313,0,0,299.50,30555.67,31867.93,35,4919471,5399528,10383192064,37599625216
2025-05-14 06:52:21,46.308,4.487,0,0,339.40,30555.67,31867.93,35,4919670,5399727,10383192064,37599625216
2025-05-14 06:52:22,44.988,4.376,0,0,289.50,30555.67,31867.93,35,4919871,5399928,10383192064,37599625216
2025-05-14 06:52:22,44.500,4.370,0,0,279.50,30555.67,31867.93,35,4920072,5400129,10383192064,37599625216
2025-05-14 06:52:22,44.794,4.357,0,69632,289.50,30555.67,31867.93,35,4920291,5400356,10383192064,37599694848
2025-05-14 06:52:22,44.984,4.406,0,0,279.50,30555.67,31867.93,35,4920480,5400545,10383192064,37599694848
2025-05-14 06:52:22,46.561,4.554,0,0,339.40,30555.67,31867.93,35,4920682,5400747,10383192064,37599694848
2025-05-14 06:52:23,43.502,4.455,0,0,369.30,30555.67,31867.93,35,4920883,5400948,10383192064,37599694848
2025-05-14 06:52:23,46.179,4.615,0,0,289.40,30555.67,31867.93,35,4921084,5401149,10383192064,37599694848
2025-05-14 06:52:23,45.757,4.544,0,0,279.50,30555.67,31867.93,35,4921283,5401348,10383192064,37599694848
2025-05-14 06:52:23,45.033,4.490,0,0,329.40,30555.67,31867.93,35,4921481,5401546,10383192064,37599694848
2025-05-14 06:52:23,46.549,4.594,0,118784,299.80,30555.67,31867.93,35,4921700,5401774,10383192064,37599813632
2025-05-14 06:52:24,45.080,4.482,0,0,319.50,30555.67,31867.93,35,4921901,5401975,10383192064,37599813632
2025-05-14 06:52:24,45.208,4.516,0,0,299.50,30555.67,31867.93,35,4922102,5402176,10383192064,37599813632
2025-05-14 06:52:24,43.111,4.774,0,0,319.40,30555.67,31867.93,35,4922303,5402377,10383192064,37599813632
2025-05-14 06:52:24,45.193,4.505,0,0,249.60,30555.67,31867.93,35,4922502,5402576,10383192064,37599813632
2025-05-14 06:52:24,46.130,4.581,0,0,319.40,30555.67,31867.93,35,4922703,5402777,10383192064,37599813632
2025-05-14 06:52:25,45.030,4.571,0,0,329.40,30555.67,31867.93,35,4922901,5402975,10383192064,37599813632
2025-05-14 06:52:25,44.687,4.592,0,0,279.50,30555.67,31867.93,35,4923102,5403176,10383192064,37599813632
2025-05-14 06:52:25,45.749,4.560,0,0,329.50,30555.67,31867.93,35,4923304,5403378,10383192064,37599813632
2025-05-14 06:52:25,45.302,4.593,0,0,349.40,30555.67,31867.93,35,4923510,5403584,10383192064,37599813632
2025-05-14 06:52:25,46.786,4.685,0,0,339.40,30555.67,31867.93,35,4923713,5403787,10383192064,37599813632
2025-05-14 06:52:26,45.336,4.503,0,4096,309.50,30555.67,31867.93,35,4923918,5403994,10383192064,37599817728
2025-05-14 06:52:26,45.102,4.470,0,69632,299.50,30555.67,31867.93,35,4924137,5404220,10383192064,37599887360
2025-05-14 06:52:26,45.265,4.470,0,0,309.50,30555.67,31867.93,35,4924337,5404420,10383192064,37599887360
2025-05-14 06:52:26,45.829,4.491,0,0,299.50,30555.67,31867.93,35,4924542,5404625,10383192064,37599887360
2025-05-14 06:52:27,45.858,4.544,0,0,309.50,30555.67,31867.93,35,4924742,5404825,10383192064,37599887360
2025-05-14 06:52:27,45.119,4.374,0,0,319.40,30555.67,31867.93,35,4924943,5405026,10383192064,37599887360
2025-05-14 06:52:27,44.459,4.621,0,0,299.50,30555.67,31867.93,35,4925144,5405227,10383192064,37599887360
2025-05-14 06:52:27,45.208,4.488,0,0,339.40,30555.67,31867.93,35,4925348,5405431,10383192064,37599887360
2025-05-14 06:52:27,46.016,4.416,0,0,299.30,30555.67,31867.93,35,4925542,5405625,10383192064,37599887360
2025-05-14 06:52:28,45.556,4.410,0,0,289.50,30555.67,31867.93,35,4925743,5405826,10383192064,37599887360
2025-05-14 06:52:28,44.737,4.276,0,0,299.50,30555.67,31867.93,35,4925945,5406028,10383192064,37599887360
2025-05-14 06:52:28,44.982,4.420,0,0,269.60,30555.67,31867.93,35,4926146,5406229,10383192064,37599887360
2025-05-14 06:52:28,45.659,4.368,0,0,249.60,30555.67,31867.93,35,4926346,5406429,10383192064,37599887360
2025-05-14 06:52:28,45.411,4.352,0,0,309.50,30555.67,31867.93,35,4926542,5406625,10383192064,37599887360
2025-05-14 06:52:29,45.564,4.407,0,0,309.50,30555.67,31867.93,35,4926743,5406826,10383192064,37599887360
2025-05-14 06:52:29,45.498,4.425,0,0,269.60,30555.67,31867.93,35,4926944,5407027,10383192064,37599887360
2025-05-14 06:52:29,44.665,4.531,0,0,269.50,30555.67,31867.93,35,4927146,5407229,10383192064,37599887360
2025-05-14 06:52:29,43.982,4.754,0,1241088,209.70,30555.67,31867.93,35,4927398,5407495,10383192064,37601136640
2025-05-14 06:52:29,43.766,4.209,0,8192,159.70,30555.67,31867.93,35,4927606,5407705,10383192064,37601153024
2025-05-14 06:52:30,43.500,3.922,0,16384,159.70,30555.67,31867.93,35,4927807,5407906,10383192064,37601153024
2025-05-14 06:52:30,42.356,3.833,0,0,399.30,30555.67,31867.93,35,4928013,5408112,10383192064,37601153024
2025-05-14 06:52:30,43.499,4.292,0,0,159.70,30555.67,31867.93,35,4928214,5408313,10383192064,37601153024
2025-05-14 06:52:30,42.391,3.857,0,0,159.70,30555.67,31867.93,35,4928414,5408513,10383192064,37601153024
2025-05-14 06:52:30,44.230,3.852,0,0,159.70,30555.67,31867.93,35,4928608,5408707,10383192064,37601153024
2025-05-14 06:52:31,44.869,3.876,0,0,169.70,30555.67,31867.93,35,4928819,5408922,10383192064,37601177600
2025-05-14 06:52:31,42.079,3.808,0,24576,79.80,30555.67,31867.93,35,4929021,5409124,10383192064,37601177600
2025-05-14 06:52:31,39.849,3.939,0,0,59.90,30555.67,31867.93,35,4929226,5409331,10383192064,37601210368
2025-05-14 06:52:31,36.986,3.789,0,32768,69.90,30555.67,31867.93,35,4929427,5409532,10383192064,37601210368
2025-05-14 06:52:31,40.077,3.792,0,0,139.70,30555.67,31867.93,35,4929620,5409725,10383192064,37601210368
2025-05-14 06:52:32,43.492,4.214,0,0,149.70,30555.67,31867.93,35,4929822,5409927,10383192064,37601210368
2025-05-14 06:52:32,42.493,4.104,0,81920,49.90,30555.67,31867.93,35,4930029,5410136,10383192064,37601292288
2025-05-14 06:52:32,40.107,3.758,0,0,49.90,30555.67,31867.93,35,4930230,5410337,10383192064,37601292288
2025-05-14 06:52:32,40.437,3.740,0,0,59.90,30555.67,31867.93,35,4930431,5410538,10383192064,37601292288
2025-05-14 06:52:32,41.959,3.760,0,0,50.00,30555.67,31867.93,35,4930632,5410739,10383192064,37601292288
2025-05-14 06:52:33,40.269,3.803,0,24576,79.90,30555.67,31867.93,35,4930833,5410944,10383192064,37601316864
2025-05-14 06:52:33,40.973,3.919,0,0,49.90,30555.67,31867.93,35,4931034,5411145,10383192064,37601316864
2025-05-14 06:52:33,38.529,3.738,0,0,109.80,30555.67,31867.93,35,4931235,5411346,10383192064,37601316864
2025-05-14 06:52:33,40.890,3.853,0,12288,69.90,30555.67,31867.93,35,4931443,5411556,10383192064,37601460224
2025-05-14 06:52:33,42.364,3.854,0,1363968,49.90,30555.67,31867.93,35,4931688,5411811,10383192064,37602758656
2025-05-14 06:52:34,41.303,3.884,0,65536,399.20,30555.67,31867.93,35,4931916,5412047,10383192064,37602971648
2025-05-14 06:52:34,47.402,4.888,0,360448,329.40,30555.67,31867.93,35,4932145,5412293,10383192064,37603315712
2025-05-14 06:52:34,45.980,4.715,0,196608,379.40,30555.67,31867.93,35,4932345,5412493,10383192064,37603315712
2025-05-14 06:52:34,46.448,4.800,0,0,319.40,30555.67,31867.93,35,4932583,5412752,10383196160,37603450880
2025-05-14 06:52:34,45.122,4.190,4096,135168,149.70,30555.67,31867.93,35,4932784,5412953,10383196160,37603450880
2025-05-14 06:52:35,42.637,4.022,0,0,69.90,30555.67,31867.93,35,4932985,5413154,10383196160,37603450880
2025-05-14 06:52:35,41.533,3.947,0,0,289.40,30555.67,31867.93,35,4933191,5413360,10383196160,37603450880
2025-05-14 06:52:35,47.824,4.701,0,0,389.20,30555.67,31867.93,35,4933385,5413555,10383196160,37603450880
2025-05-14 06:52:35,48.575,4.534,0,0,169.70,30555.67,31867.93,35,4933580,5413749,10383196160,37603450880
2025-05-14 06:52:35,45.164,3.875,0,0,49.90,30555.67,31867.93,35,4933782,5413951,10383196160,37603450880
2025-05-14 06:52:36,42.905,3.797,0,0,59.90,30555.67,31867.93,35,4933983,5414152,10383196160,37603450880
2025-05-14 06:52:36,40.093,3.698,0,0,79.90,30555.67,31867.93,35,4934193,5414365,10383196160,37603463168
2025-05-14 06:52:36,38.430,3.738,0,12288,39.90,30555.67,31867.93,35,4934394,5414566,10383196160,37603463168
2025-05-14 06:52:36,42.349,4.024,0,0,299.40,30555.67,31867.93,35,4934584,5414756,10383196160,37603463168
2025-05-14 06:52:36,49.165,4.573,0,0,279.50,30555.67,31867.93,35,4934780,5414952,10383196160,37603463168
2025-05-14 06:52:37,48.796,4.581,0,0,319.50,30555.67,31867.93,35,4934979,5415151,10383196160,37603463168
2025-05-14 06:52:37,44.870,4.619,0,0,309.60,30555.67,31867.93,35,4935183,5415355,10383196160,37603463168
2025-05-14 06:52:37,45.914,4.653,0,0,329.40,30555.67,31867.93,35,4935384,5415556,10383196160,37603463168
2025-05-14 06:52:37,48.318,5.058,0,0,299.40,30555.67,31867.93,35,4935575,5415747,10383196160,37603463168
2025-05-14 06:52:37,48.385,4.770,0,0,299.40,30555.67,31867.93,35,4935773,5415945,10383196160,37603463168
2025-05-14 06:52:38,46.459,4.710,0,0,239.60,30555.67,31867.93,35,4935973,5416145,10383196160,37603463168
2025-05-14 06:52:38,44.333,4.608,0,0,309.50,30555.67,31867.93,35,4936175,5416347,10383196160,37603463168
2025-05-14 06:52:38,45.248,4.651,0,0,319.40,30555.67,31867.93,35,4936376,5416548,10383196160,37603463168
2025-05-14 06:52:38,45.946,4.619,0,0,309.40,30555.67,31867.93,35,4936579,5416751,10383196160,37603463168
2025-05-14 06:52:38,48.910,4.610,0,0,269.50,30555.67,31867.93,35,4936780,5416952,10383196160,37603463168
2025-05-14 06:52:39,46.346,4.520,0,0,359.40,30555.67,31867.93,35,4936981,5417153,10383196160,37603463168
2025-05-14 06:52:39,47.249,5.066,0,0,309.40,30555.67,31867.93,35,4937183,5417355,10383196160,37603463168
2025-05-14 06:52:39,46.321,5.053,0,0,339.40,30555.67,31867.93,35,4937561,5417777,10383196160,37605421056
2025-05-14 06:52:39,45.703,4.666,0,2023424,369.30,30555.67,31867.93,35,4937768,5417995,10383196160,37605584896
2025-05-14 06:52:39,47.103,4.682,0,405504,499.20,30555.67,31867.93,35,4938098,5418368,10383196160,37606350848
2025-05-14 06:52:40,47.811,4.818,0,716800,539.10,30555.67,31867.93,35,4938372,5418669,10383196160,37606744064
2025-05-14 06:52:40,48.151,4.771,0,212992,199.60,30555.67,31867.93,35,4938585,5418886,10383196160,37606887424
2025-05-14 06:52:40,42.942,3.991,0,65536,169.70,30555.67,31867.93,35,4938790,5419091,10383196160,37606887424
2025-05-14 06:52:40,42.846,3.934,0,0,159.70,30555.67,31867.93,35,4938991,5419292,10383196160,37606887424
2025-05-14 06:52:40,43.279,3.960,0,0,159.70,30555.67,31867.93,35,4939194,5419495,10383196160,37606887424
2025-05-14 06:52:41,41.115,4.076,0,0,169.70,30555.67,31867.93,35,4939395,5419696,10383196160,37606887424
2025-05-14 06:52:41,42.331,3.912,0,0,149.80,30555.67,31867.93,35,4939596,5419897,10383196160,37606887424
2025-05-14 06:52:41,42.755,4.117,0,0,159.70,30555.67,31867.93,35,4939798,5420099,10383196160,37606887424
2025-05-14 06:52:41,42.566,3.992,0,0,159.80,30555.67,31867.93,35,4939999,5420300,10383196160,37606887424
2025-05-14 06:52:41,44.463,4.047,0,0,159.70,30555.67,31867.93,35,4940200,5420501,10383196160,37606887424
2025-05-14 06:52:42,44.924,4.074,0,0,169.70,30555.67,31867.93,35,4940399,5420700,10383196160,37606887424
2025-05-14 06:52:42,43.086,3.928,0,0,159.70,30555.67,31867.93,35,4940601,5420902,10383196160,37606887424
2025-05-14 06:52:42,42.390,3.959,0,0,159.70,30555.67,31867.93,35,4940802,5421103,10383196160,37606887424
2025-05-14 06:52:42,41.060,3.885,0,0,49.90,30555.67,31867.93,35,4941002,5421303,10383196160,37606887424
2025-05-14 06:52:42,42.707,3.897,0,0,149.70,30555.67,31867.93,35,4941202,5421503,10383196160,37606887424
2025-05-14 06:52:43,41.536,4.033,0,0,49.90,30555.67,31867.93,35,4941403,5421704,10383196160,37606887424
2025-05-14 06:52:43,41.136,3.809,0,0,59.90,30555.67,31867.93,35,4941605,5421906,10383196160,37606887424
2025-05-14 06:52:43,38.675,3.783,0,0,69.90,30555.67,31867.93,35,4941806,5422107,10383196160,37606887424
2025-05-14 06:52:43,38.360,3.765,0,0,59.90,30555.67,31867.93,35,4942007,5422308,10383196160,37606887424
2025-05-14 06:52:43,42.218,3.779,0,0,39.90,30555.67,31867.93,35,4942209,5422510,10383196160,37606887424
2025-05-14 06:52:44,38.205,3.801,0,0,79.90,30555.67,31867.93,35,4942410,5422711,10383196160,37606887424
2025-05-14 06:52:44,40.197,3.913,0,0,69.90,30555.67,31867.93,35,4942611,5422912,10383196160,37606887424
2025-05-14 06:52:44,39.922,3.848,0,0,109.80,30555.67,31867.93,35,4942812,5423113,10383196160,37606887424
2025-05-14 06:52:44,43.174,4.087,0,0,209.60,30555.67,31867.93,35,4943015,5423316,10383196160,37606887424
2025-05-14 06:52:44,45.286,4.173,0,0,99.80,30555.67,31867.93,35,4943216,5423517,10383196160,37606887424
2025-05-14 06:52:45,38.629,3.729,0,0,99.80,30555.67,31867.93,35,4943424,5423723,10383200256,37606887424
2025-05-14 06:52:45,40.382,3.865,4096,2555904,49.90,30555.67,31867.93,35,4943929,5424286,10383200256,37609508864
2025-05-14 06:52:45,39.458,3.735,0,65536,59.90,30555.67,31867.93,35,4944130,5424487,10383200256,37609508864
2025-05-14 06:52:45,38.449,3.674,0,0,49.90,30555.67,31867.93,35,4944331,5424688,10383200256,37609508864
2025-05-14 06:52:45,40.999,3.780,0,12288,59.90,30555.67,31867.93,35,4944542,5424902,10383200256,37609586688
2025-05-14 06:52:46,41.192,3.814,0,90112,39.90,30555.67,31867.93,35,4944749,5425111,10383200256,37609676800
2025-05-14 06:52:46,40.669,3.786,0,65536,59.90,30555.67,31867.93,35,4944950,5425312,10383200256,37609676800
2025-05-14 06:52:46,39.580,3.749,0,0,59.90,30555.67,31867.93,35,4945151,5425513,10383200256,37609676800
2025-05-14 06:52:46,40.415,3.898,0,0,59.90,30555.67,31867.93,35,4945352,5425714,10383200256,37609676800
2025-05-14 06:52:46,44.483,3.872,0,0,79.80,30555.67,31867.93,35,4945553,5425915,10383200256,37609676800
2025-05-14 06:52:47,46.111,3.909,0,0,99.80,30555.67,31867.93,35,4945754,5426116,10383200256,37609676800
2025-05-14 06:52:47,44.694,4.400,0,73728,369.40,30555.67,31867.93,35,4945978,5426348,10383200256,37609816064
2025-05-14 06:52:47,46.958,4.609,0,65536,199.70,30555.67,31867.93,35,4946179,5426549,10383200256,37609816064
2025-05-14 06:52:47,45.240,4.180,0,0,199.60,30555.67,31867.93,35,4946371,5426741,10383200256,37609816064
2025-05-14 06:52:47,48.395,4.489,0,0,169.70,30555.67,31867.93,35,4946560,5426930,10383200256,37609816064
2025-05-14 06:52:48,44.667,4.407,0,0,219.60,30555.67,31867.93,35,4946761,5427131,10383200256,37609816064
2025-05-14 06:52:48,45.337,4.276,0,0,219.60,30555.67,31867.93,35,4946962,5427332,10383200256,37609816064
2025-05-14 06:52:48,47.004,4.542,0,0,189.60,30555.67,31867.93,35,4947160,5427530,10383200256,37609816064
2025-05-14 06:52:48,47.857,4.506,0,0,209.60,30555.67,31867.93,35,4947354,5427724,10383200256,37609816064
2025-05-14 06:52:48,47.753,4.195,0,0,69.90,30555.67,31867.93,35,4947560,5427932,10383200256,37609951232
2025-05-14 06:52:49,39.433,3.777,0,135168,49.90,30555.67,31867.93,35,4947761,5428133,10383200256,37609951232
2025-05-14 06:52:49,41.329,3.756,0,0,49.90,30555.67,31867.93,35,4947964,5428336,10383200256,37609951232
2025-05-14 06:52:49,45.432,3.855,0,0,99.80,30555.67,31867.93,35,4948165,5428537,10383200256,37609951232
2025-05-14 06:52:49,43.670,3.954,0,0,49.90,30555.67,31867.93,35,4948366,5428738,10383200256,37609951232
2025-05-14 06:52:49,45.679,4.184,0,0,269.50,30555.67,31867.93,35,4948568,5428940,10383200256,37609951232
2025-05-14 06:52:50,47.733,4.665,0,0,89.80,30555.67,31867.93,35,4948769,5429141,10383200256,37609951232
2025-05-14 06:52:50,42.368,3.994,0,0,49.90,30555.67,31867.93,35,4948970,5429342,10383200256,37609951232
2025-05-14 06:52:50,38.959,3.806,0,0,69.90,30555.67,31867.93,35,4949171,5429544,10383200256,37609951232
2025-05-14 06:52:50,37.750,3.828,0,0,39.90,30555.67,31867.93,35,4949374,5429746,10383200256,37609951232
2025-05-14 06:52:50,45.632,3.906,0,0,49.90,30555.67,31867.93,35,4949569,5429941,10383200256,37609951232
2025-05-14 06:52:51,40.097,3.891,0,0,79.80,30555.67,31867.93,35,4949768,5430140,10383200256,37609951232
2025-05-14 06:52:51,44.896,4.172,0,0,199.60,30555.67,31867.93,35,4949962,5430334,10383200256,37609951232
2025-05-14 06:52:51,45.508,4.342,0,1445888,159.70,30555.67,31867.93,35,4950262,5430659,10383200256,37611409408
2025-05-14 06:52:51,42.325,4.271,0,12288,159.70,30555.67,31867.93,35,4950464,5430861,10383200256,37611409408
2025-05-14 06:52:51,46.539,4.094,0,0,149.70,30555.67,31867.93,35,4950663,5431060,10383200256,37611409408
2025-05-14 06:52:52,43.702,3.981,0,0,159.70,30555.67,31867.93,35,4950864,5431261,10383200256,37611409408
2025-05-14 06:52:52,43.987,3.915,0,0,159.70,30555.67,31867.93,35,4951065,5431463,10383200256,37611409408
2025-05-14 06:52:52,42.338,3.804,0,0,159.70,30555.67,31867.93,35,4951267,5431664,10383200256,37611409408
2025-05-14 06:52:52,42.691,3.939,0,0,159.70,30555.67,31867.93,35,4951466,5431863,10383200256,37611409408
2025-05-14 06:52:52,44.082,3.941,0,0,169.70,30555.67,31867.93,35,4951667,5432064,10383200256,37611409408
2025-05-14 06:52:53,42.287,3.871,0,0,149.70,30555.67,31867.93,35,4951868,5432265,10383200256,37611409408
2025-05-14 06:52:53,42.366,3.945,0,0,169.70,30555.67,31867.93,35,4952070,5432467,10383200256,37611409408
2025-05-14 06:52:53,41.919,3.863,0,0,169.70,30555.67,31867.93,35,4952271,5432668,10383200256,37611409408
2025-05-14 06:52:53,44.876,4.144,0,0,159.70,30555.67,31867.93,35,4952472,5432869,10383200256,37611409408
2025-05-14 06:52:53,44.348,4.086,0,0,149.70,30555.67,31867.93,35,4952674,5433071,10383200256,37611409408
2025-05-14 06:52:54,42.785,4.012,0,0,79.80,30555.67,31867.93,35,4952875,5433272,10383200256,37611409408
2025-05-14 06:52:54,39.281,3.871,0,0,99.90,30555.67,31867.93,35,4953085,5433480,10383486976,37611409408
2025-05-14 06:52:54,42.765,4.073,286720,0,119.80,30555.67,31867.93,35,4953286,5433681,10383486976,37611409408
2025-05-14 06:52:54,42.375,4.128,4096,0,199.60,30555.67,31867.93,35,4953526,5433906,10383761408,37611409408
2025-05-14 06:52:54,46.839,4.309,282624,98304,79.90,30555.67,31867.93,35,4953769,5434152,10383790080,37611573248
2025-05-14 06:52:55,44.674,4.222,81920,163840,79.80,30555.67,31867.93,35,4954040,5434428,10383855616,37611786240
2025-05-14 06:52:55,41.209,3.898,0,114688,59.90,30555.67,31867.93,35,4954241,5434629,10383855616,37611786240
2025-05-14 06:52:55,41.836,3.931,0,0,59.90,30555.67,31867.93,35,4954443,5434831,10383855616,37611786240
2025-05-14 06:52:55,40.598,3.794,0,0,49.90,30555.67,31867.93,35,4954642,5435030,10383855616,37611786240
2025-05-14 06:52:55,42.972,3.828,0,0,59.90,30555.67,31867.93,35,4954846,5435234,10383855616,37611786240
2025-05-14 06:52:56,40.087,3.760,0,0,39.90,30555.67,31867.93,35,4955047,5435435,10383855616,37611786240
2025-05-14 06:52:56,40.538,3.767,0,0,39.90,30555.67,31867.93,35,4955248,5435636,10383855616,37611786240
2025-05-14 06:52:56,40.051,3.829,0,0,49.90,30555.67,31867.93,35,4955456,5435846,10383855616,37611798528
2025-05-14 06:52:56,41.140,3.815,0,12288,49.90,30555.67,31867.93,35,4955656,5436046,10383855616,37611798528
2025-05-14 06:52:56,38.777,3.885,0,4096,59.90,30555.67,31867.93,35,4955860,5436251,10383855616,37611802624
2025-05-14 06:52:57,39.330,3.797,0,0,49.90,30555.67,31867.93,35,4956061,5436452,10383855616,37611802624
2025-05-14 06:52:57,40.121,3.759,0,0,69.90,30555.67,31867.93,35,4956262,5436653,10383855616,37611802624
2025-05-14 06:52:57,37.605,3.753,0,0,169.70,30555.67,31867.93,35,4956592,5437021,10383855616,37613469696
2025-05-14 06:52:57,42.620,3.931,0,1925120,59.90,30555.67,31867.93,35,4956803,5437238,10383855616,37613727744
2025-05-14 06:52:58,39.794,3.697,0,0,49.90,30555.67,31867.93,35,4957004,5437439,10383855616,37613727744
2025-05-14 06:52:58,39.396,3.751,0,0,69.90,30555.67,31867.93,35,4957205,5437640,10383855616,37613727744
2025-05-14 06:52:58,39.850,3.876,0,0,59.90,30555.67,31867.93,35,4957407,5437842,10383855616,37613727744
2025-05-14 06:52:58,40.475,3.729,0,0,139.70,30555.67,31867.93,35,4957637,5438062,10383912960,37613727744
2025-05-14 06:52:58,44.212,4.138,73728,126976,149.70,30555.67,31867.93,35,4958281,5438628,10383933440,37613887488
2025-05-14 06:52:59,45.229,4.270,4096,294912,139.80,30555.67,31867.93,35,4958560,5438921,10383933440,37614174208
2025-05-14 06:52:59,39.127,3.832,0,143360,49.90,30555.67,31867.93,35,4958777,5439143,10383933440,37614292992
2025-05-14 06:52:59,39.519,3.688,0,0,59.90,30555.67,31867.93,35,4958977,5439343,10383933440,37614292992
2025-05-14 06:52:59,40.178,3.669,0,0,79.90,30555.67,31867.93,35,4959178,5439544,10383933440,37614292992
2025-05-14 06:52:59,39.522,3.746,0,0,69.90,30555.67,31867.93,35,4959379,5439745,10383933440,37614292992
2025-05-14 06:53:00,38.728,3.707,0,0,69.90,30555.67,31867.93,35,4959589,5439957,10383933440,37614301184
2025-05-14 06:53:00,38.450,3.700,0,73728,69.90,30555.67,31867.93,35,4959794,5440163,10383933440,37614366720
2025-05-14 06:53:00,38.460,3.754,0,0,59.90,30555.67,31867.93,35,4959995,5440364,10383933440,37614366720
2025-05-14 06:53:00,39.604,3.814,0,53248,89.80,30555.67,31867.93,35,4960231,5440608,10383941632,37614563328
2025-05-14 06:53:00,45.181,3.932,8192,208896,129.80,30555.67,31867.93,35,4960447,5440819,10383958016,37614628864
2025-05-14 06:53:01,44.342,3.992,16384,86016,59.90,30555.67,31867.93,35,4960668,5441043,10383958016,37614714880
2025-05-14 06:53:01,41.770,3.913,0,0,169.70,30555.67,31867.93,35,4960934,5441341,10383958016,37616635904
2025-05-14 06:53:01,39.319,3.871,0,1986560,69.90,30555.67,31867.93,35,4961138,5441546,10383958016,37616701440
2025-05-14 06:53:01,36.550,3.686,0,0,59.90,30555.67,31867.93,35,4961339,5441747,10383958016,37616701440
2025-05-14 06:53:01,41.212,3.848,0,0,59.90,30555.67,31867.93,35,4961540,5441948,10383958016,37616701440
2025-05-14 06:53:02,41.303,4.034,86016,0,179.70,30555.67,31867.93,35,4961955,5442410,10384052224,37618761728
2025-05-14 06:53:02,42.483,4.187,155648,2117632,169.70,30555.67,31867.93,35,4962225,5442673,10384289792,37618892800
2025-05-14 06:53:02,43.330,4.362,221184,376832,748.70,30555.67,31867.93,35,4962663,5443119,10384449536,37619712000
2025-05-14 06:53:02,50.851,5.943,344064,1159168,479.60,30555.67,31867.93,35,4963111,5443634,10384764928,37620981760
2025-05-14 06:53:02,47.951,4.890,0,839680,319.40,30555.67,31867.93,35,4963376,5443926,10384764928,37621264384
2025-05-14 06:53:03,48.329,4.594,0,147456,449.20,30555.67,31867.93,35,4963609,5444171,10384764928,37621460992
2025-05-14 06:53:03,45.698,4.600,0,188416,489.10,30555.67,31867.93,35,4963829,5444391,10384797696,37621596160
2025-05-14 06:53:03,46.329,4.877,32768,110592,449.10,30555.67,31867.93,35,4964069,5444639,10384822272,37621735424
2025-05-14 06:53:03,47.198,5.106,212992,217088,59.90,30555.67,31867.93,35,4964327,5444901,10385010688,37621923840
2025-05-14 06:53:03,42.586,3.872,0,65536,49.90,30555.67,31867.93,35,4964529,5445103,10385010688,37621923840
2025-05-14 06:53:04,40.463,3.785,0,0,49.90,30555.67,31867.93,35,4964730,5445304,10385010688,37621923840
2025-05-14 06:53:04,39.187,3.778,0,0,89.90,30555.67,31867.93,35,4964931,5445505,10385010688,37621923840
2025-05-14 06:53:04,37.655,3.806,0,0,69.90,30555.67,31867.93,35,4965133,5445707,10385010688,37621923840
2025-05-14 06:53:04,40.899,4.164,0,16384,79.90,30555.67,31867.93,35,4965338,5445914,10385010688,37621940224
2025-05-14 06:53:04,45.470,4.108,0,0,69.90,30555.67,31867.93,35,4965537,5446113,10385010688,37621940224
2025-05-14 06:53:05,42.548,3.917,0,0,79.90,30555.67,31867.93,35,4965739,5446315,10385010688,37621940224
2025-05-14 06:53:05,40.028,3.877,0,0,69.90,30555.67,31867.93,35,4965940,5446516,10385010688,37621940224
2025-05-14 06:53:05,37.798,3.731,0,0,209.60,30555.67,31867.93,35,4966139,5446715,10385010688,37621940224
2025-05-14 06:53:05,43.509,4.174,0,0,369.30,30555.67,31867.93,35,4966336,5446912,10385010688,37621940224
2025-05-14 06:53:05,46.877,4.334,0,0,199.60,30555.67,31867.93,35,4966521,5447097,10385010688,37621940224
2025-05-14 06:53:06,49.272,4.479,0,0,179.70,30555.67,31867.93,35,4966711,5447287,10385010688,37621948416
2025-05-14 06:53:06,46.922,4.266,0,270336,289.50,30555.67,31867.93,35,4966915,5447494,10385010688,37622210560
2025-05-14 06:53:06,44.996,4.339,0,0,199.60,30555.67,31867.93,35,4967116,5447695,10385010688,37622210560
2025-05-14 06:53:06,45.095,4.325,0,4460544,159.70,30555.67,31867.93,35,4967862,5448549,10385010688,37626671104
2025-05-14 06:53:06,44.911,4.160,0,0,179.70,30555.67,31867.93,35,4968065,5448752,10385010688,37626671104
2025-05-14 06:53:07,43.430,4.075,0,0,149.80,30555.67,31867.93,35,4968267,5448954,10385010688,37626671104
2025-05-14 06:53:07,42.590,3.983,0,0,179.70,30555.67,31867.93,35,4968468,5449155,10385010688,37626671104
2025-05-14 06:53:07,42.292,3.884,0,0,149.80,30555.67,31867.93,35,4968672,5449360,10385010688,37626675200
2025-05-14 06:53:07,42.251,3.956,0,4096,179.70,30555.67,31867.93,35,4968873,5449561,10385010688,37626675200
2025-05-14 06:53:07,45.634,3.966,0,0,149.80,30555.67,31867.93,35,4969072,5449760,10385010688,37626675200
2025-05-14 06:53:08,42.545,3.924,0,0,159.70,30555.67,31867.93,35,4969279,5449967,10385010688,37626675200
2025-05-14 06:53:08,42.598,3.995,0,0,159.70,30555.67,31867.93,35,4969480,5450168,10385010688,37626675200
2025-05-14 06:53:08,42.211,3.862,0,0,149.80,30555.67,31867.93,35,4969681,5450369,10385010688,37626675200
2025-05-14 06:53:08,42.592,3.902,0,0,169.70,30555.67,31867.93,35,4969881,5450569,10385010688,37626675200
2025-05-14 06:53:08,44.198,3.984,0,0,129.80,30555.67,31867.93,35,4970082,5450770,10385010688,37626675200
2025-05-14 06:53:09,39.293,3.869,0,0,59.90,30555.67,31867.93,35,4970284,5450972,10385010688,37626675200
2025-05-14 06:53:09,38.016,3.799,0,0,89.80,30555.67,31867.93,35,4970491,5451177,10385031168,37626675200
2025-05-14 06:53:09,39.930,3.948,20480,0,149.70,30555.67,31867.93,35,4970746,5451418,10385096704,37626712064
2025-05-14 06:53:09,43.817,3.988,65536,102400,59.90,30555.67,31867.93,35,4970950,5451623,10385096704,37626777600
2025-05-14 06:53:09,44.444,3.884,0,0,39.90,30555.67,31867.93,35,4971150,5451823,10385096704,37626777600
2025-05-14 06:53:10,42.072,3.766,0,0,39.90,30555.67,31867.93,35,4971351,5452024,10385096704,37626777600
2025-05-14 06:53:10,40.220,3.775,0,0,59.90,30555.67,31867.93,35,4971556,5452229,10385096704,37626777600
2025-05-14 06:53:10,39.432,3.701,0,0,49.90,30555.67,31867.93,35,4971758,5452431,10385096704,37626777600
2025-05-14 06:53:10,39.383,3.769,0,0,79.90,30555.67,31867.93,35,4971958,5452631,10385096704,37626777600
2025-05-14 06:53:10,40.382,3.913,0,2334720,49.90,30555.67,31867.93,35,4972359,5453078,10385096704,37629112320
2025-05-14 06:53:11,38.181,3.783,0,0,69.90,30555.67,31867.93,35,4972560,5453279,10385096704,37629112320
2025-05-14 06:53:11,37.264,3.760,0,0,49.90,30555.67,31867.93,35,4972761,5453480,10385096704,37629112320
2025-05-14 06:53:11,37.675,3.740,0,0,59.90,30555.67,31867.93,35,4972963,5453682,10385096704,37629112320
2025-05-14 06:53:11,40.947,3.750,0,0,89.80,30555.67,31867.93,35,4973170,5453888,10385100800,37629112320
2025-05-14 06:53:11,42.337,4.252,126976,32768,149.80,30555.67,31867.93,35,4973378,5454097,10385223680,37629145088
2025-05-14 06:53:12,42.708,4.422,0,0,159.70,30555.67,31867.93,35,4973579,5454298,10385223680,37629145088
2025-05-14 06:53:12,42.506,3.994,0,0,149.70,30555.67,31867.93,35,4973780,5454499,10385223680,37629145088
2025-05-14 06:53:12,42.296,3.861,0,0,159.70,30555.67,31867.93,35,4973982,5454701,10385223680,37629145088
2025-05-14 06:53:12,42.167,3.874,0,0,169.70,30555.67,31867.93,35,4974190,5454912,10385223680,37629157376
2025-05-14 06:53:12,44.244,4.015,0,12288,159.70,30555.67,31867.93,35,4974391,5455113,10385223680,37629157376
2025-05-14 06:53:13,42.128,3.859,0,0,159.70,30555.67,31867.93,35,4974592,5455314,10385223680,37629157376
2025-05-14 06:53:13,42.103,3.960,0,0,149.80,30555.67,31867.93,35,4974793,5455515,10385223680,37629157376
2025-05-14 06:53:13,42.276,3.968,0,0,149.70,30555.67,31867.93,35,4974994,5455716,10385223680,37629157376
2025-05-14 06:53:13,43.027,4.258,0,0,199.70,30555.67,31867.93,35,4975195,5455917,10385223680,37629157376
2025-05-14 06:53:13,43.337,4.511,0,0,209.60,30555.67,31867.93,35,4975396,5456118,10385223680,37629157376
2025-05-14 06:53:14,43.352,4.639,0,0,249.50,30555.67,31867.93,35,4975598,5456320,10385223680,37629157376
2025-05-14 06:53:14,42.988,4.234,0,0,159.70,30555.67,31867.93,35,4975799,5456521,10385223680,37629157376
2025-05-14 06:53:14,42.510,4.024,0,0,169.70,30555.67,31867.93,35,4976000,5456722,10385223680,37629157376
2025-05-14 06:53:14,42.728,3.970,0,0,149.80,30555.67,31867.93,35,4976200,5456922,10385223680,37629157376
2025-05-14 06:53:14,42.434,3.934,0,0,159.80,30555.67,31867.93,35,4976401,5457123,10385223680,37629157376
2025-05-14 06:53:15,41.092,3.927,0,0,139.70,30555.67,31867.93,35,4976603,5457325,10385223680,37629157376
2025-05-14 06:53:15,42.363,4.283,0,0,139.80,30555.67,31867.93,35,4976803,5457525,10385223680,37629157376
2025-05-14 06:53:15,42.353,4.024,0,0,159.70,30555.67,31867.93,35,4977004,5457726,10385223680,37629157376
2025-05-14 06:53:15,41.976,3.885,0,0,179.80,30555.67,31867.93,35,4977205,5457927,10385223680,37629157376
2025-05-14 06:53:15,41.988,4.093,0,0,159.70,30555.67,31867.93,35,4977406,5458128,10385223680,37629157376
2025-05-14 06:53:16,41.476,3.984,0,0,159.70,30555.67,31867.93,35,4977607,5458329,10385223680,37629157376
2025-05-14 06:53:16,40.960,3.897,0,0,59.90,30555.67,31867.93,35,4977808,5458531,10385223680,37629157376
2025-05-14 06:53:16,38.858,3.852,0,0,269.50,30555.67,31867.93,35,4978008,5458730,10385223680,37629157376
2025-05-14 06:53:16,47.275,4.745,0,0,399.30,30555.67,31867.93,35,4978205,5458926,10385223680,37629157376
2025-05-14 06:53:16,50.587,4.950,0,0,379.30,30555.67,31867.93,35,4978423,5459140,10385235968,37629157376
2025-05-14 06:53:17,49.480,4.863,196608,1183744,469.10,30555.67,31867.93,35,4978796,5459511,10386063360,37630427136
2025-05-14 06:53:17,49.503,4.896,798720,151552,79.90,30555.67,31867.93,35,4979017,5459727,10386219008,37630492672
2025-05-14 06:53:17,38.761,3.837,0,0,59.90,30555.67,31867.93,35,4979219,5459929,10386219008,37630492672
2025-05-14 06:53:17,37.198,3.739,0,0,139.80,30555.67,31867.93,35,4979425,5460135,10386219008,37630492672
2025-05-14 06:53:17,46.000,4.196,0,0,149.70,30555.67,31867.93,35,4979624,5460334,10386219008,37630492672
2025-05-14 06:53:18,44.808,4.096,0,0,169.70,30555.67,31867.93,35,4979826,5460536,10386219008,37630492672
2025-05-14 06:53:18,43.026,4.050,0,0,149.70,30555.67,31867.93,35,4980027,5460737,10386219008,37630492672
2025-05-14 06:53:18,41.953,3.988,0,0,199.60,30555.67,31867.93,35,4980227,5460937,10386219008,37630492672
2025-05-14 06:53:18,45.144,4.386,0,28672,119.80,30555.67,31867.93,35,4980433,5461146,10386219008,37630603264
2025-05-14 06:53:18,46.344,4.249,0,81920,169.70,30555.67,31867.93,35,4980620,5461333,10386219008,37630603264
2025-05-14 06:53:19,43.007,4.096,0,0,59.90,30555.67,31867.93,35,4980821,5461534,10386219008,37630603264
2025-05-14 06:53:19,41.287,3.936,0,0,269.50,30555.67,31867.93,35,4981029,5461742,10386219008,37630603264
2025-05-14 06:53:19,44.891,4.139,0,0,59.90,30555.67,31867.93,35,4981230,5461943,10386219008,37630603264
2025-05-14 06:53:19,38.053,3.722,0,0,69.90,30555.67,31867.93,35,4981431,5462144,10386219008,37630603264
2025-05-14 06:53:19,43.233,3.772,0,0,109.90,30555.67,31867.93,35,4981631,5462344,10386219008,37630603264
2025-05-14 06:53:20,39.918,3.888,0,106496,289.40,30555.67,31867.93,35,4981849,5462569,10386219008,37630709760
2025-05-14 06:53:20,47.443,4.854,0,0,429.10,30555.67,31867.93,35,4982049,5462767,10386219008,37630709760
2025-05-14 06:53:20,45.936,4.430,0,0,39.90,30555.67,31867.93,35,4982260,5462980,10386219008,37630722048
2025-05-14 06:53:20,40.075,3.762,0,12288,59.90,30555.67,31867.93,35,4982460,5463180,10386219008,37630722048
2025-05-14 06:53:20,41.481,3.802,0,4096,49.90,30555.67,31867.93,35,4982665,5463386,10386219008,37630726144
2025-05-14 06:53:21,39.905,3.765,0,0,39.90,30555.67,31867.93,35,4982866,5463587,10386219008,37630726144
2025-05-14 06:53:21,40.292,3.734,0,0,49.90,30555.67,31867.93,35,4983067,5463788,10386219008,37630726144
2025-05-14 06:53:21,38.773,3.699,0,0,49.90,30555.67,31867.93,35,4983268,5463989,10386219008,37630726144
2025-05-14 06:53:21,38.653,3.663,0,0,59.90,30555.67,31867.93,35,4983469,5464191,10386219008,37630726144
2025-05-14 06:53:21,40.556,3.931,0,0,239.60,30555.67,31867.93,35,4983730,5464543,10386333696,37632389120
2025-05-14 06:53:22,42.593,4.103,114688,1671168,149.70,30555.67,31867.93,35,4983934,5464748,10386333696,37632397312
2025-05-14 06:53:22,41.330,3.884,0,0,69.90,30555.67,31867.93,35,4984135,5464949,10386333696,37632397312
2025-05-14 06:53:22,39.076,3.771,0,0,69.90,30555.67,31867.93,35,4984336,5465150,10386333696,37632397312
2025-05-14 06:53:22,41.434,3.914,0,0,49.90,30555.67,31867.93,35,4984537,5465351,10386333696,37632397312
2025-05-14 06:53:22,42.635,3.884,0,0,39.90,30555.67,31867.93,35,4984737,5465551,10386333696,37632397312
2025-05-14 06:53:23,40.586,3.814,0,0,99.80,30555.67,31867.93,35,4984938,5465752,10386333696,37632397312
2025-05-14 06:53:23,43.238,4.315,0,0,219.60,30555.67,31867.93,35,4985150,5465967,10386333696,37632466944
2025-05-14 06:53:23,43.593,4.112,0,311296,159.70,30555.67,31867.93,35,4985382,5466211,10386333696,37632925696
2025-05-14 06:53:23,41.884,3.944,0,282624,149.70,30555.67,31867.93,35,4985613,5466452,10386333696,37633105920
2025-05-14 06:53:23,43.970,3.986,0,180224,259.60,30555.67,31867.93,35,4985827,5466670,10386333696,37633232896
2025-05-14 06:53:24,44.050,4.022,0,126976,169.70,30555.67,31867.93,35,4986031,5466875,10386333696,37633298432
2025-05-14 06:53:24,45.314,4.157,0,2240512,219.60,30555.67,31867.93,35,4986307,5467179,10386333696,37635735552
2025-05-14 06:53:24,45.375,4.201,0,331776,179.70,30555.67,31867.93,35,4986566,5467457,10386333696,37636018176
2025-05-14 06:53:24,43.643,4.088,69632,356352,149.70,30555.67,31867.93,35,4986777,5467673,10386403328,37636292608
2025-05-14 06:53:24,45.209,4.078,0,65536,229.60,30555.67,31867.93,35,4986984,5467883,10386403328,37636337664
2025-05-14 06:53:25,45.546,4.304,0,114688,209.60,30555.67,31867.93,35,4987191,5468094,10386403328,37636472832
2025-05-14 06:53:25,45.920,4.319,0,106496,179.70,30555.67,31867.93,35,4987398,5468303,10386403328,37636579328
2025-05-14 06:53:25,45.047,4.227,0,65536,269.50,30555.67,31867.93,35,4987607,5468515,10386403328,37636665344
2025-05-14 06:53:25,44.754,4.133,0,172032,189.70,30555.67,31867.93,35,4987837,5468756,10386403328,37636861952
2025-05-14 06:53:25,47.581,4.159,0,389120,159.70,30555.67,31867.93,35,4988054,5468981,10386403328,37637148672
2025-05-14 06:53:26,43.935,3.941,0,8192,149.70,30555.67,31867.93,35,4988263,5469193,10386403328,37637160960
2025-05-14 06:53:26,43.428,3.914,0,12288,159.70,30555.67,31867.93,35,4988464,5469394,10386403328,37637160960
2025-05-14 06:53:26,43.014,4.036,0,2494464,169.70,30555.67,31867.93,35,4988892,5469869,10386403328,37639729152
2025-05-14 06:53:26,43.704,4.003,0,73728,129.80,30555.67,31867.93,35,4989084,5470061,10386403328,37639729152
2025-05-14 06:53:26,47.886,4.032,0,0,149.70,30555.67,31867.93,35,4989284,5470261,10386403328,37639729152
2025-05-14 06:53:27,43.892,3.938,0,8192,149.70,30555.67,31867.93,35,4989492,5470471,10386403328,37639802880
2025-05-14 06:53:27,44.071,4.071,0,65536,139.80,30555.67,31867.93,35,4989693,5470672,10386403328,37639802880
2025-05-14 06:53:27,43.537,3.936,0,0,159.70,30555.67,31867.93,35,4989894,5470873,10386403328,37639802880
2025-05-14 06:53:27,43.963,3.963,0,4096,159.70,30555.67,31867.93,35,4990101,5471082,10386403328,37639872512
2025-05-14 06:53:27,45.523,4.013,0,65536,139.80,30555.67,31867.93,35,4990302,5471283,10386403328,37639872512
2025-05-14 06:53:28,43.515,3.932,0,0,139.80,30555.67,31867.93,35,4990504,5471485,10386403328,37639872512
2025-05-14 06:53:28,43.384,3.990,0,397312,469.20,30555.67,31867.93,35,4990761,5471757,10386403328,37640548352
2025-05-14 06:53:28,49.833,5.222,0,1282048,519.40,30555.67,31867.93,35,4991117,5472154,10386403328,37642240000
2025-05-14 06:53:28,47.707,4.822,0,860160,309.40,30555.67,31867.93,35,4991349,5472394,10386403328,37642481664
2025-05-14 06:53:28,48.802,4.596,0,135168,359.40,30555.67,31867.93,35,4991557,5472608,10386403328,37642743808
2025-05-14 06:53:29,48.154,4.697,0,405504,409.20,30555.67,31867.93,35,4991789,5472852,10386403328,37643124736
2025-05-14 06:53:29,47.183,4.807,0,413696,399.30,30555.67,31867.93,35,4992014,5473085,10386403328,37643440128
2025-05-14 06:53:29,46.253,4.776,0,225280,399.30,30555.67,31867.93,35,4992237,5473316,10386403328,37643657216
2025-05-14 06:53:29,46.372,4.518,0,65536,259.50,30555.67,31867.93,35,4992434,5473513,10386403328,37643657216
2025-05-14 06:53:30,48.683,4.709,0,69632,469.20,30555.67,31867.93,35,4992652,5473735,10386403328,37643862016
2025-05-14 06:53:30,47.088,4.977,0,233472,479.00,30555.67,31867.93,35,4992874,5473964,10386403328,37644017664
2025-05-14 06:53:30,48.429,5.027,0,262144,429.20,30555.67,31867.93,35,4993122,5474230,10386403328,37644316672
2025-05-14 06:53:30,46.742,4.837,0,573440,479.20,30555.67,31867.93,35,4993839,5475097,10386403328,37648924672
2025-05-14 06:53:30,46.949,4.754,0,4128768,309.50,30555.67,31867.93,35,4994020,5475279,10386403328,37648961536
2025-05-14 06:53:31,48.193,5.070,0,327680,479.20,30555.67,31867.93,35,4994284,5475560,10386403328,37649412096
2025-05-14 06:53:31,46.511,5.146,0,253952,479.10,30555.67,31867.93,35,4994510,5475794,10386403328,37649702912
2025-05-14 06:53:31,46.382,4.579,0,196608,419.30,30555.67,31867.93,35,4994711,5475995,10386403328,37649702912
2025-05-14 06:53:31,46.154,4.394,0,0,439.20,30555.67,31867.93,35,4994919,5476204,10386403328,37649707008
2025-05-14 06:53:31,44.992,4.676,0,73728,359.40,30555.67,31867.93,35,4995126,5476415,10386403328,37649784832
2025-05-14 06:53:32,44.363,4.748,0,8192,379.30,30555.67,31867.93,35,4995327,5476616,10386403328,37649784832
2025-05-14 06:53:32,44.611,4.638,0,16384,389.30,30555.67,31867.93,35,4995538,5476829,10386403328,37649866752
2025-05-14 06:53:32,45.312,4.535,0,65536,349.40,30555.67,31867.93,35,4995755,5477051,10386403328,37649940480
2025-05-14 06:53:32,45.791,4.619,0,200704,319.50,30555.67,31867.93,35,4995980,5477289,10386403328,37650194432
2025-05-14 06:53:32,45.770,4.459,0,192512,429.30,30555.67,31867.93,35,4996221,5477545,10386403328,37650620416
2025-05-14 06:53:33,46.357,4.673,0,430080,339.40,30555.67,31867.93,35,4996424,5477752,10386403328,37650804736
2025-05-14 06:53:33,46.061,4.763,0,299008,319.40,30555.67,31867.93,35,4996649,5477985,10386403328,37651177472
2025-05-14 06:53:33,45.617,4.717,0,393216,319.50,30555.67,31867.93,35,4996873,5478218,10386403328,37651615744
2025-05-14 06:53:33,44.421,4.606,0,311296,319.50,30555.67,31867.93,35,4997104,5478461,10386403328,37651881984
2025-05-14 06:53:33,44.662,4.558,0,282624,339.50,30555.67,31867.93,35,4997319,5478682,10386403328,37652135936
2025-05-14 06:53:34,45.357,4.466,0,163840,279.60,30555.67,31867.93,35,4997529,5478895,10386403328,37652209664
2025-05-14 06:53:34,45.657,4.675,0,233472,349.40,30555.67,31867.93,35,4997735,5479105,10386403328,37652398080
2025-05-14 06:53:34,45.586,4.638,0,90112,289.40,30555.67,31867.93,35,4997939,5479310,10386403328,37652463616
2025-05-14 06:53:34,46.049,4.768,0,0,279.50,30555.67,31867.93,35,4998140,5479511,10386403328,37652463616
2025-05-14 06:53:34,45.848,4.799,0,0,279.40,30555.67,31867.93,35,4998340,5479711,10386403328,37652463616
2025-05-14 06:53:35,46.043,4.815,0,4059136,369.30,30555.67,31867.93,35,4998950,5480547,10386403328,37657202688
2025-05-14 06:53:35,45.557,4.667,0,753664,359.40,30555.67,31867.93,35,4999151,5480750,10386403328,37657276416
2025-05-14 06:53:35,45.397,4.581,0,49152,289.60,30555.67,31867.93,35,4999358,5480962,10386403328,37657513984
2025-05-14 06:53:35,44.869,4.601,0,188416,359.40,30555.67,31867.93,35,4999559,5481163,10386403328,37657513984
2025-05-14 06:53:35,45.154,4.728,0,0,359.40,30555.67,31867.93,35,4999762,5481367,10386403328,37657538560
2025-05-14 06:53:36,44.981,4.782,0,90112,419.30,30555.67,31867.93,35,4999985,5481597,10386403328,37657714688
2025-05-14 06:53:36,45.179,4.805,0,151552,329.50,30555.67,31867.93,35,5000195,5481810,10386403328,37657755648
2025-05-14 06:53:36,44.749,4.752,0,0,329.50,30555.67,31867.93,35,5000404,5482022,10386403328,37657829376
2025-05-14 06:53:36,44.477,4.646,0,73728,339.40,30555.67,31867.93,35,5000643,5482276,10386403328,37659119616
2025-05-14 06:53:36,45.110,4.602,0,1880064,309.50,30555.67,31867.93,35,5000852,5482492,10386403328,37659844608
2025-05-14 06:53:37,45.788,4.570,0,135168,279.60,30555.67,31867.93,35,5001046,5482686,10386403328,37659844608
2025-05-14 06:53:37,44.481,4.450,0,4096,369.40,30555.67,31867.93,35,5001259,5482907,10386403328,37660442624
2025-05-14 06:53:37,46.127,4.470,0,593920,319.50,30555.67,31867.93,35,5001460,5483108,10386403328,37660442624
2025-05-14 06:53:37,45.186,4.417,0,0,309.50,30555.67,31867.93,35,5001661,5483309,10386403328,37660442624
2025-05-14 06:53:37,44.709,4.575,0,0,289.60,30555.67,31867.93,35,5001926,5483607,10386403328,37660585984
2025-05-14 06:53:38,45.158,4.553,0,143360,319.50,30555.67,31867.93,35,5002130,5483812,10386403328,37660590080
2025-05-14 06:53:38,44.813,4.507,0,200704,299.50,30555.67,31867.93,35,5002340,5484024,10386403328,37660786688
2025-05-14 06:53:38,44.581,4.430,0,0,299.70,30555.67,31867.93,35,5002541,5484225,10386403328,37660786688
2025-05-14 06:53:38,44.582,4.461,0,0,319.50,30555.67,31867.93,35,5002753,5484441,10386403328,37660807168
2025-05-14 06:53:38,44.733,4.575,0,20480,339.40,30555.67,31867.93,35,5002954,5484642,10386403328,37660807168
2025-05-14 06:53:39,45.074,4.441,0,0,349.40,30555.67,31867.93,35,5003381,5485122,10386403328,37663059968
2025-05-14 06:53:39,45.574,4.410,0,2449408,319.50,30555.67,31867.93,35,5003586,5485330,10386403328,37663256576
2025-05-14 06:53:39,44.021,4.446,0,0,329.50,30555.67,31867.93,35,5003788,5485532,10386403328,37663256576
2025-05-14 06:53:39,44.452,4.567,0,8192,319.50,30555.67,31867.93,35,5003996,5485742,10386403328,37663330304
2025-05-14 06:53:39,46.024,4.711,0,65536,259.50,30555.67,31867.93,35,5004200,5485946,10386403328,37663330304
2025-05-14 06:53:40,43.601,4.629,0,0,289.50,30555.67,31867.93,35,5004398,5486144,10386403328,37663330304
2025-05-14 06:53:40,43.334,4.639,0,0,289.50,30555.67,31867.93,35,5004603,5486349,10386403328,37663330304
2025-05-14 06:53:40,45.306,4.522,0,0,279.60,30555.67,31867.93,35,5004804,5486550,10386403328,37663330304
2025-05-14 06:53:40,44.638,4.505,0,0,339.40,30555.67,31867.93,35,5005004,5486750,10386403328,37663330304
2025-05-14 06:53:40,44.993,4.584,0,0,269.50,30555.67,31867.93,35,5005205,5486951,10386403328,37663330304
2025-05-14 06:53:41,44.620,4.378,0,0,289.40,30555.67,31867.93,35,5005406,5487152,10386403328,37663330304
2025-05-14 06:53:41,44.774,4.426,0,16384,279.50,30555.67,31867.93,35,5005615,5487364,10386403328,37663346688
2025-05-14 06:53:41,43.029,4.481,0,0,289.50,30555.67,31867.93,35,5005817,5487566,10386403328,37663346688
2025-05-14 06:53:41,44.765,4.440,0,0,299.50,30555.67,31867.93,35,5006018,5487767,10386403328,37663346688
2025-05-14 06:53:41,44.785,4.435,0,0,299.40,30555.67,31867.93,35,5006225,5487976,10386403328,37663473664
2025-05-14 06:53:42,45.048,4.480,0,126976,289.50,30555.67,31867.93,35,5006426,5488177,10386403328,37663473664
2025-05-14 06:53:42,44.496,4.387,0,0,289.50,30555.67,31867.93,35,5006627,5488378,10386403328,37663473664
2025-05-14 06:53:42,43.436,4.501,0,0,329.50,30555.67,31867.93,35,5006829,5488580,10386403328,37663473664
2025-05-14 06:53:42,44.813,4.527,0,0,339.60,30555.67,31867.93,35,5007029,5488780,10386403328,37663473664
2025-05-14 06:53:42,45.248,4.601,0,0,339.40,30555.67,31867.93,35,5007230,5488981,10386403328,37663473664
2025-05-14 06:53:43,44.733,4.504,0,0,379.30,30555.67,31867.93,35,5007431,5489182,10386403328,37663473664
2025-05-14 06:53:43,45.822,4.851,0,1167360,329.50,30555.67,31867.93,35,5007685,5489455,10386403328,37664706560
2025-05-14 06:53:43,44.837,4.670,0,65536,299.40,30555.67,31867.93,35,5007889,5489661,10386403328,37664710656
2025-05-14 06:53:43,44.903,4.545,0,200704,309.50,30555.67,31867.93,35,5008096,5489872,10386403328,37664911360
2025-05-14 06:53:43,45.526,4.556,0,69632,319.50,30555.67,31867.93,35,5008290,5490067,10386403328,37664976896
2025-05-14 06:53:44,44.458,4.484,0,0,349.40,30555.67,31867.93,35,5008494,5490271,10386403328,37664976896
2025-05-14 06:53:44,47.221,4.562,0,0,319.50,30555.67,31867.93,35,5008693,5490470,10386403328,37664976896
2025-05-14 06:53:44,45.362,4.500,0,0,329.50,30555.67,31867.93,35,5008894,5490671,10386403328,37664976896
2025-05-14 06:53:44,45.521,4.526,0,0,319.50,30555.67,31867.93,35,5009087,5490864,10386403328,37664976896
2025-05-14 06:53:44,46.420,4.509,0,0,289.40,30555.67,31867.93,35,5009283,5491060,10386403328,37664976896
2025-05-14 06:53:45,45.185,4.568,0,0,349.40,30555.67,31867.93,35,5009485,5491262,10386403328,37664976896
2025-05-14 06:53:45,46.220,4.637,0,0,319.50,30555.67,31867.93,35,5009686,5491463,10386403328,37664976896
2025-05-14 06:53:45,45.160,4.516,0,0,299.50,30555.67,31867.93,35,5009887,5491664,10386403328,37664976896
2025-05-14 06:53:45,45.686,4.574,0,0,319.40,30555.67,31867.93,35,5010091,5491868,10386403328,37664976896
2025-05-14 06:53:45,46.005,4.881,0,0,389.20,30555.67,31867.93,35,5010298,5492075,10386403328,37664976896
2025-05-14 06:53:46,47.255,4.901,0,45056,339.40,30555.67,31867.93,35,5010519,5492303,10386403328,37665103872
2025-05-14 06:53:46,46.965,4.985,0,86016,399.20,30555.67,31867.93,35,5010726,5492511,10386403328,37665107968
2025-05-14 06:53:46,47.379,5.003,0,0,399.30,30555.67,31867.93,35,5010933,5492720,10386403328,37665181696
2025-05-14 06:53:46,47.521,5.062,0,204800,399.30,30555.67,31867.93,35,5011130,5492918,10386403328,37665312768
2025-05-14 06:53:46,47.127,4.827,0,0,379.30,30555.67,31867.93,35,5011333,5493122,10386403328,37665333248
2025-05-14 06:53:47,44.680,4.313,0,90112,209.60,30555.67,31867.93,35,5011567,5493370,10386403328,37665509376
2025-05-14 06:53:47,44.294,4.132,0,172032,359.40,30555.67,31867.93,35,5011772,5493576,10386403328,37665574912
2025-05-14 06:53:47,46.614,4.534,0,0,279.40,30555.67,31867.93,35,5011969,5493773,10386403328,37665574912
2025-05-14 06:53:47,44.855,4.642,0,0,279.50,30555.67,31867.93,35,5012169,5493973,10386403328,37665574912
2025-05-14 06:53:47,46.224,4.523,0,0,319.40,30555.67,31867.93,35,5012369,5494173,10386403328,37665574912
2025-05-14 06:53:48,45.362,4.514,0,0,299.50,30555.67,31867.93,35,5012569,5494373,10386403328,37665574912
2025-05-14 06:53:48,44.255,4.547,0,0,289.40,30555.67,31867.93,35,5012771,5494575,10386403328,37665574912
2025-05-14 06:53:48,45.591,4.580,0,2076672,329.40,30555.67,31867.93,35,5013072,5494996,10386403328,37667717120
2025-05-14 06:53:48,44.919,4.430,0,65536,269.50,30555.67,31867.93,35,5013268,5495192,10386403328,37667717120
2025-05-14 06:53:48,45.685,4.426,0,0,339.40,30555.67,31867.93,35,5013470,5495394,10386403328,37667717120
2025-05-14 06:53:49,44.278,4.478,0,0,349.40,30555.67,31867.93,35,5013671,5495595,10386403328,37667717120
2025-05-14 06:53:49,45.356,4.496,0,0,279.50,30555.67,31867.93,35,5013871,5495795,10386403328,37667717120
2025-05-14 06:53:49,44.895,4.406,0,0,299.60,30555.67,31867.93,35,5014077,5496001,10386403328,37667717120
2025-05-14 06:53:49,45.105,4.369,0,0,289.50,30555.67,31867.93,35,5014278,5496202,10386403328,37667717120
2025-05-14 06:53:49,45.081,4.398,0,40960,309.50,30555.67,31867.93,35,5014490,5496416,10386403328,37667823616
2025-05-14 06:53:50,45.422,4.617,0,163840,289.50,30555.67,31867.93,35,5014708,5496641,10386403328,37668089856
2025-05-14 06:53:50,44.802,4.420,0,405504,299.50,30555.67,31867.93,35,5014957,5496906,10386403328,37668532224
2025-05-14 06:53:50,45.460,4.557,0,503808,329.50,30555.67,31867.93,35,5015209,5497172,10386403328,37669023744
2025-05-14 06:53:50,45.605,4.717,0,483328,399.30,30555.67,31867.93,35,5015464,5497446,10386403328,37669535744
2025-05-14 06:53:50,45.755,4.590,0,446464,329.50,30555.72,31867.93,35,5015704,5497699,10386403328,37669928960
2025-05-14 06:53:51,45.209,4.538,0,319488,299.50,30555.72,31867.93,35,5015932,5497936,10386403328,37670203392
2025-05-14 06:53:51,45.190,4.612,0,258048,329.40,30555.72,31867.93,35,5016167,5498184,10386403328,37670424576
2025-05-14 06:53:51,45.066,4.522,0,151552,349.50,30555.72,31867.93,35,5016386,5498409,10386403328,37670559744
2025-05-14 06:53:51,45.627,4.528,0,151552,389.30,30555.72,31867.93,35,5016590,5498616,10386403328,37670711296
2025-05-14 06:53:51,45.465,4.534,0,69632,369.40,30555.72,31867.93,35,5016797,5498824,10386403328,37670739968
2025-05-14 06:53:52,44.662,4.837,0,143360,339.40,30555.72,31867.93,35,5017015,5499046,10386403328,37670920192
2025-05-14 06:53:52,45.580,4.678,0,81920,349.40,30555.72,31867.93,35,5017228,5499263,10386403328,37671006208
2025-05-14 06:53:52,45.410,4.653,0,69632,319.50,30555.72,31867.93,35,5017435,5499472,10386403328,37671014400
2025-05-14 06:53:52,44.984,4.444,0,8192,329.40,30555.72,31867.93,35,5017636,5499673,10386403328,37671014400
2025-05-14 06:53:52,45.232,4.372,0,53248,269.50,30555.72,31867.93,35,5017868,5499918,10386403328,37671067648
2025-05-14 06:53:53,45.117,4.591,0,3846144,279.50,30555.77,31867.93,35,5018527,5500682,10386403328,37674921984
2025-05-14 06:53:53,43.724,4.522,0,20480,319.50,30555.77,31867.93,35,5018737,5500895,10386403328,37675008000
2025-05-14 06:53:53,44.928,4.418,0,73728,269.60,30555.77,31867.93,35,5018938,5501096,10386403328,37675008000
2025-05-14 06:53:53,44.552,4.347,0,0,329.50,30555.77,31867.93,35,5019139,5501297,10386403328,37675008000
2025-05-14 06:53:53,45.179,4.361,0,0,299.50,30555.77,31867.93,35,5019340,5501498,10386403328,37675008000
2025-05-14 06:53:54,44.988,4.434,0,0,259.60,30555.77,31867.93,35,5019541,5501699,10386403328,37675008000
2025-05-14 06:53:54,44.524,4.368,0,81920,289.60,30555.77,31867.93,35,5019748,5501908,10386403328,37675089920
2025-05-14 06:53:54,44.675,4.444,0,0,299.50,30555.77,31867.93,35,5019950,5502110,10386403328,37675089920
2025-05-14 06:53:54,45.084,4.512,0,0,299.50,30555.77,31867.93,35,5020147,5502307,10386403328,37675089920
2025-05-14 06:53:54,44.008,4.431,0,81920,319.50,30555.77,31867.93,35,5020354,5502516,10386403328,37675171840
2025-05-14 06:53:55,44.657,4.455,0,12288,309.50,30555.77,31867.93,35,5020560,5502725,10386403328,37675184128
2025-05-14 06:53:55,44.729,4.365,0,0,259.60,30555.77,31867.93,35,5020761,5502926,10386403328,37675184128
2025-05-14 06:53:55,44.778,4.374,0,0,269.60,30555.77,31867.93,35,5020962,5503127,10386403328,37675184128
2025-05-14 06:53:55,44.390,4.395,0,0,299.50,30555.77,31867.93,35,5021164,5503329,10386403328,37675184128
2025-05-14 06:53:55,44.915,4.417,0,0,299.50,30555.77,31867.93,35,5021365,5503530,10386403328,37675184128
2025-05-14 06:53:56,44.700,4.322,0,143360,339.60,30555.77,31867.93,35,5021589,5503763,10386403328,37675393024
2025-05-14 06:53:56,44.414,4.437,0,81920,309.50,30555.77,31867.93,35,5021798,5503975,10386403328,37675409408
2025-05-14 06:53:56,44.649,4.420,0,0,289.50,30555.77,31867.93,35,5021999,5504176,10386403328,37675409408
2025-05-14 06:53:56,44.639,4.471,0,0,279.60,30555.77,31867.93,35,5022199,5504376,10386403328,37675409408
2025-05-14 06:53:56,44.850,4.385,0,0,269.60,30555.77,31867.93,35,5022399,5504576,10386403328,37675409408
2025-05-14 06:53:57,44.356,4.395,0,0,259.60,30555.77,31867.93,35,5022600,5504777,10386403328,37675409408
2025-05-14 06:53:57,43.753,4.482,0,2228224,299.50,30555.77,31867.93,35,5023026,5505252,10386403328,37677637632
2025-05-14 06:53:57,44.514,4.452,0,0,269.60,30555.77,31867.93,35,5023227,5505453,10386403328,37677637632
2025-05-14 06:53:57,44.955,4.505,0,0,269.60,30555.77,31867.93,35,5023428,5505654,10386403328,37677637632
2025-05-14 06:53:57,44.675,4.409,0,28672,269.50,30555.77,31867.93,35,5023635,5505863,10386403328,37677682688
2025-05-14 06:53:58,42.011,4.603,0,16384,329.40,30555.77,31867.93,35,5023843,5506074,10386403328,37677731840
2025-05-14 06:53:58,44.058,4.509,0,114688,359.30,30555.77,31867.93,35,5024051,5506286,10386403328,37677862912
2025-05-14 06:53:58,45.545,4.700,0,65536,319.50,30555.77,31867.93,35,5024252,5506487,10386403328,37677862912
2025-05-14 06:53:58,44.909,4.521,0,4096,299.50,30555.77,31867.93,35,5024459,5506696,10386403328,37677932544
2025-05-14 06:53:58,44.881,4.392,0,65536,319.50,30555.77,31867.93,35,5024666,5506905,10386403328,37678002176
2025-05-14 06:53:59,44.854,4.511,0,69632,319.50,30555.77,31867.93,35,5024867,5507106,10386403328,37678002176
2025-05-14 06:53:59,44.690,4.364,0,0,299.40,30555.77,31867.93,35,5025068,5507307,10386403328,37678002176
2025-05-14 06:53:59,45.342,4.390,0,0,449.30,30555.77,31867.93,35,5025278,5507521,10386403328,37678088192
2025-05-14 06:53:59,47.374,4.589,0,483328,459.20,30555.77,31867.93,35,5025629,5507915,10386403328,37678845952
2025-05-14 06:53:59,46.686,4.662,0,610304,409.30,30555.77,31867.93,35,5025886,5508192,10386403328,37679198208
2025-05-14 06:54:00,46.451,4.249,0,102400,389.40,30555.77,31867.93,35,5026090,5508396,10386403328,37679198208
2025-05-14 06:54:00,45.411,4.154,0,0,449.20,30555.77,31867.93,35,5026347,5508678,10386403328,37680799744
2025-05-14 06:54:00,46.240,4.736,0,1769472,419.30,30555.77,31867.93,35,5026593,5508938,10386403328,37681209344
2025-05-14 06:54:00,45.056,4.697,0,311296,389.20,30555.77,31867.93,35,5026821,5509175,10386403328,37681561600
2025-05-14 06:54:00,45.325,4.556,0,413696,409.20,30555.77,31867.93,35,5027045,5509406,10386403328,37681741824
2025-05-14 06:54:01,46.633,4.818,0,53248,379.40,30555.77,31867.93,35,5027250,5509613,10386403328,37681811456
2025-05-14 06:54:01,45.418,4.740,0,81920,389.40,30555.77,31867.93,35,5027535,5509915,10386403328,37682376704
2025-05-14 06:54:01,45.846,4.777,0,4325376,409.20,30555.77,31867.93,35,5028117,5510650,10386403328,37686243328
2025-05-14 06:54:01,45.602,4.602,0,163840,399.30,30555.77,31867.93,35,5028327,5510863,10386403328,37686329344
2025-05-14 06:54:01,45.826,4.829,0,81920,459.30,30555.77,31867.93,35,5028564,5511112,10386403328,37686558720
2025-05-14 06:54:02,47.535,4.915,0,548864,489.20,30555.77,31867.93,35,5028838,5511413,10386403328,37687119872
2025-05-14 06:54:02,48.101,4.794,0,335872,449.20,30555.77,31867.93,35,5029066,5511650,10386403328,37687349248
2025-05-14 06:54:02,45.823,4.606,0,122880,389.30,30555.77,31867.93,35,5029282,5511871,10386403328,37687418880
2025-05-14 06:54:02,45.082,4.517,0,12288,439.50,30555.77,31867.93,35,5029480,5512069,10386403328,37687418880
2025-05-14 06:54:02,44.455,4.779,0,0,429.20,30555.77,31867.93,35,5029693,5512286,10386403328,37687582720
2025-05-14 06:54:03,46.087,4.674,0,266240,409.30,30555.77,31867.93,35,5029915,5512515,10386403328,37687685120
2025-05-14 06:54:03,45.121,4.515,0,73728,429.20,30555.77,31867.93,35,5030122,5512724,10386403328,37687758848
2025-05-14 06:54:03,46.144,4.321,0,24576,379.40,30555.77,31867.93,35,5030327,5512931,10386403328,37687783424
2025-05-14 06:54:03,45.518,4.268,0,0,419.50,30555.77,31867.93,35,5030528,5513133,10386403328,37687853056
2025-05-14 06:54:04,45.741,4.647,0,69632,319.40,30555.77,31867.93,35,5030732,5513341,10386403328,37687898112
2025-05-14 06:54:04,44.718,4.448,0,45056,359.40,30555.77,31867.93,35,5030932,5513541,10386403328,37687898112
2025-05-14 06:54:04,45.181,4.464,0,8192,329.50,30555.77,31867.93,35,5031139,5513751,10386403328,37687971840
2025-05-14 06:54:04,44.620,4.519,0,65536,309.50,30555.77,31867.93,35,5031345,5513959,10386403328,37687984128
2025-05-14 06:54:04,44.970,4.582,0,16384,369.40,30555.77,31867.93,35,5031553,5514169,10386403328,37688053760
2025-05-14 06:54:05,45.517,4.496,0,65536,319.50,30555.77,31867.93,35,5031754,5514370,10386403328,37688053760
2025-05-14 06:54:05,44.936,4.576,0,0,319.50,30555.77,31867.93,35,5031955,5514571,10386403328,37688053760
2025-05-14 06:54:05,44.450,4.431,0,0,339.40,30555.77,31867.93,35,5032155,5514771,10386403328,37688053760
2025-05-14 06:54:05,43.784,4.594,0,0,309.50,30555.77,31867.93,35,5032805,5515534,10386403328,37691510784
2025-05-14 06:54:05,44.649,4.547,0,3522560,299.50,30555.77,31867.93,35,5033007,5515737,10386403328,37691576320
2025-05-14 06:54:06,45.130,4.388,0,0,299.50,30555.77,31867.93,35,5033220,5515954,10386403328,37691613184
2025-05-14 06:54:06,44.141,4.516,0,102400,349.40,30555.77,31867.93,35,5033426,5516163,10386403328,37691813888
2025-05-14 06:54:06,44.030,4.605,0,135168,359.40,30555.77,31867.93,35,5033627,5516364,10386403328,37691813888
2025-05-14 06:54:06,44.686,4.569,0,8192,289.50,30555.77,31867.93,35,5033831,5516570,10386403328,37691953152
2025-05-14 06:54:06,44.812,4.381,0,131072,299.40,30555.77,31867.93,35,5034028,5516767,10386403328,37691953152
2025-05-14 06:54:07,44.922,4.392,0,0,259.50,30555.77,31867.93,35,5034230,5516969,10386403328,37691953152
2025-05-14 06:54:07,43.281,4.418,0,0,399.30,30555.77,31867.93,35,5034431,5517170,10386403328,37691953152
2025-05-14 06:54:07,46.363,4.487,0,0,339.40,30555.77,31867.93,35,5034632,5517371,10386403328,37691953152
2025-05-14 06:54:07,45.208,4.427,0,0,329.40,30555.77,31867.93,35,5034833,5517572,10386403328,37691953152
2025-05-14 06:54:07,45.088,4.321,0,0,329.50,30555.77,31867.93,35,5035035,5517774,10386403328,37691953152
2025-05-14 06:54:08,45.121,4.381,0,0,309.40,30555.77,31867.93,35,5035240,5517981,10386403328,37691985920
2025-05-14 06:54:08,44.563,4.285,0,32768,299.50,30555.77,31867.93,35,5035441,5518182,10386403328,37691985920
2025-05-14 06:54:08,44.198,4.109,0,0,319.40,30555.77,31867.93,35,5035642,5518383,10386403328,37691985920
2025-05-14 06:54:08,45.044,4.246,0,0,319.50,30555.77,31867.93,35,5035842,5518583,10386403328,37691985920
2025-05-14 06:54:08,45.014,4.361,0,0,289.50,30555.77,31867.93,35,5036042,5518783,10386403328,37691985920
2025-05-14 06:54:09,44.418,4.445,0,0,319.50,30555.77,31867.93,35,5036246,5518989,10386403328,37691990016
2025-05-14 06:54:09,44.604,4.558,0,4096,269.80,30555.77,31867.93,35,5036447,5519190,10386403328,37691990016
2025-05-14 06:54:09,45.137,4.412,0,0,279.60,30555.77,31867.93,35,5036649,5519392,10386403328,37691990016
2025-05-14 06:54:09,44.763,4.334,0,0,319.50,30555.77,31867.93,35,5036850,5519593,10386403328,37691990016
2025-05-14 06:54:09,44.819,4.558,0,1261568,329.50,30555.77,31867.93,35,5037119,5519882,10386403328,37693317120
2025-05-14 06:54:10,45.152,4.421,0,65536,289.50,30555.77,31867.93,35,5037329,5520093,10386403328,37693317120
2025-05-14 06:54:10,45.198,4.620,0,0,319.50,30555.77,31867.93,35,5037530,5520293,10386403328,37693317120
2025-05-14 06:54:10,44.804,4.441,0,0,319.60,30555.77,31867.93,35,5037731,5520494,10386403328,37693317120
2025-05-14 06:54:10,44.630,4.309,0,69632,319.40,30555.77,31867.93,35,5037937,5520702,10386403328,37693386752
2025-05-14 06:54:10,43.574,4.537,0,0,349.40,30555.77,31867.93,35,5038135,5520900,10386403328,37693386752
2025-05-14 06:54:11,44.818,4.461,0,0,379.40,30555.77,31867.93,35,5038340,5521105,10386403328,37693386752
2025-05-14 06:54:11,44.863,4.291,0,0,329.40,30555.77,31867.93,35,5038541,5521306,10386403328,37693386752
2025-05-14 06:54:11,45.317,4.344,0,0,319.60,30555.77,31867.93,35,5038742,5521507,10386403328,37693386752
2025-05-14 06:54:11,44.582,4.210,0,0,309.50,30555.77,31867.93,35,5038943,5521708,10386403328,37693386752
2025-05-14 06:54:11,45.314,4.199,0,0,309.50,30555.77,31867.93,35,5039144,5521909,10386403328,37693386752
2025-05-14 06:54:12,44.894,4.450,0,0,299.50,30555.77,31867.93,35,5039346,5522111,10386403328,37693386752
2025-05-14 06:54:12,44.769,4.249,4096,69632,319.60,30555.77,31867.93,35,5039569,5522356,10386407424,37693456384
2025-05-14 06:54:12,45.521,4.447,0,0,259.60,30555.77,31867.93,35,5039770,5522557,10386407424,37693456384
2025-05-14 06:54:12,45.099,4.389,0,0,249.60,30555.77,31867.93,35,5039971,5522758,10386407424,37693456384
2025-05-14 06:54:12,45.122,4.381,0,0,289.50,30555.77,31867.93,35,5040172,5522959,10386407424,37693456384
2025-05-14 06:54:13,45.828,4.550,0,0,199.60,30555.77,31867.93,35,5040373,5523160,10386407424,37693456384
2025-05-14 06:54:13,43.357,4.143,0,0,399.40,30555.77,31867.93,35,5040574,5523361,10386407424,37693456384
2025-05-14 06:54:13,46.029,4.660,0,0,269.50,30555.77,31867.93,35,5040776,5523563,10386407424,37693456384
2025-05-14 06:54:13,44.213,4.284,0,0,319.50,30555.77,31867.93,35,5040977,5523764,10386407424,37693456384
2025-05-14 06:54:13,45.488,4.513,0,0,289.50,30555.77,31867.93,35,5041178,5523965,10386407424,37693456384
2025-05-14 06:54:14,45.118,4.607,0,0,289.50,30555.77,31867.93,35,5041386,5524176,10386407424,37693468672
2025-05-14 06:54:14,44.829,4.543,0,12288,269.50,30555.77,31867.93,35,5041587,5524377,10386407424,37693468672
2025-05-14 06:54:14,43.910,4.603,0,0,279.50,30555.77,31867.93,35,5041789,5524579,10386407424,37693468672
2025-05-14 06:54:14,45.113,4.556,0,1200128,299.50,30555.77,31867.93,35,5042047,5524859,10386407424,37694668800
2025-05-14 06:54:14,44.759,4.511,0,0,299.50,30555.77,31867.93,35,5042248,5525060,10386407424,37694668800
2025-05-14 06:54:15,44.782,4.450,0,0,309.30,30555.77,31867.93,35,5042449,5525261,10386407424,37694668800
2025-05-14 06:54:15,45.222,4.541,0,0,269.60,30555.77,31867.93,35,5042651,5525463,10386407424,37694668800
2025-05-14 06:54:15,44.264,4.438,0,0,329.40,30555.77,31867.93,35,5042852,5525664,10386407424,37694668800
2025-05-14 06:54:15,45.172,4.545,0,0,329.50,30555.77,31867.93,35,5043049,5525861,10386407424,37694668800
2025-05-14 06:54:15,44.595,4.534,0,0,309.80,30555.77,31867.93,35,5043248,5526060,10386407424,37694668800
2025-05-14 06:54:16,44.968,4.595,0,90112,389.40,30555.77,31867.93,35,5043478,5526298,10386407424,37694885888
2025-05-14 06:54:16,45.935,4.709,0,237568,409.30,30555.77,31867.93,35,5043724,5526559,10386407424,37695082496
2025-05-14 06:54:16,45.581,4.613,0,143360,429.30,30555.77,31867.93,35,5043955,5526800,10386407424,37695258624
2025-05-14 06:54:16,45.688,4.575,0,188416,409.40,30555.77,31867.93,35,5044168,5527017,10386407424,37695397888
2025-05-14 06:54:16,45.633,4.447,0,69632,449.30,30555.77,31867.93,35,5044367,5527216,10386407424,37695397888
2025-05-14 06:54:17,45.820,4.349,0,0,459.30,30555.77,31867.93,35,5044568,5527417,10386407424,37695397888
2025-05-14 06:54:17,45.952,4.715,0,0,299.40,30555.77,31867.93,35,5044769,5527618,10386407424,37695397888
2025-05-14 06:54:17,43.731,4.646,0,0,399.40,30555.77,31867.93,35,5044970,5527819,10386407424,37695397888
2025-05-14 06:54:17,45.484,4.643,0,16384,379.40,30555.77,31867.93,35,5045183,5528036,10386407424,37695483904
2025-05-14 06:54:17,45.038,4.742,0,180224,419.30,30555.77,31867.93,35,5045429,5528297,10386407424,37695754240
2025-05-14 06:54:18,46.577,4.743,0,413696,419.20,30555.77,31867.93,35,5045698,5528581,10386407424,37696114688
2025-05-14 06:54:18,44.645,4.687,0,176128,449.40,30555.77,31867.93,35,5045908,5528794,10386407424,37696249856
2025-05-14 06:54:18,45.997,4.498,0,65536,449.30,30555.77,31867.93,35,5046112,5528999,10386407424,37696258048
2025-05-14 06:54:18,45.670,4.530,0,73728,399.40,30555.77,31867.93,35,5046495,5529435,10386407424,37697359872
2025-05-14 06:54:18,45.440,4.703,0,2904064,409.30,30555.77,31867.93,35,5046870,5529845,10386407424,37699293184
2025-05-14 06:54:19,45.140,4.536,0,65536,399.30,30555.77,31867.93,35,5047071,5530046,10386407424,37699293184
2025-05-14 06:54:19,44.857,4.666,0,4096,389.30,30555.77,31867.93,35,5047278,5530255,10386407424,37699362816
2025-05-14 06:54:19,45.283,4.820,0,77824,419.30,30555.77,31867.93,35,5047509,5530496,10386407424,37699538944
2025-05-14 06:54:19,46.163,4.877,0,331776,369.40,30555.77,31867.93,35,5047741,5530738,10386407424,37699772416
2025-05-14 06:54:19,45.848,4.731,0,176128,379.40,30555.77,31867.93,35,5047967,5530975,10386407424,37699964928
2025-05-14 06:54:20,46.089,4.666,0,159744,349.50,30555.77,31867.93,35,5048191,5531207,10386407424,37700153344
2025-05-14 06:54:20,47.297,4.851,0,184320,339.40,30555.77,31867.93,35,5048392,5531413,10386407424,37700239360
2025-05-14 06:54:20,46.977,4.952,0,77824,369.60,30555.77,31867.93,35,5048594,5531616,10386407424,37700304896
2025-05-14 06:54:20,46.775,5.036,0,159744,389.30,30555.77,31867.93,35,5048823,5531857,10386407424,37700632576
2025-05-14 06:54:20,47.864,4.770,0,270336,309.30,30555.77,31867.93,35,5049037,5532078,10386407424,37700743168
2025-05-14 06:54:21,45.277,4.654,0,143360,409.30,30555.77,31867.93,35,5049252,5532298,10386407424,37700947968
2025-05-14 06:54:21,46.147,4.629,0,143360,329.40,30555.77,31867.93,35,5049468,5532518,10386407424,37701091328
2025-05-14 06:54:21,45.224,4.842,0,135168,289.50,30555.77,31867.93,35,5049675,5532726,10386407424,37701156864
2025-05-14 06:54:21,45.185,4.626,0,8192,299.50,30555.77,31867.93,35,5049883,5532936,10386407424,37701230592
2025-05-14 06:54:21,46.166,4.791,0,73728,349.40,30555.77,31867.93,35,5050089,5533144,10386407424,37701304320
2025-05-14 06:54:22,45.793,4.800,0,65536,359.30,30555.77,31867.93,35,5050304,5533364,10386407424,37701369856
2025-05-14 06:54:22,44.423,4.783,0,73728,359.40,30555.77,31867.93,35,5050510,5533574,10386407424,37701398528
2025-05-14 06:54:22,44.764,4.810,0,86016,289.50,30555.77,31867.93,35,5050713,5533778,10386407424,37701464064
2025-05-14 06:54:22,44.106,4.797,0,139264,339.40,30555.77,31867.93,35,5050913,5533981,10386407424,37701603328
2025-05-14 06:54:22,47.688,4.781,0,8192,299.50,30555.77,31867.93,35,5051395,5534502,10386407424,37703979008
2025-05-14 06:54:23,47.950,4.675,0,2367488,279.40,30555.77,31867.93,35,5051581,5534689,10386407424,37703987200
2025-05-14 06:54:23,46.644,4.611,0,16384,319.50,30555.77,31867.93,35,5051785,5534894,10386407424,37703995392
2025-05-14 06:54:23,47.202,4.697,0,73728,239.50,30555.77,31867.93,35,5051990,5535101,10386407424,37704069120
2025-05-14 06:54:23,47.688,4.608,0,0,319.50,30555.77,31867.93,35,5052196,5535307,10386407424,37704069120
2025-05-14 06:54:23,45.677,4.640,0,0,339.40,30555.77,31867.93,35,5052407,5535522,10386407424,37704155136
2025-05-14 06:54:24,46.319,4.566,0,114688,329.50,30555.77,31867.93,35,5052618,5535737,10386407424,37704216576
2025-05-14 06:54:24,47.457,4.679,0,32768,269.50,30555.77,31867.93,35,5052815,5535934,10386407424,37704216576
2025-05-14 06:54:24,45.564,4.497,0,0,259.50,30555.77,31867.93,35,5053023,5536142,10386407424,37704216576
2025-05-14 06:54:24,43.174,4.572,0,0,299.50,30555.77,31867.93,35,5053233,5536354,10386407424,37704286208
2025-05-14 06:54:24,45.315,4.643,0,69632,289.50,30555.77,31867.93,35,5053444,5536568,10386407424,37704318976
2025-05-14 06:54:25,45.825,4.585,0,32768,309.40,30555.77,31867.93,35,5053645,5536769,10386407424,37704318976
2025-05-14 06:54:25,45.496,4.712,0,0,299.40,30555.77,31867.93,35,5053838,5536963,10386407424,37704318976
2025-05-14 06:54:25,45.937,4.550,32768,69632,319.40,30555.77,31867.93,35,5054055,5537182,10386440192,37704458240
2025-05-14 06:54:25,45.310,4.619,0,208896,269.50,30555.77,31867.93,35,5054274,5537409,10386440192,37704646656
2025-05-14 06:54:25,44.633,4.628,0,69632,309.40,30555.77,31867.93,35,5054490,5537632,10386440192,37704806400
2025-05-14 06:54:26,46.087,4.576,0,139264,369.40,30555.77,31867.93,35,5054713,5537863,10386440192,37705072640
2025-05-14 06:54:26,45.737,4.565,0,266240,329.30,30555.77,31867.93,35,5054914,5538064,10386440192,37705072640
2025-05-14 06:54:26,47.831,4.622,192512,221184,269.40,30555.77,31867.93,35,5055196,5538336,10386632704,37705293824
2025-05-14 06:54:26,45.514,4.533,0,0,309.40,30555.77,31867.93,35,5055397,5538537,10386632704,37705293824
2025-05-14 06:54:26,45.288,4.538,0,73728,319.50,30555.77,31867.93,35,5055604,5538746,10386632704,37705367552
2025-05-14 06:54:27,45.673,4.639,0,2912256,319.40,30555.77,31867.93,35,5056108,5539299,10386632704,37708279808
2025-05-14 06:54:27,46.014,4.664,0,69632,329.40,30555.77,31867.93,35,5056328,5539527,10386632704,37708455936
2025-05-14 06:54:27,44.660,4.661,4096,163840,339.40,30555.77,31867.93,35,5056547,5539752,10386636800,37708521472
2025-05-14 06:54:27,45.609,4.563,0,57344,279.60,30555.77,31867.93,35,5056746,5539956,10386636800,37708742656
2025-05-14 06:54:27,46.004,4.418,0,331776,349.40,30555.77,31867.93,35,5056960,5540176,10386636800,37709103104
2025-05-14 06:54:28,45.336,4.548,0,200704,319.40,30555.77,31867.93,35,5057161,5540377,10386636800,37709103104
2025-05-14 06:54:28,45.370,4.632,0,0,369.30,30555.77,31867.93,35,5057370,5540588,10386636800,37709176832
2025-05-14 06:54:28,45.317,4.615,0,73728,309.50,30555.77,31867.93,35,5057582,5540802,10386636800,37709193216
2025-05-14 06:54:28,43.921,4.632,0,32768,309.50,30555.77,31867.93,35,5057783,5541007,10386636800,37709348864
2025-05-14 06:54:28,44.067,4.664,0,274432,359.30,30555.77,31867.93,35,5058057,5541317,10386636800,37709742080
2025-05-14 06:54:29,45.392,4.839,0,258048,349.40,30555.77,31867.93,35,5058286,5541558,10386636800,37709983744
2025-05-14 06:54:29,45.349,4.753,0,409600,369.40,30555.77,31867.93,35,5058545,5541840,10386636800,37710610432
2025-05-14 06:54:29,46.102,4.810,0,614400,349.40,30555.77,31867.93,35,5058757,5542058,10386636800,37710843904
2025-05-14 06:54:29,45.517,4.566,0,372736,349.40,30555.77,31867.93,35,5058994,5542307,10386636800,37711286272
2025-05-14 06:54:29,44.024,4.513,0,208896,349.40,30555.77,31867.93,35,5059232,5542559,10386636800,37711511552
2025-05-14 06:54:30,45.693,4.544,0,364544,319.50,30555.77,31867.93,35,5059457,5542795,10386636800,37711855616
2025-05-14 06:54:30,45.165,4.498,0,208896,369.40,30555.77,31867.93,35,5059665,5543005,10386636800,37711970304
2025-05-14 06:54:30,45.191,4.409,0,180224,389.60,30555.77,31867.93,35,5059874,5543216,10386636800,37712158720
2025-05-14 06:54:30,45.809,4.562,0,294912,309.50,30555.77,31867.93,35,5060096,5543447,10386636800,37712424960
2025-05-14 06:54:30,45.536,4.556,0,131072,299.40,30555.77,31867.93,35,5060326,5543688,10386636800,37712830464
2025-05-14 06:54:31,45.148,4.614,0,1798144,429.30,30555.77,31867.93,35,5060904,5544397,10386636800,37718323200
2025-05-14 06:54:31,47.606,4.815,0,5611520,499.60,30555.77,31867.93,35,5061256,5544801,10386636800,37721468928
2025-05-14 06:54:31,47.993,4.934,0,3260416,399.40,30555.77,31867.93,35,5061609,5545211,10386636800,37724798976
2025-05-14 06:54:31,47.213,4.605,0,3301376,449.20,30555.77,31867.93,35,5061955,5545615,10386636800,37727989760
2025-05-14 06:54:31,45.995,4.597,0,1556480,419.20,30555.77,31867.93,35,5062151,5545812,10386636800,37728055296
2025-05-14 06:54:32,46.362,4.664,0,40960,319.50,30555.77,31867.93,35,5062381,5546053,10386636800,37728399360
2025-05-14 06:54:32,44.788,4.599,0,368640,369.40,30555.77,31867.93,35,5062592,5546267,10386636800,37728534528
2025-05-14 06:54:32,44.889,4.537,0,73728,359.40,30555.77,31867.93,35,5062802,5546480,10386636800,37728567296
2025-05-14 06:54:32,44.931,4.512,0,28672,329.40,30555.77,31867.93,35,5063013,5546695,10386636800,37728706560
2025-05-14 06:54:32,44.549,4.538,0,258048,399.40,30555.77,31867.93,35,5063232,5546921,10386636800,37728976896
2025-05-14 06:54:33,45.660,4.574,0,245760,359.60,30555.77,31867.93,35,5063448,5547146,10386636800,37729112064
2025-05-14 06:54:33,43.437,4.742,0,135168,399.10,30555.77,31867.93,35,5063658,5547359,10386636800,37729271808
2025-05-14 06:54:33,46.054,4.919,0,225280,399.30,30555.77,31867.93,35,5063880,5547588,10386636800,37729566720
2025-05-14 06:54:33,46.528,4.754,0,204800,389.70,30555.77,31867.93,35,5064098,5547813,10386636800,37729775616
2025-05-14 06:54:33,45.670,4.598,0,208896,379.40,30555.77,31867.93,35,5064306,5548025,10386636800,37729914880
2025-05-14 06:54:34,45.215,4.861,0,135168,419.20,30555.77,31867.93,35,5064510,5548230,10386636800,37729980416
2025-05-14 06:54:34,45.227,4.683,0,139264,389.30,30555.77,31867.93,35,5064739,5548470,10386636800,37730283520
2025-05-14 06:54:34,45.950,4.639,0,446464,409.30,30555.77,31867.93,35,5064954,5548691,10386636800,37730631680
2025-05-14 06:54:34,46.401,4.339,0,65536,419.40,30555.77,31867.93,35,5065154,5548891,10386636800,37730631680
2025-05-14 06:54:34,45.332,4.578,0,69632,339.40,30555.77,31867.93,35,5065365,5549105,10386636800,37730705408
2025-05-14 06:54:35,44.389,4.605,0,28672,369.40,30555.77,31867.93,35,5065895,5549698,10386636800,37734797312
2025-05-14 06:54:35,46.007,4.747,0,4190208,409.30,30555.77,31867.93,35,5066114,5549921,10386636800,37734985728
2025-05-14 06:54:35,46.449,4.794,0,290816,379.40,30555.77,31867.93,35,5066335,5550149,10386636800,37735276544
2025-05-14 06:54:35,46.223,4.708,0,65536,389.30,30555.77,31867.93,35,5066552,5550371,10386636800,37735559168
2025-05-14 06:54:35,46.562,4.681,0,311296,519.10,30555.77,31867.93,35,5066792,5550624,10386636800,37735870464
2025-05-14 06:54:36,48.203,4.832,0,393216,409.20,30555.77,31867.93,35,5067004,5550843,10386636800,37736050688
2025-05-14 06:54:36,48.112,4.796,0,69632,459.20,30555.77,31867.93,35,5067238,5551084,10386636800,37736312832
2025-05-14 06:54:36,48.408,4.955,0,348160,469.20,30555.77,31867.93,35,5067448,5551299,10386636800,37736529920
2025-05-14 06:54:36,45.752,4.112,0,131072,209.60,30555.77,31867.93,35,5067641,5551495,10386636800,37736538112
2025-05-14 06:54:37,48.092,4.157,0,73728,279.50,30555.77,31867.93,35,5067863,5551722,10386636800,37736767488
2025-05-14 06:54:37,43.602,3.959,0,229376,179.70,30555.77,31867.93,35,5068067,5551927,10386636800,37736833024
2025-05-14 06:54:37,43.671,3.946,0,0,169.70,30555.77,31867.93,35,5068267,5552127,10386636800,37736833024
2025-05-14 06:54:37,42.570,3.828,0,155648,79.90,30555.77,31867.93,35,5068481,5552344,10386636800,37736988672
2025-05-14 06:54:37,40.613,3.726,0,0,139.70,30555.77,31867.93,35,5068678,5552541,10386636800,37736988672
2025-05-14 06:54:38,43.868,3.852,0,0,69.90,30555.77,31867.93,35,5068879,5552742,10386636800,37736988672
2025-05-14 06:54:38,37.850,3.670,0,73728,129.80,30555.77,31867.93,35,5069089,5552955,10386636800,37737062400
2025-05-14 06:54:38,40.497,3.809,0,0,59.90,30555.77,31867.93,35,5069290,5553156,10386636800,37737062400
2025-05-14 06:54:38,37.014,3.686,0,0,69.90,30555.77,31867.93,35,5069491,5553357,10386636800,37737062400
2025-05-14 06:54:38,39.564,3.647,0,0,79.90,30555.77,31867.93,35,5069692,5553558,10386636800,37737062400
2025-05-14 06:54:39,39.086,3.673,0,0,69.90,30555.77,31867.93,35,5069893,5553759,10386636800,37737062400
2025-05-14 06:54:39,37.404,3.714,0,0,49.90,30555.77,31867.93,35,5070094,5553960,10386636800,37737062400
2025-05-14 06:54:39,37.786,3.775,0,0,79.90,30555.77,31867.93,35,5070296,5554162,10386636800,37737062400
2025-05-14 06:54:39,38.630,3.697,0,0,59.90,30555.77,31867.93,35,5070497,5554363,10386636800,37737062400
2025-05-14 06:54:39,40.807,3.851,0,0,239.60,30555.77,31867.93,35,5070764,5554642,10386636800,37737508864
2025-05-14 06:54:40,44.455,4.666,0,4132864,259.60,30555.77,31867.93,35,5071216,5555135,10386636800,37741260800
2025-05-14 06:54:40,44.865,4.656,0,167936,279.50,30555.77,31867.93,35,5071437,5555363,10386636800,37741494272
2025-05-14 06:54:40,44.405,4.558,0,131072,309.70,30555.77,31867.93,35,5071644,5555570,10386636800,37741514752
2025-05-14 06:54:40,45.356,4.891,0,86016,249.60,30555.77,31867.93,35,5071847,5555774,10386636800,37741580288
2025-05-14 06:54:40,45.124,4.495,0,40960,229.60,30555.77,31867.93,35,5072069,5556003,10386636800,37741785088
2025-05-14 06:54:41,45.379,4.069,0,376832,169.70,30555.77,31867.93,35,5072302,5556247,10386636800,37742194688
2025-05-14 06:54:41,41.979,3.844,0,196608,309.50,30555.77,31867.93,35,5072502,5556447,10386636800,37742194688
2025-05-14 06:54:41,42.755,4.051,0,0,159.70,30555.77,31867.93,35,5072704,5556649,10386636800,37742194688
2025-05-14 06:54:41,42.072,3.962,0,0,159.70,30555.77,31867.93,35,5072905,5556850,10386636800,37742194688
2025-05-14 06:54:41,41.811,3.884,0,0,169.70,30555.77,31867.93,35,5073106,5557051,10386636800,37742194688
2025-05-14 06:54:42,41.712,3.859,0,0,179.70,30555.77,31867.93,35,5073307,5557252,10386636800,37742194688
2025-05-14 06:54:42,42.925,4.088,0,0,239.60,30555.77,31867.93,35,5073509,5557454,10386636800,37742194688
2025-05-14 06:54:42,43.108,4.007,0,0,169.70,30555.77,31867.93,35,5073710,5557655,10386636800,37742194688
2025-05-14 06:54:42,41.993,3.851,0,0,159.80,30555.77,31867.93,35,5073910,5557855,10386636800,37742194688
2025-05-14 06:54:42,41.988,3.788,0,0,379.40,30555.77,31867.93,35,5074111,5558056,10386636800,37742194688
2025-05-14 06:54:43,45.372,4.417,0,0,349.40,30555.77,31867.93,35,5074312,5558257,10386636800,37742194688
2025-05-14 06:54:43,44.425,4.156,0,0,169.70,30555.77,31867.93,35,5074513,5558458,10386636800,37742194688
2025-05-14 06:54:43,41.962,3.771,0,0,149.80,30555.77,31867.93,35,5074714,5558659,10386636800,37742194688
2025-05-14 06:54:43,41.063,4.085,0,0,139.80,30555.77,31867.93,35,5074915,5558860,10386636800,37742194688
2025-05-14 06:54:43,42.185,3.976,0,0,159.70,30555.77,31867.93,35,5075117,5559062,10386636800,37742194688
2025-05-14 06:54:44,41.797,3.762,0,0,159.70,30555.77,31867.93,35,5075318,5559263,10386636800,37742194688
2025-05-14 06:54:44,41.557,3.939,0,0,139.80,30555.77,31867.93,35,5075519,5559464,10386636800,37742194688
2025-05-14 06:54:44,42.026,3.854,0,0,149.70,30555.77,31867.93,35,5075721,5559666,10386636800,37742194688
2025-05-14 06:54:44,40.927,3.819,0,0,59.90,30555.77,31867.93,35,5075921,5559866,10386636800,37742194688
2025-05-14 06:54:44,39.768,3.762,0,0,439.20,30555.77,31867.93,35,5076129,5560074,10386636800,37742194688
2025-05-14 06:54:45,49.589,4.970,0,0,509.00,30555.77,31867.93,35,5076330,5560275,10386636800,37742194688
2025-05-14 06:54:45,49.557,4.976,0,4096,339.40,30555.77,31867.93,35,5076525,5560471,10386636800,37742198784
2025-05-14 06:54:45,47.579,4.535,0,0,129.80,30555.77,31867.93,35,5076724,5560670,10386636800,37742198784
2025-05-14 06:54:45,40.206,3.838,0,0,159.70,30555.77,31867.93,35,5076925,5560871,10386636800,37742198784
2025-05-14 06:54:45,44.744,4.141,0,0,169.70,30555.77,31867.93,35,5077122,5561068,10386636800,37742198784
2025-05-14 06:54:46,41.892,3.911,0,0,99.80,30555.77,31867.93,35,5077559,5561560,10386751488,37745442816
2025-05-14 06:54:46,40.921,3.922,114688,3309568,89.80,30555.77,31867.93,35,5077765,5561767,10386751488,37745508352
2025-05-14 06:54:46,41.257,3.894,0,57344,49.90,30555.77,31867.93,35,5077996,5561996,10386751488,37745631232
2025-05-14 06:54:46,40.943,3.648,0,65536,49.90,30555.77,31867.93,35,5078196,5562196,10386751488,37745631232
2025-05-14 06:54:46,42.141,3.710,0,0,99.80,30555.77,31867.93,35,5078397,5562397,10386751488,37745631232
2025-05-14 06:54:47,43.314,3.799,0,327680,49.90,30555.77,31867.93,35,5078618,5562626,10386751488,37746024448
2025-05-14 06:54:47,39.498,3.657,0,65536,59.90,30555.77,31867.93,35,5078820,5562828,10386751488,37746024448
2025-05-14 06:54:47,39.941,3.660,0,0,59.90,30555.77,31867.93,35,5079021,5563029,10386751488,37746024448
2025-05-14 06:54:47,38.667,3.791,0,0,69.90,30555.77,31867.93,35,5079221,5563229,10386751488,37746024448
2025-05-14 06:54:47,41.223,3.865,0,0,79.90,30555.77,31867.93,35,5079411,5563419,10386751488,37746024448
2025-05-14 06:54:48,38.511,3.700,0,0,89.80,30555.77,31867.93,35,5079615,5563622,10386755584,37746024448
2025-05-14 06:54:48,42.719,3.876,4096,61440,59.90,30555.77,31867.93,35,5079830,5563842,10386755584,37746221056
2025-05-14 06:54:48,39.157,3.653,0,135168,59.90,30555.77,31867.93,35,5080031,5564043,10386755584,37746221056
2025-05-14 06:54:48,40.479,3.637,0,0,69.90,30555.77,31867.93,35,5080232,5564244,10386755584,37746221056
2025-05-14 06:54:48,40.936,3.642,0,0,49.90,30555.77,31867.93,35,5080433,5564445,10386755584,37746221056
2025-05-14 06:54:49,39.600,3.703,0,0,59.90,30555.77,31867.93,35,5080634,5564646,10386755584,37746221056
2025-05-14 06:54:49,38.116,3.678,0,0,49.90,30555.77,31867.93,35,5080835,5564847,10386755584,37746221056
2025-05-14 06:54:49,39.172,3.621,0,0,59.90,30555.77,31867.93,35,5081037,5565049,10386755584,37746221056
2025-05-14 06:54:49,38.916,3.659,0,0,39.90,30555.77,31867.93,35,5081238,5565250,10386755584,37746221056
2025-05-14 06:54:49,37.867,3.662,0,0,59.90,30555.77,31867.93,35,5081439,5565451,10386755584,37746221056
2025-05-14 06:54:50,40.478,3.763,0,0,69.90,30555.77,31867.93,35,5081640,5565652,10386755584,37746221056
2025-05-14 06:54:50,40.256,3.820,0,12288,119.80,30555.77,31867.93,35,5081870,5566078,10386755584,37749293056
2025-05-14 06:54:50,40.673,3.837,0,3059712,69.90,30555.77,31867.93,35,5082072,5566280,10386755584,37749293056
2025-05-14 06:54:50,37.584,3.711,0,0,149.70,30555.77,31867.93,35,5082278,5566488,10386755584,37749350400
2025-05-14 06:54:50,43.599,3.810,0,122880,159.70,30555.77,31867.93,35,5082482,5566693,10386755584,37749415936
2025-05-14 06:54:51,42.018,3.888,0,0,59.90,30555.77,31867.93,35,5082683,5566894,10386755584,37749415936
2025-05-14 06:54:51,38.224,3.629,0,0,59.90,30555.77,31867.93,35,5082885,5567096,10386755584,37749415936
2025-05-14 06:54:51,41.400,3.739,0,0,49.90,30555.77,31867.93,35,5083086,5567297,10386755584,37749415936
2025-05-14 06:54:51,40.575,3.708,0,0,49.90,30555.77,31867.93,35,5083287,5567498,10386755584,37749415936
2025-05-14 06:54:51,40.940,3.687,0,0,59.90,30555.77,31867.93,35,5083489,5567700,10386755584,37749415936
2025-05-14 06:54:52,40.216,3.618,0,0,49.90,30555.77,31867.93,35,5083690,5567901,10386755584,37749415936
2025-05-14 06:54:52,40.889,3.685,0,0,59.90,30555.77,31867.93,35,5083891,5568102,10386755584,37749415936
2025-05-14 06:54:52,39.524,3.686,0,0,49.90,30555.77,31867.93,35,5084093,5568304,10386755584,37749415936
2025-05-14 06:54:52,40.003,3.616,0,0,49.90,30555.77,31867.93,35,5084293,5568504,10386755584,37749415936
2025-05-14 06:54:52,44.686,3.923,0,0,39.90,30555.77,31867.93,35,5084488,5568699,10386755584,37749415936
2025-05-14 06:54:53,45.406,3.840,0,0,69.90,30555.77,31867.93,35,5084689,5568900,10386755584,37749415936
2025-05-14 06:54:53,39.652,3.747,0,0,49.90,30555.77,31867.93,35,5084891,5569102,10386755584,37749415936
2025-05-14 06:54:53,39.406,3.720,0,0,49.90,30555.77,31867.93,35,5085092,5569303,10386755584,37749415936
2025-05-14 06:54:53,38.460,3.683,0,0,59.90,30555.77,31867.93,35,5085293,5569504,10386755584,37749415936
2025-05-14 06:54:53,46.528,3.881,0,0,39.90,30555.77,31867.93,35,5085495,5569706,10386755584,37749415936
2025-05-14 06:54:54,42.543,3.723,0,0,69.90,30555.77,31867.93,35,5085696,5569907,10386755584,37749415936
2025-05-14 06:54:54,41.609,3.882,0,0,119.80,30555.77,31867.93,35,5085896,5570107,10386755584,37749415936
2025-05-14 06:54:54,45.945,4.170,0,0,59.90,30555.77,31867.93,35,5086098,5570309,10386755584,37749415936
2025-05-14 06:54:54,40.678,3.727,0,0,59.90,30555.77,31867.93,35,5086298,5570509,10386755584,37749415936
2025-05-14 06:54:54,43.271,3.798,0,0,59.90,30555.77,31867.93,35,5086499,5570710,10386755584,37749415936
2025-05-14 06:54:55,41.095,3.825,0,0,59.90,30555.77,31867.93,35,5086700,5570911,10386755584,37749415936
2025-05-14 06:54:55,38.480,3.683,0,0,69.90,30555.77,31867.93,35,5086902,5571113,10386755584,37749415936
2025-05-14 06:54:55,38.430,3.787,0,0,89.90,30555.77,31867.93,35,5087103,5571314,10386755584,37749415936
2025-05-14 06:54:55,44.301,4.181,0,0,169.70,30555.77,31867.93,35,5087299,5571510,10386755584,37749415936
2025-05-14 06:54:55,46.371,4.105,0,0,149.70,30555.77,31867.93,35,5087473,5571684,10386755584,37749415936
2025-05-14 06:54:56,46.192,3.956,0,0,149.70,30555.77,31867.93,35,5087672,5571883,10386755584,37749415936
2025-05-14 06:54:56,42.375,3.790,0,0,159.70,30555.77,31867.93,35,5087873,5572084,10386755584,37749415936
2025-05-14 06:54:56,42.284,3.877,0,0,159.70,30555.77,31867.93,35,5088075,5572286,10386755584,37749415936
2025-05-14 06:54:56,42.165,3.790,0,0,149.70,30555.77,31867.93,35,5088275,5572486,10386755584,37749415936
2025-05-14 06:54:56,44.330,3.828,0,0,149.70,30555.77,31867.93,35,5088476,5572687,10386755584,37749415936
2025-05-14 06:54:57,43.335,3.806,0,0,149.80,30555.77,31867.93,35,5088678,5572889,10386755584,37749415936
2025-05-14 06:54:57,41.999,3.771,0,0,159.70,30555.77,31867.93,35,5088879,5573090,10386755584,37749415936
2025-05-14 06:54:57,42.379,3.829,0,0,169.70,30555.77,31867.93,35,5089080,5573291,10386755584,37749415936
2025-05-14 06:54:57,42.415,3.749,0,0,169.70,30555.77,31867.93,35,5089281,5573492,10386755584,37749415936
2025-05-14 06:54:57,44.357,3.897,0,0,149.70,30555.77,31867.93,35,5089482,5573693,10386755584,37749415936
2025-05-14 06:54:58,42.621,3.888,0,0,159.70,30555.77,31867.93,35,5089681,5573892,10386755584,37749415936
2025-05-14 06:54:58,43.765,3.857,0,0,159.70,30555.77,31867.93,35,5089882,5574093,10386755584,37749415936
2025-05-14 06:54:58,43.687,3.954,0,0,69.90,30555.77,31867.93,35,5090083,5574294,10386755584,37749415936
2025-05-14 06:54:58,38.212,3.712,0,0,89.80,30555.77,31867.93,35,5090275,5574486,10386755584,37749415936
2025-05-14 06:54:58,46.959,4.099,0,0,119.80,30555.77,31867.93,35,5090469,5574680,10386755584,37749415936
2025-05-14 06:54:59,44.034,4.019,0,0,189.60,30555.77,31867.93,35,5090825,5575062,10386755584,37752176640
2025-05-14 06:54:59,41.820,4.079,0,2838528,109.80,30555.77,31867.93,35,5091041,5575284,10386755584,37752451072
2025-05-14 06:54:59,40.905,3.882,0,196608,49.90,30555.77,31867.93,35,5091242,5575485,10386755584,37752451072
2025-05-14 06:54:59,39.637,3.799,0,0,69.90,30555.77,31867.93,35,5091441,5575684,10386755584,37752451072
2025-05-14 06:54:59,45.383,3.844,0,0,49.90,30555.77,31867.93,35,5091640,5575883,10386755584,37752451072
2025-05-14 06:55:00,40.209,3.753,0,0,59.90,30555.77,31867.93,35,5091850,5576095,10386755584,37752459264
2025-05-14 06:55:00,38.360,3.637,0,73728,69.90,30555.77,31867.93,35,5092054,5576300,10386755584,37752524800
2025-05-14 06:55:00,38.511,3.674,0,0,49.90,30555.77,31867.93,35,5092259,5576505,10386755584,37752524800
2025-05-14 06:55:00,41.601,3.757,0,0,49.90,30555.77,31867.93,35,5092459,5576705,10386755584,37752524800
2025-05-14 06:55:00,40.107,3.750,0,0,49.90,30555.77,31867.93,35,5092660,5576906,10386755584,37752524800
2025-05-14 06:55:01,38.574,3.672,0,0,59.90,30555.77,31867.93,35,5092861,5577107,10386755584,37752524800
2025-05-14 06:55:01,38.742,3.647,0,0,49.90,30555.77,31867.93,35,5093063,5577309,10386755584,37752524800
2025-05-14 06:55:01,38.099,3.665,0,0,69.90,30555.77,31867.93,35,5093264,5577510,10386755584,37752524800
2025-05-14 06:55:01,38.681,3.762,0,0,159.70,30555.77,31867.93,35,5093472,5577722,10386755584,37752573952
2025-05-14 06:55:01,42.789,4.028,0,118784,59.90,30555.77,31867.93,35,5093680,5577932,10386755584,37752643584
2025-05-14 06:55:02,38.590,3.669,0,0,69.90,30555.77,31867.93,35,5093881,5578133,10386755584,37752643584
2025-05-14 06:55:02,41.309,3.779,0,0,119.80,30555.77,31867.93,35,5094082,5578334,10386755584,37752643584
2025-05-14 06:55:02,37.126,3.719,0,0,79.90,30555.77,31867.93,35,5094283,5578535,10386755584,37752643584
2025-05-14 06:55:02,37.250,3.579,0,0,129.80,30555.77,31867.93,35,5094505,5578763,10386755584,37754159104
2025-05-14 06:55:02,45.424,4.115,0,2048000,69.90,30555.77,31867.93,35,5094758,5579031,10386755584,37754757120
2025-05-14 06:55:03,37.037,3.600,0,65536,59.90,30555.77,31867.93,35,5094959,5579232,10386755584,37754757120
2025-05-14 06:55:03,39.461,3.606,0,0,49.90,30555.77,31867.93,35,5095160,5579433,10386755584,37754757120
2025-05-14 06:55:03,39.952,3.671,0,0,59.90,30555.77,31867.93,35,5095362,5579635,10386755584,37754757120
2025-05-14 06:55:03,37.668,3.616,0,0,49.90,30555.77,31867.93,35,5095563,5579836,10386755584,37754757120
2025-05-14 06:55:03,41.129,3.637,0,0,59.90,30555.77,31867.93,35,5095764,5580037,10386755584,37754757120
2025-05-14 06:55:04,38.650,3.630,0,0,39.90,30555.77,31867.93,35,5095966,5580239,10386755584,37754757120
2025-05-14 06:55:04,38.299,3.646,0,0,99.80,30555.77,31867.93,35,5096228,5580527,10386755584,37755080704
2025-05-14 06:55:04,41.264,3.811,0,2850816,49.90,30555.77,31867.93,35,5096578,5580904,10386755584,37757616128
2025-05-14 06:55:04,39.258,3.709,0,8192,139.70,30555.77,31867.93,35,5096772,5581098,10386755584,37757616128
2025-05-14 06:55:04,42.004,3.838,0,4096,49.90,30555.77,31867.93,35,5096976,5581303,10386755584,37757620224
2025-05-14 06:55:05,38.872,3.697,0,49152,119.80,30555.77,31867.93,35,5097203,5581540,10386755584,37757927424
2025-05-14 06:55:05,37.720,3.723,0,323584,79.90,30555.77,31867.93,35,5097407,5581745,10386755584,37757992960
2025-05-14 06:55:05,38.191,3.694,0,0,99.80,30555.77,31867.93,35,5097609,5581947,10386755584,37757992960
2025-05-14 06:55:05,38.667,3.637,0,0,179.70,30555.77,31867.93,35,5097822,5582164,10386755584,37758054400
2025-05-14 06:55:05,43.822,4.068,4096,262144,209.60,30555.77,31867.93,35,5098071,5582425,10386759680,37758513152
2025-05-14 06:55:06,46.556,4.625,36864,757760,489.00,30555.77,31867.93,35,5098400,5582794,10386808832,37759373312
2025-05-14 06:55:06,47.863,5.067,12288,585728,409.30,30555.77,31867.93,35,5098710,5583133,10386808832,37759762432
2025-05-14 06:55:06,45.853,4.985,0,262144,409.20,30555.77,31867.93,35,5098935,5583366,10386808832,37759930368
2025-05-14 06:55:06,46.331,4.881,0,200704,309.50,30555.77,31867.93,35,5099133,5583565,10386808832,37760061440
2025-05-14 06:55:06,48.483,4.734,0,0,419.30,30555.77,31867.93,35,5099345,5583777,10386808832,37760061440
2025-05-14 06:55:07,47.418,5.051,0,0,519.20,30555.77,31867.93,35,5099549,5583981,10386808832,37760061440
2025-05-14 06:55:07,47.271,4.861,0,147456,169.70,30555.77,31867.93,35,5099756,5584190,10386808832,37760208896
2025-05-14 06:55:07,44.751,5.029,0,0,69.90,30555.77,31867.93,35,5099957,5584391,10386808832,37760208896
2025-05-14 06:55:07,46.241,3.991,0,0,89.80,30555.77,31867.93,35,5100151,5584585,10386808832,37760208896
2025-05-14 06:55:08,43.654,3.786,0,0,89.90,30555.77,31867.93,35,5100352,5584786,10386808832,37760208896
2025-05-14 06:55:08,39.812,3.898,0,0,139.80,30555.77,31867.93,35,5100553,5584987,10386808832,37760208896
2025-05-14 06:55:08,37.715,3.862,0,0,49.90,30555.77,31867.93,35,5100754,5585188,10386808832,37760208896
2025-05-14 06:55:08,41.100,3.888,0,0,79.90,30555.77,31867.93,35,5100961,5585397,10386808832,37760221184
2025-05-14 06:55:08,41.866,4.005,0,12288,229.50,30555.77,31867.93,35,5101153,5585589,10386808832,37760221184
2025-05-14 06:55:09,47.788,4.291,0,0,179.70,30555.77,31867.93,35,5101343,5585779,10386808832,37760221184
2025-05-14 06:55:09,47.254,4.421,0,0,279.50,30555.77,31867.93,35,5101537,5585973,10386808832,37760221184
2025-05-14 06:55:09,47.480,4.647,0,0,319.50,30555.77,31867.93,35,5101747,5586183,10386808832,37760221184
2025-05-14 06:55:09,46.948,4.696,0,61440,259.50,30555.77,31867.93,35,5102561,5587102,10386808832,37765238784
2025-05-14 06:55:09,43.919,4.147,0,4956160,149.70,30555.77,31867.93,35,5102754,5587295,10386808832,37765238784
2025-05-14 06:55:10,46.492,4.042,0,0,159.70,30555.77,31867.93,35,5102961,5587502,10386808832,37765238784
2025-05-14 06:55:10,42.214,3.954,0,0,159.70,30555.77,31867.93,35,5103168,5587712,10386808832,37765251072
2025-05-14 06:55:10,42.035,3.839,0,12288,159.70,30555.77,31867.93,35,5103374,5587920,10386808832,37765279744
2025-05-14 06:55:10,41.872,3.797,0,28672,159.70,30555.77,31867.93,35,5103574,5588120,10386808832,37765279744
2025-05-14 06:55:10,43.359,3.962,0,0,149.70,30555.77,31867.93,35,5103777,5588323,10386808832,37765279744
2025-05-14 06:55:11,44.547,3.946,0,0,149.80,30555.77,31867.93,35,5103978,5588524,10386808832,37765279744
2025-05-14 06:55:11,42.833,3.957,0,0,159.70,30555.77,31867.93,35,5104180,5588726,10386808832,37765279744
2025-05-14 06:55:11,42.051,3.768,0,0,159.70,30555.77,31867.93,35,5104381,5588927,10386808832,37765279744
2025-05-14 06:55:11,41.853,3.792,0,0,159.70,30555.77,31867.93,35,5104582,5589128,10386808832,37765279744
2025-05-14 06:55:11,42.876,3.861,0,0,159.70,30555.77,31867.93,35,5104784,5589330,10386808832,37765279744
2025-05-14 06:55:12,41.934,4.012,0,0,89.90,30555.77,31867.93,35,5104985,5589531,10386808832,37765279744
2025-05-14 06:55:12,38.771,3.788,0,0,69.80,30555.77,31867.93,35,5105186,5589732,10386808832,37765279744
2025-05-14 06:55:12,39.538,3.716,0,0,109.80,30555.77,31867.93,35,5105394,5589942,10386808832,37765292032
2025-05-14 06:55:12,40.312,3.783,0,20480,159.70,30555.77,31867.93,35,5105597,5590146,10386808832,37765300224
2025-05-14 06:55:12,42.078,3.874,0,0,59.90,30555.77,31867.93,35,5105795,5590344,10386808832,37765300224
2025-05-14 06:55:13,42.784,3.707,0,0,69.90,30555.77,31867.93,35,5105996,5590545,10386808832,37765300224
2025-05-14 06:55:13,37.730,3.638,0,0,59.90,30555.77,31867.93,35,5106198,5590747,10386808832,37765300224
2025-05-14 06:55:13,38.925,3.665,0,0,49.90,30555.77,31867.93,35,5106399,5590948,10386808832,37765300224
2025-05-14 06:55:13,37.695,3.659,0,0,69.90,30555.77,31867.93,35,5106600,5591149,10386808832,37765300224
2025-05-14 06:55:13,38.688,3.731,0,0,79.90,30555.77,31867.93,35,5106802,5591351,10386808832,37765300224
2025-05-14 06:55:14,38.726,3.762,0,0,69.90,30555.77,31867.93,35,5107003,5591552,10386808832,37765300224
2025-05-14 06:55:14,37.747,3.677,0,0,69.90,30555.77,31867.93,35,5107204,5591753,10386808832,37765300224
2025-05-14 06:55:14,38.299,3.692,0,0,59.90,30555.77,31867.93,35,5107405,5591954,10386808832,37765300224
2025-05-14 06:55:14,37.649,3.723,0,0,69.90,30555.77,31867.93,35,5107606,5592155,10386808832,37765300224
2025-05-14 06:55:14,39.812,3.843,0,0,149.70,30555.77,31867.93,35,5107807,5592356,10386808832,37765300224
2025-05-14 06:55:15,42.547,4.256,0,0,149.70,30555.77,31867.93,35,5108008,5592557,10386808832,37765300224
2025-05-14 06:55:15,41.120,4.073,0,0,169.70,30555.77,31867.93,35,5108212,5592762,10386808832,37765304320
2025-05-14 06:55:15,42.281,3.956,0,4096,159.70,30555.77,31867.93,35,5108414,5592964,10386808832,37765304320
2025-05-14 06:55:15,41.878,3.829,0,0,169.70,30555.77,31867.93,35,5108615,5593165,10386808832,37765304320
2025-05-14 06:55:15,43.508,3.848,0,0,159.70,30555.77,31867.93,35,5108814,5593364,10386808832,37765304320
2025-05-14 06:55:16,42.624,3.862,0,0,169.70,30555.77,31867.93,35,5109061,5593622,10386808832,37766426624
2025-05-14 06:55:16,41.745,3.844,0,1253376,159.70,30555.77,31867.93,35,5109265,5593827,10386808832,37766557696
2025-05-14 06:55:16,42.050,3.852,0,0,159.80,30555.77,31867.93,35,5109466,5594028,10386808832,37766557696
2025-05-14 06:55:16,41.945,3.833,0,0,149.80,30555.77,31867.93,35,5109666,5594228,10386808832,37766557696
2025-05-14 06:55:16,42.105,3.809,0,0,149.80,30555.77,31867.93,35,5109867,5594429,10386808832,37766557696
2025-05-14 06:55:17,41.940,3.838,0,0,159.70,30555.77,31867.93,35,5110069,5594631,10386808832,37766557696
2025-05-14 06:55:17,41.498,4.264,0,0,159.70,30555.77,31867.93,35,5110270,5594832,10386808832,37766557696
2025-05-14 06:55:17,42.215,4.669,0,0,139.80,30555.77,31867.93,35,5110471,5595033,10386808832,37766557696
2025-05-14 06:55:17,41.941,5.103,0,0,149.80,30555.77,31867.93,35,5110672,5595234,10386808832,37766557696
2025-05-14 06:55:17,42.337,4.552,0,0,129.80,30555.77,31867.93,35,5110873,5595435,10386808832,37766557696
2025-05-14 06:55:18,42.386,5.197,0,0,189.70,30555.77,31867.93,35,5111074,5595636,10386808832,37766557696
2025-05-14 06:55:18,42.539,3.871,0,0,439.20,30555.77,31867.93,35,5111276,5595838,10386808832,37766557696
2025-05-14 06:55:18,43.750,4.169,0,0,159.70,30555.77,31867.93,35,5111477,5596039,10386808832,37766557696
2025-05-14 06:55:18,41.800,3.823,0,0,149.70,30555.77,31867.93,35,5111677,5596239,10386808832,37766557696
2025-05-14 06:55:18,41.630,4.111,0,0,139.80,30555.77,31867.93,35,5111878,5596440,10386808832,37766557696
2025-05-14 06:55:19,42.286,4.007,0,0,159.80,30555.77,31867.93,35,5112079,5596641,10386808832,37766557696
2025-05-14 06:55:19,42.015,3.837,0,0,329.40,30555.77,31867.93,35,5112281,5596843,10386808832,37766557696
2025-05-14 06:55:19,42.941,4.102,0,0,139.70,30555.77,31867.93,35,5112482,5597044,10386808832,37766557696
2025-05-14 06:55:19,42.145,3.839,0,0,159.70,30555.77,31867.93,35,5112683,5597245,10386808832,37766557696
2025-05-14 06:55:19,41.709,3.835,0,0,39.90,30555.77,31867.93,35,5112884,5597446,10386808832,37766557696
2025-05-14 06:55:20,39.963,3.790,0,0,219.60,30555.77,31867.93,35,5113085,5597647,10386808832,37766557696
2025-05-14 06:55:20,47.453,4.601,0,0,568.80,30555.79,31867.93,34,5113295,5597860,10386808832,37766569984
2025-05-14 06:55:20,47.019,5.113,0,12288,169.70,30555.81,31867.93,33,5113494,5598059,10386808832,37766569984
2025-05-14 06:55:20,46.296,4.395,0,0,39.90,30555.81,31867.93,33,5113694,5598259,10386808832,37766569984
2025-05-14 06:55:20,42.602,3.827,0,0,79.90,30555.81,31867.93,33,5113895,5598460,10386808832,37766569984
2025-05-14 06:55:21,38.628,3.751,0,0,59.90,30555.81,31867.93,33,5114096,5598661,10386808832,37766569984
2025-05-14 06:55:21,38.182,3.781,0,0,339.40,30555.81,31867.93,33,5114296,5598861,10386808832,37766569984
2025-05-14 06:55:21,43.574,4.355,0,0,149.80,30555.81,31867.93,33,5114498,5599063,10386808832,37766569984
2025-05-14 06:55:21,42.754,4.163,0,0,269.50,30555.81,31867.93,33,5114785,5599385,10386808832,37768425472
2025-05-14 06:55:21,45.425,4.270,0,1888256,209.60,30555.81,31867.93,33,5114996,5599598,10386808832,37768458240
2025-05-14 06:55:22,44.389,4.511,0,0,129.80,30555.81,31867.93,33,5115197,5599799,10386808832,37768458240
2025-05-14 06:55:22,42.038,4.004,0,0,229.60,30555.81,31867.93,33,5115399,5600001,10386808832,37768458240
2025-05-14 06:55:22,41.392,4.036,0,0,219.60,30555.81,31867.93,33,5115600,5600202,10386808832,37768458240
2025-05-14 06:55:22,42.852,4.051,0,0,59.90,30555.81,31867.93,33,5115800,5600402,10386808832,37768458240
2025-05-14 06:55:22,41.442,3.681,0,0,79.90,30555.81,31867.93,33,5116001,5600603,10386808832,37768458240
2025-05-14 06:55:23,37.358,3.670,0,0,129.80,30555.81,31867.93,33,5116206,5600809,10386808832,37768470528
2025-05-14 06:55:23,39.997,3.954,0,135168,379.30,30555.81,31867.93,33,5116419,5601027,10386808832,37768593408
2025-05-14 06:55:23,46.107,4.568,0,0,319.40,30555.81,31867.93,33,5116615,5601223,10386808832,37768593408
2025-05-14 06:55:23,44.590,4.365,0,0,49.90,30555.81,31867.93,33,5116817,5601425,10386808832,37768593408
2025-05-14 06:55:23,43.623,3.825,0,0,49.90,30555.81,31867.93,33,5117018,5601626,10386808832,37768593408
2025-05-14 06:55:24,38.358,3.685,0,0,59.90,30555.81,31867.93,33,5117219,5601827,10386808832,37768593408
2025-05-14 06:55:24,38.461,3.925,0,0,179.70,30555.81,31867.93,33,5117420,5602028,10386808832,37768593408
2025-05-14 06:55:24,40.203,3.865,0,0,59.90,30555.81,31867.93,33,5117621,5602229,10386808832,37768593408
2025-05-14 06:55:24,40.027,3.858,0,0,159.70,30555.81,31867.93,33,5117820,5602428,10386808832,37768593408
2025-05-14 06:55:24,41.625,3.957,0,0,59.90,30555.81,31867.93,33,5118021,5602629,10386808832,37768593408
2025-05-14 06:55:25,37.116,3.743,0,0,99.80,30555.81,31867.93,33,5118228,5602838,10386808832,37768626176
2025-05-14 06:55:25,40.630,3.855,0,172032,129.80,30555.81,31867.93,33,5118439,5603052,10386808832,37768765440
2025-05-14 06:55:25,41.985,4.081,0,0,69.90,30555.81,31867.93,33,5118640,5603253,10386808832,37768765440
2025-05-14 06:55:25,39.166,3.727,0,0,49.90,30555.81,31867.93,33,5118841,5603454,10386808832,37768765440
2025-05-14 06:55:25,41.186,3.779,0,0,59.90,30555.81,31867.93,33,5119042,5603655,10386808832,37768765440
2025-05-14 06:55:26,39.857,3.825,0,0,69.90,30555.81,31867.93,33,5119243,5603857,10386808832,37768765440
2025-05-14 06:55:26,37.242,3.728,0,0,59.90,30555.81,31867.93,33,5119445,5604058,10386808832,37768765440
2025-05-14 06:55:26,38.442,3.726,0,8192,59.90,30555.81,31867.93,33,5119652,5604267,10386808832,37768773632
2025-05-14 06:55:26,41.498,3.706,0,12288,49.90,30555.81,31867.93,33,5119858,5604476,10386808832,37768785920
2025-05-14 06:55:26,42.852,3.712,0,0,69.90,30555.81,31867.93,33,5120063,5604681,10386808832,37768785920
2025-05-14 06:55:27,37.599,3.744,0,0,259.60,30555.81,31867.93,33,5120264,5604882,10386808832,37768785920
2025-05-14 06:55:27,43.115,4.291,0,1548288,169.70,30555.81,31867.93,33,5120559,5605207,10386808832,37770510336
2025-05-14 06:55:27,42.255,3.958,0,241664,109.80,30555.81,31867.93,33,5120764,5605414,10386808832,37770584064
2025-05-14 06:55:27,41.010,3.906,0,73728,59.90,30555.81,31867.93,33,5120968,5605619,10386808832,37770649600
2025-05-14 06:55:27,39.084,3.880,0,2748416,179.70,30555.81,31867.93,33,5121265,5605967,10386808832,37773783040
2025-05-14 06:55:28,43.559,4.248,0,991232,169.70,30555.81,31867.93,33,5121582,5606330,10386808832,37774606336
2025-05-14 06:55:28,43.347,4.098,0,405504,169.70,30555.81,31867.93,33,5121856,5606634,10386808832,37775454208
2025-05-14 06:55:28,43.343,4.108,0,905216,169.70,30555.81,31867.93,33,5122147,5606958,10386808832,37775941632
2025-05-14 06:55:28,43.671,4.218,0,901120,379.30,30555.81,31867.93,33,5122418,5607264,10386808832,37776965632
2025-05-14 06:55:28,48.656,4.823,0,1077248,509.10,30555.81,31867.93,33,5122700,5607582,10386808832,37778079744
2025-05-14 06:55:29,47.937,4.836,0,565248,419.30,30555.81,31867.93,33,5122958,5607858,10386808832,37778464768
2025-05-14 06:55:29,45.209,4.743,0,323584,459.10,30555.81,31867.93,33,5123203,5608116,10386808832,37778739200
2025-05-14 06:55:29,46.550,4.688,0,237568,429.30,30555.81,31867.93,33,5123416,5608330,10386808832,37778804736
2025-05-14 06:55:29,46.053,4.465,0,90112,429.20,30555.81,31867.93,33,5123691,5608630,10386808832,37779263488
2025-05-14 06:55:29,46.733,4.796,0,438272,439.20,30555.81,31867.93,33,5123894,5608835,10386808832,37779333120
2025-05-14 06:55:30,46.904,4.355,0,204800,449.10,30555.81,31867.93,33,5124100,5609046,10386808832,37779537920
2025-05-14 06:55:30,45.799,4.854,0,176128,379.20,30555.81,31867.93,33,5124360,5609322,10386808832,37779808256
2025-05-14 06:55:30,44.029,4.738,0,159744,399.20,30555.81,31867.93,33,5124586,5609556,10386808832,37780119552
2025-05-14 06:55:30,45.306,4.537,0,315392,389.70,30555.81,31867.93,33,5124793,5609767,10386808832,37780205568
2025-05-14 06:55:30,45.014,4.703,0,176128,489.20,30555.81,31867.93,33,5125014,5609995,10386808832,37780570112
2025-05-14 06:55:31,46.264,4.552,0,290816,499.00,30555.81,31867.93,33,5125251,5610244,10386808832,37780803584
2025-05-14 06:55:31,47.347,4.757,0,405504,469.20,30555.81,31867.93,33,5126118,5611268,10386808832,37786669056
2025-05-14 06:55:31,46.614,4.483,0,5607424,399.30,30555.81,31867.93,33,5126320,5611470,10386808832,37786669056
2025-05-14 06:55:31,45.358,4.641,0,12288,399.30,30555.81,31867.93,33,5126527,5611679,10386808832,37786746880
2025-05-14 06:55:31,47.100,4.791,0,454656,449.20,30555.81,31867.93,33,5126779,5611946,10386808832,37787250688
2025-05-14 06:55:32,46.787,4.678,0,212992,389.30,30555.81,31867.93,33,5127002,5612178,10386808832,37787488256
2025-05-14 06:55:32,45.525,4.468,0,139264,389.20,30555.81,31867.93,33,5127197,5612373,10386808832,37787488256
2025-05-14 06:55:32,44.830,4.787,0,0,419.30,30555.81,31867.93,33,5127440,5612628,10386808832,37787701248
2025-05-14 06:55:32,46.026,4.837,0,593920,349.30,30555.81,31867.93,33,5127690,5612893,10386808832,37788229632
2025-05-14 06:55:32,49.236,4.679,0,217088,369.40,30555.81,31867.93,33,5127900,5613109,10386808832,37788377088
2025-05-14 06:55:33,48.815,4.664,0,155648,359.40,30555.81,31867.93,33,5128119,5613332,10386808832,37788585984
2025-05-14 06:55:33,46.562,4.576,0,131072,349.40,30555.81,31867.93,33,5128320,5613533,10386808832,37788585984
2025-05-14 06:55:33,44.897,4.521,0,0,379.20,30555.81,31867.93,33,5128522,5613735,10386808832,37788585984
2025-05-14 06:55:33,46.483,4.619,0,20480,379.20,30555.81,31867.93,33,5128736,5613953,10386808832,37788745728
2025-05-14 06:55:33,46.570,4.595,0,151552,339.40,30555.81,31867.93,33,5128952,5614174,10386808832,37788864512
2025-05-14 06:55:34,45.906,4.811,0,184320,429.20,30555.81,31867.93,33,5129185,5614420,10386808832,37789036544
2025-05-14 06:55:34,47.118,4.832,0,217088,389.30,30555.81,31867.93,33,5129381,5614624,10386808832,37789298688
2025-05-14 06:55:34,46.376,4.576,0,245760,389.30,30555.81,31867.93,33,5129600,5614849,10386808832,37789536256
2025-05-14 06:55:34,46.851,4.548,0,131072,409.30,30555.81,31867.93,33,5129781,5615030,10386808832,37789536256
2025-05-14 06:55:34,47.615,4.556,0,8192,419.20,30555.81,31867.93,33,5129995,5615248,10386808832,37789618176
2025-05-14 06:55:35,47.170,4.501,0,139264,389.20,30555.81,31867.93,33,5130198,5615453,10386808832,37789683712
2025-05-14 06:55:35,47.432,4.463,0,8192,379.30,30555.81,31867.93,33,5130407,5615665,10386808832,37789822976
2025-05-14 06:55:35,46.732,4.449,0,143360,419.30,30555.81,31867.93,33,5130613,5615872,10386808832,37789835264
2025-05-14 06:55:35,47.702,4.528,0,0,359.30,30555.81,31867.93,33,5130813,5616072,10386808832,37789835264
2025-05-14 06:55:35,46.967,4.532,0,3534848,379.40,30555.81,31867.93,33,5131298,5616683,10386808832,37793501184
2025-05-14 06:55:36,48.987,4.672,0,172032,389.30,30555.81,31867.93,33,5131498,5616887,10386808832,37793542144
2025-05-14 06:55:36,47.382,4.566,0,0,439.10,30555.81,31867.93,33,5131700,5617089,10386808832,37793542144
2025-05-14 06:55:36,47.017,4.695,0,0,419.10,30555.81,31867.93,33,5131907,5617298,10386808832,37793554432
2025-05-14 06:55:36,47.497,4.583,0,16384,339.30,30555.81,31867.93,33,5132110,5617504,10386808832,37793628160
2025-05-14 06:55:36,49.062,4.472,0,69632,349.40,30555.81,31867.93,33,5132309,5617703,10386808832,37793628160
2025-05-14 06:55:37,46.577,4.547,0,4096,409.20,30555.81,31867.93,33,5132520,5617917,10386808832,37793660928
2025-05-14 06:55:37,47.001,4.842,0,94208,379.30,30555.81,31867.93,33,5132729,5618129,10386808832,37793796096
2025-05-14 06:55:37,47.623,4.648,0,139264,389.30,30555.81,31867.93,33,5132936,5618338,10386808832,37793865728
2025-05-14 06:55:37,47.634,4.669,0,0,359.40,30555.81,31867.93,33,5133133,5618535,10386808832,37793865728
2025-05-14 06:55:37,49.437,4.753,0,81920,359.40,30555.81,31867.93,33,5133353,5618762,10386808832,37793947648
2025-05-14 06:55:38,46.481,4.647,0,0,419.30,30555.81,31867.93,33,5133554,5618963,10386808832,37793947648
2025-05-14 06:55:38,46.802,4.462,4096,20480,399.20,30555.81,31867.93,33,5133759,5619171,10386812928,37793968128
2025-05-14 06:55:38,47.066,4.697,0,0,359.40,30555.81,31867.93,33,5133954,5619366,10386812928,37793968128
2025-05-14 06:55:38,47.236,4.693,0,0,389.30,30555.81,31867.93,33,5134160,5619574,10386812928,37793976320
2025-05-14 06:55:38,46.299,4.820,0,32768,349.60,30555.81,31867.93,33,5134367,5619782,10386812928,37794000896
2025-05-14 06:55:39,46.405,4.594,0,0,349.50,30555.81,31867.93,33,5134568,5619983,10386812928,37794000896
2025-05-14 06:55:39,44.111,4.708,0,0,289.40,30555.81,31867.93,33,5134769,5620184,10386812928,37794000896
2025-05-14 06:55:39,43.686,4.525,0,0,309.50,30555.81,31867.93,33,5134976,5620393,10386812928,37794091008
2025-05-14 06:55:39,45.328,4.435,0,90112,299.40,30555.81,31867.93,33,5135182,5620603,10386812928,37794234368
2025-05-14 06:55:40,45.381,4.488,0,274432,289.50,30555.81,31867.93,33,5135386,5620808,10386812928,37794365440
2025-05-14 06:55:40,44.555,4.363,0,0,359.30,30555.81,31867.93,33,5135581,5621003,10386812928,37794365440
2025-05-14 06:55:40,46.128,4.516,0,0,259.50,30555.81,31867.93,33,5135783,5621205,10386812928,37794365440
2025-05-14 06:55:40,44.484,4.369,0,0,309.50,30555.81,31867.93,33,5135989,5621413,10386812928,37794373632
2025-05-14 06:55:40,45.423,4.559,0,3063808,289.50,30555.81,31867.93,33,5136521,5622009,10386812928,37797494784
2025-05-14 06:55:41,47.346,4.768,0,65536,339.30,30555.81,31867.93,33,5136710,5622198,10386812928,37797494784
2025-05-14 06:55:41,45.364,4.845,0,0,299.50,30555.81,31867.93,33,5136910,5622398,10386812928,37797494784
2025-05-14 06:55:41,45.146,4.639,0,0,279.50,30555.81,31867.93,33,5137111,5622599,10386812928,37797494784
2025-05-14 06:55:41,44.689,4.530,0,540672,279.50,30555.81,31867.93,33,5137351,5622854,10386812928,37798035456
2025-05-14 06:55:41,45.497,4.401,0,200704,239.60,30555.81,31867.93,33,5137575,5623083,10386812928,37798305792
2025-05-14 06:55:42,46.498,4.459,0,73728,259.60,30555.81,31867.93,33,5137794,5623309,10386812928,37798395904
2025-05-14 06:55:42,44.584,4.401,0,102400,279.50,30555.81,31867.93,33,5138006,5623525,10386812928,37798416384
2025-05-14 06:55:42,43.269,4.446,0,73728,269.60,30555.81,31867.93,33,5138211,5623732,10386812928,37798486016
2025-05-14 06:55:42,44.411,4.389,0,0,279.50,30555.81,31867.93,33,5138411,5623932,10386812928,37798486016
2025-05-14 06:55:42,43.976,4.406,4096,45056,299.40,30555.81,31867.93,33,5138640,5624175,10386817024,37798600704
2025-05-14 06:55:43,44.987,4.467,0,69632,339.40,30555.81,31867.93,33,5138841,5624376,10386817024,37798600704
2025-05-14 06:55:43,45.261,4.509,0,0,329.30,30555.81,31867.93,33,5139042,5624577,10386817024,37798600704
2025-05-14 06:55:43,44.240,4.422,0,0,299.50,30555.81,31867.93,33,5139243,5624778,10386817024,37798600704
2025-05-14 06:55:43,43.433,4.429,0,0,369.40,30555.81,31867.93,33,5139447,5624982,10386817024,37798600704
2025-05-14 06:55:43,45.325,4.443,0,0,349.40,30555.81,31867.93,33,5139654,5625191,10386817024,37798674432
2025-05-14 06:55:44,45.168,4.489,0,73728,379.40,30555.81,31867.93,33,5139860,5625397,10386817024,37798674432
2025-05-14 06:55:44,45.747,4.502,0,0,359.40,30555.81,31867.93,33,5140067,5625606,10386817024,37798744064
2025-05-14 06:55:44,44.855,4.364,0,69632,399.30,30555.81,31867.93,33,5140268,5625807,10386817024,37798744064
2025-05-14 06:55:44,45.522,4.529,0,0,349.40,30555.81,31867.93,33,5140469,5626008,10386817024,37798744064
2025-05-14 06:55:44,44.922,4.486,0,0,359.40,30555.81,31867.93,33,5140667,5626207,10386817024,37798744064
2025-05-14 06:55:45,44.181,4.501,0,0,289.50,30555.81,31867.93,33,5140869,5626408,10386817024,37798744064
2025-05-14 06:55:45,44.967,4.589,0,0,349.40,30555.81,31867.93,33,5141071,5626610,10386817024,37798744064
2025-05-14 06:55:45,45.155,4.788,0,0,319.50,30555.81,31867.93,33,5141272,5626811,10386817024,37798744064
2025-05-14 06:55:45,44.604,4.510,0,0,349.30,30555.81,31867.93,33,5141480,5627019,10386817024,37798744064
2025-05-14 06:55:45,44.693,4.419,0,0,289.50,30555.81,31867.93,33,5141681,5627220,10386817024,37798744064
2025-05-14 06:55:46,44.347,4.513,0,2220032,249.50,30555.81,31867.93,33,5142119,5627717,10386817024,37800964096
2025-05-14 06:55:46,44.045,4.474,0,0,299.40,30555.81,31867.93,33,5142320,5627918,10386817024,37800964096
2025-05-14 06:55:46,44.451,4.491,0,172032,269.50,30555.81,31867.93,33,5142545,5628151,10386817024,37801304064
2025-05-14 06:55:46,43.981,4.386,0,167936,319.50,30555.81,31867.93,33,5142745,5628351,10386817024,37801304064
2025-05-14 06:55:46,44.678,4.432,0,0,289.50,30555.81,31867.93,33,5142947,5628553,10386817024,37801304064
2025-05-14 06:55:47,44.366,4.329,0,73728,349.40,30555.81,31867.93,33,5143162,5628772,10386817024,37801451520
2025-05-14 06:55:47,43.156,4.491,0,86016,359.30,30555.81,31867.93,33,5143371,5628984,10386817024,37801463808
2025-05-14 06:55:47,45.162,4.603,0,73728,359.30,30555.81,31867.93,33,5143591,5629212,10386817024,37801623552
2025-05-14 06:55:47,44.743,4.466,0,225280,379.40,30555.81,31867.93,33,5143820,5629450,10386817024,37801832448
2025-05-14 06:55:47,44.082,4.514,0,143360,309.50,30555.81,31867.93,33,5144034,5629669,10386817024,37802045440
2025-05-14 06:55:48,44.447,4.444,0,212992,359.40,30555.81,31867.93,33,5144244,5629883,10386817024,37802119168
2025-05-14 06:55:48,43.979,4.334,0,0,249.50,30555.81,31867.93,33,5144454,5630096,10386817024,37802274816
2025-05-14 06:55:48,42.060,3.938,0,155648,149.80,30555.81,31867.93,33,5144655,5630297,10386817024,37802274816
2025-05-14 06:55:48,41.612,3.785,0,0,149.80,30555.81,31867.93,33,5144855,5630497,10386817024,37802274816
2025-05-14 06:55:48,41.732,3.817,0,0,159.70,30555.81,31867.93,33,5145056,5630698,10386817024,37802274816
2025-05-14 06:55:49,41.130,3.796,0,0,159.70,30555.81,31867.93,33,5145257,5630899,10386817024,37802274816
2025-05-14 06:55:49,42.161,3.841,0,0,159.70,30555.81,31867.93,33,5145458,5631100,10386817024,37802274816
2025-05-14 06:55:49,42.450,3.860,0,0,149.70,30555.81,31867.93,33,5145659,5631301,10386817024,37802274816
2025-05-14 06:55:49,41.883,3.785,0,0,149.80,30555.81,31867.93,33,5145861,5631503,10386817024,37802274816
2025-05-14 06:55:49,42.167,3.866,0,0,159.70,30555.81,31867.93,33,5146062,5631704,10386817024,37802274816
2025-05-14 06:55:50,41.983,3.800,0,0,159.70,30555.81,31867.93,33,5146266,5631908,10386817024,37802274816
2025-05-14 06:55:50,42.547,3.877,0,0,159.70,30555.81,31867.93,33,5146467,5632109,10386817024,37802274816
2025-05-14 06:55:50,42.241,3.812,0,0,149.70,30555.81,31867.93,33,5146668,5632310,10386817024,37802274816
2025-05-14 06:55:50,41.950,3.813,0,0,159.70,30555.81,31867.93,33,5146868,5632511,10386817024,37802274816
2025-05-14 06:55:50,41.586,3.841,0,0,159.70,30555.81,31867.93,33,5147070,5632712,10386817024,37802274816
2025-05-14 06:55:51,42.785,4.370,0,0,319.40,30555.81,31867.93,33,5147271,5632913,10386817024,37802274816
2025-05-14 06:55:51,45.783,4.432,0,2080768,239.50,30555.81,31867.93,33,5147602,5633357,10386817024,37804482560
2025-05-14 06:55:51,43.266,3.994,0,126976,149.70,30555.81,31867.93,33,5147803,5633558,10386817024,37804482560
2025-05-14 06:55:51,41.844,3.816,0,0,149.70,30555.81,31867.93,33,5148004,5633759,10386817024,37804482560
2025-05-14 06:55:51,40.712,3.869,0,0,149.70,30555.81,31867.93,33,5148205,5633960,10386817024,37804482560
2025-05-14 06:55:52,40.855,3.879,0,0,119.90,30555.81,31867.93,33,5148406,5634161,10386817024,37804482560
2025-05-14 06:55:52,40.181,3.744,0,0,59.90,30555.81,31867.93,33,5148604,5634359,10386817024,37804482560
2025-05-14 06:55:52,42.594,4.004,0,0,429.10,30555.81,31867.93,33,5148805,5634560,10386817024,37804482560
2025-05-14 06:55:52,48.241,4.863,0,0,209.60,30555.81,31867.93,33,5149003,5634758,10386817024,37804482560
2025-05-14 06:55:52,47.370,4.476,0,0,139.80,30555.81,31867.93,33,5149203,5634958,10386817024,37804482560
2025-05-14 06:55:53,44.406,3.937,0,0,99.80,30555.81,31867.93,33,5149404,5635159,10386817024,37804482560
2025-05-14 06:55:53,43.656,3.861,0,0,49.90,30555.81,31867.93,33,5149605,5635360,10386817024,37804482560
2025-05-14 06:55:53,39.145,3.769,0,0,109.80,30555.81,31867.93,33,5149807,5635562,10386817024,37804482560
2025-05-14 06:55:53,40.954,4.000,0,0,59.90,30555.81,31867.93,33,5150008,5635763,10386817024,37804482560
2025-05-14 06:55:53,41.696,3.747,0,0,109.80,30555.81,31867.93,33,5150208,5635963,10386817024,37804482560
2025-05-14 06:55:54,44.913,3.895,0,0,59.90,30555.81,31867.93,33,5150409,5636164,10386817024,37804482560
2025-05-14 06:55:54,37.549,3.598,0,0,49.90,30555.81,31867.93,33,5150613,5636368,10386817024,37804482560
2025-05-14 06:55:54,38.762,3.675,0,0,39.90,30555.81,31867.93,33,5150815,5636570,10386817024,37804482560
2025-05-14 06:55:54,39.681,3.626,0,0,129.80,30555.81,31867.93,33,5151015,5636770,10386817024,37804482560
2025-05-14 06:55:54,42.464,3.914,0,0,69.90,30555.81,31867.93,33,5151217,5636972,10386817024,37804482560
2025-05-14 06:55:55,38.733,3.697,0,0,69.90,30555.81,31867.93,33,5151418,5637173,10386817024,37804482560
2025-05-14 06:55:55,37.357,3.658,0,0,59.90,30555.81,31867.93,33,5151619,5637374,10386817024,37804482560
2025-05-14 06:55:55,39.208,3.687,0,0,69.90,30555.81,31867.93,33,5151821,5637576,10386817024,37804482560
2025-05-14 06:55:55,38.496,3.699,0,0,89.80,30555.81,31867.93,33,5152022,5637777,10386817024,37804482560
2025-05-14 06:55:55,43.387,3.943,0,0,99.80,30555.81,31867.93,33,5152222,5637977,10386817024,37804482560
2025-05-14 06:55:56,39.830,3.722,0,0,59.90,30555.81,31867.93,33,5152423,5638178,10386817024,37804482560
2025-05-14 06:55:56,39.396,3.732,0,0,279.50,30555.81,31867.93,33,5152624,5638379,10386817024,37804482560
2025-05-14 06:55:56,44.006,4.174,0,0,119.80,30555.81,31867.93,33,5152825,5638580,10386817024,37804482560
2025-05-14 06:55:56,39.777,3.738,0,0,49.90,30555.81,31867.93,33,5153025,5638780,10386817024,37804482560
2025-05-14 06:55:56,41.207,3.678,0,0,69.90,30555.81,31867.93,33,5153226,5638981,10386817024,37804482560
2025-05-14 06:55:57,38.348,3.656,0,0,49.90,30555.81,31867.93,33,5153428,5639183,10386817024,37804482560
2025-05-14 06:55:57,37.887,3.658,0,0,49.90,30555.81,31867.93,33,5153628,5639383,10386817024,37804482560
2025-05-14 06:55:57,38.475,3.712,0,0,49.90,30555.81,31867.93,33,5153829,5639584,10386817024,37804482560
2025-05-14 06:55:57,42.878,3.777,0,0,39.90,30555.81,31867.93,33,5154030,5639785,10386817024,37804482560
2025-05-14 06:55:57,43.317,3.935,0,0,49.90,30555.81,31867.93,33,5154231,5639986,10386817024,37804482560
2025-05-14 06:55:58,39.514,3.718,0,0,109.80,30555.81,31867.93,33,5154433,5640188,10386817024,37804482560
2025-05-14 06:55:58,38.531,3.796,0,0,119.80,30555.83,31867.93,33,5154647,5640476,10386817024,37805924352
2025-05-14 06:55:58,39.786,3.736,0,1441792,59.90,30555.83,31867.93,33,5154848,5640677,10386817024,37805924352
2025-05-14 06:55:58,39.932,3.611,0,0,59.90,30555.83,31867.93,33,5155047,5640876,10386817024,37805924352
2025-05-14 06:55:58,39.990,3.662,0,0,49.90,30555.83,31867.93,33,5155249,5641078,10386817024,37805924352
2025-05-14 06:55:59,41.085,3.635,0,0,39.90,30555.83,31867.93,33,5155450,5641279,10386817024,37805924352
2025-05-14 06:55:59,39.955,3.706,0,0,59.90,30555.83,31867.93,33,5155651,5641480,10386817024,37805924352
2025-05-14 06:55:59,39.789,3.711,0,0,49.90,30555.83,31867.93,33,5155852,5641681,10386817024,37805924352
2025-05-14 06:55:59,41.470,3.700,0,0,39.90,30555.83,31867.93,33,5156053,5641882,10386817024,37805924352
2025-05-14 06:55:59,41.611,3.728,0,0,49.90,30555.83,31867.93,33,5156255,5642084,10386817024,37805924352
2025-05-14 06:56:00,43.360,3.815,0,32768,79.90,30555.83,31867.93,33,5156585,5642416,10387410944,37806026752
2025-05-14 06:56:00,40.141,3.712,593920,86016,59.90,30555.83,31867.93,33,5156795,5642630,10387410944,37806043136
2025-05-14 06:56:00,40.182,3.754,0,0,50.00,30555.83,31867.93,33,5156996,5642831,10387410944,37806043136
2025-05-14 06:56:00,41.160,3.760,0,0,49.90,30555.83,31867.93,33,5157196,5643031,10387410944,37806043136
2025-05-14 06:56:00,48.448,3.989,0,0,59.90,30555.83,31867.93,33,5157405,5643243,10387410944,37806120960
2025-05-14 06:56:01,47.257,3.903,0,77824,69.90,30555.83,31867.93,33,5157646,5643533,10387410944,37808054272
2025-05-14 06:56:01,41.427,3.885,0,2195456,129.70,30555.83,31867.93,33,5157852,5643742,10387410944,37808316416
2025-05-14 06:56:01,46.538,4.402,0,0,139.70,30555.83,31867.93,33,5158048,5643938,10387410944,37808316416
2025-05-14 06:56:01,43.845,4.144,0,0,89.80,30555.83,31867.93,33,5158248,5644138,10387410944,37808316416
2025-05-14 06:56:01,42.787,3.847,0,0,49.90,30555.83,31867.93,33,5158450,5644340,10387410944,37808316416
2025-05-14 06:56:02,39.241,3.737,0,0,39.90,30555.83,31867.93,33,5158651,5644541,10387410944,37808316416
2025-05-14 06:56:02,40.283,3.692,0,0,59.90,30555.83,31867.93,33,5158852,5644742,10387410944,37808316416
2025-05-14 06:56:02,39.264,3.785,0,0,149.70,30555.83,31867.93,33,5159049,5644939,10387410944,37808316416
2025-05-14 06:56:02,45.952,4.241,0,0,169.70,30555.83,31867.93,33,5159236,5645126,10387410944,37808316416
2025-05-14 06:56:02,46.264,4.102,0,0,159.70,30555.83,31867.93,33,5159435,5645325,10387410944,37808316416
2025-05-14 06:56:03,44.270,3.974,0,0,169.70,30555.83,31867.93,33,5159638,5645529,10387410944,37808381952
2025-05-14 06:56:03,42.355,3.782,0,65536,159.70,30555.83,31867.93,33,5159840,5645731,10387410944,37808381952
2025-05-14 06:56:03,42.198,3.902,0,0,169.70,30555.83,31867.93,33,5160041,5645932,10387410944,37808381952
2025-05-14 06:56:03,42.751,3.802,0,0,159.70,30555.83,31867.93,33,5160242,5646133,10387410944,37808381952
2025-05-14 06:56:03,42.109,3.871,0,0,159.70,30555.83,31867.93,33,5160443,5646334,10387410944,37808381952
2025-05-14 06:56:04,42.199,3.859,0,0,159.70,30555.83,31867.93,33,5160645,5646536,10387410944,37808381952
2025-05-14 06:56:04,42.620,3.803,0,0,159.70,30555.83,31867.93,33,5160846,5646737,10387410944,37808381952
2025-05-14 06:56:04,42.349,3.881,0,0,169.70,30555.83,31867.93,33,5161047,5646938,10387410944,37808381952
2025-05-14 06:56:04,42.162,3.837,0,0,159.70,30555.83,31867.93,33,5161247,5647138,10387410944,37808381952
2025-05-14 06:56:04,44.766,3.945,0,0,159.70,30555.83,31867.93,33,5161449,5647340,10387410944,37808381952
2025-05-14 06:56:05,42.482,3.857,0,0,159.70,30555.83,31867.93,33,5161650,5647541,10387410944,37808381952
2025-05-14 06:56:05,44.146,4.033,0,0,139.70,30555.83,31867.93,33,5161850,5647742,10387410944,37808381952
2025-05-14 06:56:05,42.066,3.878,0,0,489.10,30555.83,31867.93,33,5162052,5647943,10387410944,37808381952
2025-05-14 06:56:05,46.588,4.139,0,0,159.70,30555.83,31867.93,33,5162262,5648156,10387410944,37808398336
2025-05-14 06:56:05,47.179,4.148,0,16384,149.70,30555.83,31867.93,33,5162453,5648347,10387410944,37808398336
2025-05-14 06:56:06,42.805,4.039,0,0,239.50,30555.83,31867.93,33,5162645,5648539,10387410944,37808398336
2025-05-14 06:56:06,43.973,4.270,0,1437696,99.80,30555.83,31867.93,33,5162914,5648825,10387410944,37809901568
2025-05-14 06:56:06,41.871,4.013,0,65536,139.80,30555.83,31867.93,33,5163114,5649025,10387410944,37809901568
2025-05-14 06:56:06,41.512,3.917,0,0,49.90,30555.83,31867.93,33,5163315,5649226,10387410944,37809901568
2025-05-14 06:56:06,43.471,3.814,0,0,119.80,30555.83,31867.93,33,5163515,5649426,10387410944,37809901568
2025-05-14 06:56:07,41.850,3.906,0,0,49.90,30555.83,31867.93,33,5163716,5649627,10387410944,37809901568
2025-05-14 06:56:07,38.862,3.675,0,0,69.90,30555.83,31867.93,33,5163917,5649828,10387410944,37809901568
2025-05-14 06:56:07,37.285,3.710,0,0,79.90,30555.83,31867.93,33,5164119,5650030,10387410944,37809901568
2025-05-14 06:56:07,39.846,4.053,0,61440,139.80,30555.83,31867.93,33,5164347,5650261,10387410944,37810028544
2025-05-14 06:56:07,44.814,4.359,0,65536,339.40,30555.83,31867.93,33,5164552,5650464,10387410944,37810028544
2025-05-14 06:56:08,46.866,4.546,0,0,109.80,30555.83,31867.93,33,5164755,5650666,10387410944,37810028544
2025-05-14 06:56:08,40.208,3.860,0,0,69.90,30555.83,31867.93,33,5164957,5650868,10387410944,37810028544
2025-05-14 06:56:08,40.597,3.793,0,0,59.90,30555.83,31867.93,33,5165158,5651069,10387410944,37810028544
2025-05-14 06:56:08,38.844,3.717,0,0,49.90,30555.83,31867.93,33,5165358,5651269,10387410944,37810028544
2025-05-14 06:56:08,44.005,3.756,0,0,69.90,30555.83,31867.93,33,5165559,5651470,10387410944,37810028544
2025-05-14 06:56:09,39.495,3.720,0,0,79.90,30555.83,31867.93,33,5165760,5651671,10387410944,37810028544
2025-05-14 06:56:09,41.703,4.026,0,0,69.90,30555.83,31867.93,33,5165959,5651870,10387410944,37810028544
2025-05-14 06:56:09,39.734,3.761,0,0,69.90,30555.83,31867.93,33,5166160,5652071,10387410944,37810028544
2025-05-14 06:56:09,37.899,3.742,0,0,69.80,30555.83,31867.93,33,5166369,5652283,10387410944,37810102272
2025-05-14 06:56:09,43.188,3.907,0,73728,179.70,30555.83,31867.93,33,5166570,5652484,10387410944,37810102272
2025-05-14 06:56:10,40.859,3.992,0,0,49.90,30555.83,31867.93,33,5166775,5652691,10387410944,37810110464
2025-05-14 06:56:10,39.559,3.710,0,8192,49.90,30555.83,31867.93,33,5166977,5652893,10387410944,37810110464
2025-05-14 06:56:10,40.287,3.705,0,0,79.90,30555.83,31867.93,33,5167181,5653097,10387410944,37810110464
2025-05-14 06:56:10,42.608,3.874,0,0,39.90,30555.83,31867.93,33,5167381,5653297,10387410944,37810110464
2025-05-14 06:56:10,41.587,3.862,0,0,69.90,30555.83,31867.93,33,5167582,5653498,10387410944,37810110464
2025-05-14 06:56:11,37.389,3.648,0,0,119.80,30555.83,31867.93,33,5167783,5653699,10387410944,37810110464
2025-05-14 06:56:11,43.663,4.063,0,1449984,169.70,30555.83,31867.93,33,5168098,5654048,10387410944,37811613696
2025-05-14 06:56:11,42.474,3.957,0,200704,129.80,30555.83,31867.93,33,5168311,5654265,10387410944,37811769344
2025-05-14 06:56:11,41.865,3.763,0,86016,119.80,30555.83,31867.93,33,5168522,5654480,10387410944,37811847168
2025-05-14 06:56:11,44.361,4.101,0,126976,279.50,30555.83,31867.93,33,5168753,5654721,10387410944,37812076544
2025-05-14 06:56:12,44.485,4.150,0,192512,159.70,30555.83,31867.93,33,5168970,5654943,10387410944,37812166656
2025-05-14 06:56:12,43.723,4.131,0,319488,568.80,30555.83,31867.93,33,5169284,5655294,10387410944,37812977664
2025-05-14 06:56:12,49.228,5.383,0,1200128,409.30,30555.83,31867.93,33,5169587,5655631,10387410944,37813878784
2025-05-14 06:56:12,47.165,4.752,0,319488,279.50,30555.83,31867.93,33,5169831,5655889,10387410944,37814120448
2025-05-14 06:56:13,48.562,4.705,0,208896,469.10,30555.83,31867.93,33,5170022,5656086,10387410944,37814214656
2025-05-14 06:56:13,46.832,4.595,0,0,469.00,30555.83,31867.93,33,5170245,5656316,10387410944,37814362112
2025-05-14 06:56:13,47.499,4.794,0,462848,419.30,30555.83,31867.93,33,5170550,5656656,10387410944,37814820864
2025-05-14 06:56:13,46.165,4.628,0,270336,379.20,30555.83,31867.93,33,5170775,5656889,10387410944,37815013376
2025-05-14 06:56:13,44.752,4.350,0,65536,459.20,30555.83,31867.93,33,5170975,5657089,10387410944,37815013376
2025-05-14 06:56:14,46.682,4.608,0,45056,329.40,30555.83,31867.93,33,5171197,5657316,10387410944,37815197696
2025-05-14 06:56:14,45.036,4.649,0,139264,429.20,30555.83,31867.93,33,5171400,5657521,10387410944,37815209984
2025-05-14 06:56:14,45.424,4.520,0,192512,519.10,30555.83,31867.93,33,5171648,5657784,10387410944,37815586816
2025-05-14 06:56:14,47.183,4.698,0,356352,389.30,30555.83,31867.93,33,5171878,5658023,10387410944,37815746560
2025-05-14 06:56:14,45.938,4.356,0,0,409.30,30555.83,31867.93,33,5172071,5658216,10387410944,37815746560
2025-05-14 06:56:15,45.303,4.663,0,0,499.20,30555.83,31867.93,33,5172314,5658477,10387410944,37816102912
2025-05-14 06:56:15,47.019,4.607,0,471040,439.30,30555.83,31867.93,33,5172544,5658717,10387410944,37816320000
2025-05-14 06:56:15,46.035,4.347,0,102400,409.30,30555.83,31867.93,33,5173400,5659734,10387410944,37822656512
2025-05-14 06:56:15,45.821,4.743,0,6602752,339.50,30555.83,31867.93,33,5173607,5659994,10387410944,37822930944
2025-05-14 06:56:15,45.594,4.699,0,196608,359.40,30555.83,31867.93,33,5173875,5660286,10387410944,37823332352
2025-05-14 06:56:16,47.147,4.690,0,364544,409.20,30555.83,31867.93,33,5174091,5660508,10387410944,37823483904
2025-05-14 06:56:16,47.708,4.704,0,0,439.30,30555.83,31867.93,33,5174292,5660709,10387410944,37823483904
2025-05-14 06:56:16,45.999,4.685,0,0,309.50,30555.83,31867.93,33,5174504,5660923,10387410944,37823553536
2025-05-14 06:56:16,44.599,4.805,0,69632,349.40,30555.83,31867.93,33,5174714,5661137,10387410944,37823647744
2025-05-14 06:56:16,46.599,4.616,0,94208,269.50,30555.83,31867.93,33,5174915,5661340,10387410944,37823729664
2025-05-14 06:56:17,48.754,4.680,0,221184,269.50,30555.83,31867.93,33,5175137,5661570,10387410944,37823930368
2025-05-14 06:56:17,47.038,4.638,0,135168,399.30,30555.83,31867.93,33,5175350,5661788,10387410944,37824073728
2025-05-14 06:56:17,45.919,4.757,0,184320,489.10,30555.83,31867.93,33,5175597,5662050,10387410944,37824311296
2025-05-14 06:56:17,46.658,4.616,61440,196608,419.30,30555.83,31867.93,33,5175817,5662274,10387472384,37824454656
2025-05-14 06:56:17,46.003,4.470,0,139264,399.30,30555.83,31867.93,33,5176021,5662480,10387472384,37824524288
2025-05-14 06:56:18,45.181,4.606,0,0,389.30,30555.83,31867.93,33,5176230,5662692,10387472384,37824602112
2025-05-14 06:56:18,45.521,4.636,0,155648,349.50,30555.83,31867.93,33,5176447,5662915,10387472384,37824696320
2025-05-14 06:56:18,46.036,4.675,0,110592,299.50,30555.83,31867.93,33,5176663,5663136,10387472384,37824835584
2025-05-14 06:56:18,45.622,4.634,0,65536,319.50,30555.83,31867.93,33,5176869,5663344,10387472384,37824856064
2025-05-14 06:56:18,47.938,4.835,69632,0,289.70,30555.83,31867.93,33,5177094,5663564,10387599360,37825007616
2025-05-14 06:56:19,46.042,4.531,57344,151552,239.60,30555.83,31867.93,33,5177300,5663770,10387599360,37825007616
2025-05-14 06:56:19,46.067,4.508,0,0,309.50,30555.83,31867.93,33,5177502,5663972,10387599360,37825007616
2025-05-14 06:56:19,44.912,4.571,0,139264,319.40,30555.83,31867.93,33,5177730,5664209,10387599360,37825216512
2025-05-14 06:56:19,46.177,4.557,0,81920,389.30,30555.83,31867.93,33,5178264,5664858,10387599360,37828579328
2025-05-14 06:56:19,46.419,4.442,0,3350528,359.40,30555.83,31867.93,33,5178464,5665058,10387599360,37828579328
2025-05-14 06:56:20,45.785,4.554,0,73728,309.50,30555.83,31867.93,33,5178690,5665292,10387599360,37828845568
2025-05-14 06:56:20,46.181,4.657,0,364544,319.50,30555.83,31867.93,33,5178937,5665552,10387599360,37829140480
2025-05-14 06:56:20,45.403,4.525,0,204800,379.30,30555.83,31867.93,33,5179153,5665773,10387599360,37829357568
2025-05-14 06:56:20,46.156,4.690,0,135168,309.50,30555.83,31867.93,33,5179365,5665989,10387599360,37829435392
2025-05-14 06:56:20,46.053,4.551,0,77824,379.40,30555.83,31867.93,33,5179573,5666197,10387599360,37829435392
2025-05-14 06:56:21,46.094,4.660,0,86016,389.40,30555.83,31867.93,33,5179795,5666426,10387599360,37829623808
2025-05-14 06:56:21,46.284,4.607,0,102400,369.40,30555.83,31867.93,33,5179995,5666626,10387599360,37829623808
2025-05-14 06:56:21,44.595,4.800,0,73728,289.60,30555.83,31867.93,33,5180205,5666839,10387599360,37829697536
2025-05-14 06:56:21,45.149,4.723,0,0,339.40,30555.83,31867.93,33,5180406,5667040,10387599360,37829697536
2025-05-14 06:56:21,45.679,4.740,0,4096,319.50,30555.83,31867.93,33,5180610,5667246,10387599360,37829767168
2025-05-14 06:56:22,45.338,4.619,0,65536,309.50,30555.83,31867.93,33,5180811,5667447,10387599360,37829767168
2025-05-14 06:56:22,45.178,4.638,0,0,439.20,30555.83,31867.93,33,5181012,5667648,10387599360,37829767168
2025-05-14 06:56:22,45.314,5.011,0,0,269.50,30555.83,31867.93,33,5181213,5667849,10387599360,37829767168
2025-05-14 06:56:22,45.240,4.639,0,0,259.60,30555.83,31867.93,33,5181412,5668048,10387599360,37829767168
2025-05-14 06:56:22,46.525,4.567,0,0,239.60,30555.83,31867.93,33,5181603,5668239,10387599360,37829767168
2025-05-14 06:56:23,47.346,4.547,0,0,269.50,30555.83,31867.93,33,5181804,5668440,10387599360,37829767168
2025-05-14 06:56:23,44.996,4.519,0,0,259.60,30555.83,31867.93,33,5182008,5668645,10387599360,37829775360
2025-05-14 06:56:23,44.318,4.505,0,139264,299.50,30555.83,31867.93,33,5182218,5668860,10387599360,37829943296
2025-05-14 06:56:23,44.747,4.469,0,102400,299.50,30555.83,31867.93,33,5182422,5669065,10387599360,37830008832
2025-05-14 06:56:23,44.431,4.358,0,3239936,299.50,30555.83,31867.93,33,5182866,5669737,10387599360,37833445376
2025-05-14 06:56:24,44.916,4.532,0,196608,329.50,30555.83,31867.93,33,5183068,5669939,10387599360,37833445376
2025-05-14 06:56:24,44.942,4.458,0,0,299.40,30555.83,31867.93,33,5183269,5670140,10387599360,37833445376
2025-05-14 06:56:24,45.034,4.370,0,0,249.60,30555.83,31867.93,33,5183473,5670345,10387599360,37833457664
2025-05-14 06:56:24,43.471,4.555,0,94208,309.50,30555.83,31867.93,33,5183688,5670565,10387599360,37833605120
2025-05-14 06:56:24,44.696,4.564,0,65536,309.40,30555.83,31867.93,33,5183889,5670766,10387599360,37833605120
2025-05-14 06:56:25,45.050,4.493,0,0,309.50,30555.83,31867.93,33,5184091,5670968,10387599360,37833605120
2025-05-14 06:56:25,45.180,4.473,0,0,329.40,30555.83,31867.93,33,5184292,5671169,10387599360,37833605120
2025-05-14 06:56:25,45.083,4.464,0,0,309.50,30555.83,31867.93,33,5184493,5671370,10387599360,37833605120
2025-05-14 06:56:25,44.544,4.534,0,0,289.50,30555.83,31867.93,33,5184691,5671568,10387599360,37833605120
2025-05-14 06:56:25,44.909,4.391,0,0,269.60,30555.83,31867.93,33,5184892,5671769,10387599360,37833605120
2025-05-14 06:56:26,44.994,4.456,0,8192,289.50,30555.83,31867.93,33,5185108,5671988,10387599360,37833682944
2025-05-14 06:56:26,43.894,4.529,0,147456,309.50,30555.83,31867.93,33,5185320,5672204,10387599360,37833760768
2025-05-14 06:56:26,44.204,4.559,0,0,299.40,30555.83,31867.93,33,5185521,5672405,10387599360,37833760768
2025-05-14 06:56:26,45.286,4.557,0,0,269.60,30555.83,31867.93,33,5185721,5672605,10387599360,37833760768
2025-05-14 06:56:26,43.760,4.533,0,0,279.50,30555.83,31867.93,33,5185926,5672811,10387599360,37833764864
2025-05-14 06:56:27,44.807,4.434,0,69632,259.60,30555.83,31867.93,33,5186130,5673016,10387599360,37833830400
2025-05-14 06:56:27,44.905,4.379,0,0,299.40,30555.83,31867.93,33,5186331,5673217,10387599360,37833830400
2025-05-14 06:56:27,44.407,4.347,0,0,289.50,30555.83,31867.93,33,5186534,5673421,10387599360,37833834496
2025-05-14 06:56:27,44.247,4.341,0,4096,329.50,30555.83,31867.93,33,5186735,5673622,10387599360,37833834496
2025-05-14 06:56:27,45.735,4.537,0,69632,369.40,30555.83,31867.93,33,5187575,5674666,10387599360,37836742656
2025-05-14 06:56:28,46.175,4.615,0,3665920,369.40,30555.83,31867.93,33,5188663,5676065,10387599360,37838319616
2025-05-14 06:56:28,46.959,4.510,0,1454080,369.40,30555.83,31867.93,33,5189734,5677445,10387599360,37839757312
2025-05-14 06:56:28,46.023,4.551,0,1429504,369.40,30555.83,31867.93,33,5190806,5678827,10387599360,37841199104
2025-05-14 06:56:28,46.108,4.473,0,1515520,389.40,30555.83,31867.93,33,5191884,5680209,10387599360,37842690048
2025-05-14 06:56:28,46.250,4.541,0,1486848,349.30,30555.83,31867.93,33,5192933,5681554,10387599360,37844140032
2025-05-14 06:56:29,48.393,4.735,0,1282048,369.30,30555.83,31867.93,33,5193889,5682770,10387599360,37845483520
2025-05-14 06:56:29,49.151,4.675,0,1384448,329.40,30555.83,31867.93,33,5194877,5684031,10387599360,37846810624
2025-05-14 06:56:29,48.904,4.574,0,1417216,369.30,30555.83,31867.93,33,5195922,5685365,10387599360,37848305664
2025-05-14 06:56:29,47.427,4.634,0,1495040,349.40,30555.83,31867.93,33,5196918,5686633,10387599360,37849636864
2025-05-14 06:56:29,47.846,4.544,0,1101824,379.40,30555.83,31867.93,33,5197928,5687926,10387599360,37850972160
2025-05-14 06:56:30,45.539,4.674,0,1708032,379.40,30555.83,31867.93,33,5199042,5689365,10387599360,37852844032
2025-05-14 06:56:30,46.768,4.786,0,1847296,449.10,30555.83,31867.93,33,5199998,5690588,10387599360,37854433280
2025-05-14 06:56:30,44.802,4.962,0,1695744,459.10,30555.83,31867.93,33,5201132,5692055,10387599360,37856387072
2025-05-14 06:56:30,43.221,4.769,0,1912832,259.50,30555.83,31867.93,33,5202257,5693507,10387599360,37858340864
2025-05-14 06:56:30,43.366,3.867,0,2494464,149.70,30555.83,31867.93,33,5203751,5695451,10387599360,37860925440
2025-05-14 06:56:31,42.204,3.712,0,2371584,159.70,30555.83,31867.93,33,5205203,5697340,10387599360,37863399424
2025-05-14 06:56:31,41.876,3.727,0,2654208,149.70,30555.83,31867.93,33,5206765,5699374,10387599360,37866250240
2025-05-14 06:56:31,42.104,3.695,0,2768896,149.70,30555.83,31867.93,33,5208250,5701308,10387599360,37868908544
2025-05-14 06:56:31,42.970,3.822,0,2453504,149.90,30555.83,31867.93,33,5209687,5703168,10387599360,37871390720
2025-05-14 06:56:31,42.300,3.864,0,2727936,159.70,30555.83,31867.93,33,5211251,5705206,10387599360,37874151424
2025-05-14 06:56:32,41.779,3.757,0,7180288,149.70,30555.83,31867.93,33,5213067,5707530,10387599360,37881397248
2025-05-14 06:56:32,41.434,3.658,0,2846720,149.70,30555.83,31867.93,33,5214678,5709631,10387599360,37884174336
2025-05-14 06:56:32,42.002,3.746,0,2588672,149.80,30555.83,31867.93,33,5216094,5711476,10387599360,37886586880
2025-05-14 06:56:32,40.641,3.820,0,1376256,49.90,30555.83,31867.93,33,5216366,5711774,10387599360,37886763008
2025-05-14 06:56:32,42.481,3.846,0,0,139.80,30555.83,31867.93,33,5216567,5711975,10387599360,37886763008
2025-05-14 06:56:33,42.530,4.085,0,0,89.80,30555.83,31867.93,33,5216774,5712184,10387599360,37886840832
2025-05-14 06:56:33,41.716,3.954,0,77824,39.90,30555.83,31867.93,33,5216976,5712386,10387599360,37886840832
2025-05-14 06:56:33,39.869,3.749,0,0,89.80,30555.83,31867.93,33,5217177,5712587,10387599360,37886840832
2025-05-14 06:56:33,40.541,3.765,0,0,59.90,30555.83,31867.93,33,5217378,5712788,10387599360,37886840832
2025-05-14 06:56:33,44.137,3.716,0,0,59.90,30555.83,31867.93,33,5217580,5712990,10387599360,37886840832
2025-05-14 06:56:34,41.703,3.756,0,28672,49.90,30555.83,31867.93,33,5217791,5713208,10387599360,37886869504
2025-05-14 06:56:34,38.697,3.670,0,0,49.90,30555.83,31867.93,33,5217992,5713409,10387599360,37886869504
2025-05-14 06:56:34,40.873,3.740,0,0,69.90,30555.83,31867.93,33,5218193,5713610,10387599360,37886869504
2025-05-14 06:56:34,40.335,3.982,0,0,259.60,30555.83,31867.93,33,5218386,5713803,10387599360,37886869504
2025-05-14 06:56:34,44.091,4.077,0,0,49.90,30555.83,31867.93,33,5218588,5714005,10387599360,37886869504
2025-05-14 06:56:35,38.058,3.704,0,0,49.90,30555.83,31867.93,33,5218789,5714206,10387599360,37886869504
2025-05-14 06:56:35,38.002,3.716,0,0,59.90,30555.83,31867.93,33,5218990,5714407,10387599360,37886869504
2025-05-14 06:56:35,39.077,3.789,4096,0,429.30,30555.83,31867.93,33,5219212,5714628,10387603456,37886914560
2025-05-14 06:56:35,43.346,4.104,0,110592,49.90,30555.83,31867.93,33,5219416,5714833,10387603456,37886980096
2025-05-14 06:56:35,40.722,3.771,0,0,49.90,30555.83,31867.93,33,5219618,5715035,10387603456,37886980096
2025-05-14 06:56:36,38.935,3.696,0,0,79.90,30555.83,31867.93,33,5219819,5715236,10387603456,37886980096
2025-05-14 06:56:36,40.974,3.959,0,2699264,79.80,30555.83,31867.93,33,5220320,5715810,10387603456,37889798144
2025-05-14 06:56:36,37.070,3.709,0,135168,49.90,30555.83,31867.93,33,5220529,5716022,10387603456,37889814528
2025-05-14 06:56:36,38.501,3.648,0,12288,49.90,30555.83,31867.93,33,5220735,5716230,10387603456,37889826816
2025-05-14 06:56:36,40.559,3.706,0,0,59.90,30555.83,31867.93,33,5220936,5716431,10387603456,37889826816
2025-05-14 06:56:37,37.414,3.690,0,0,59.90,30555.83,31867.93,33,5221137,5716632,10387603456,37889826816
2025-05-14 06:56:37,38.690,3.653,0,0,69.90,30555.83,31867.93,33,5221339,5716834,10387603456,37889826816
2025-05-14 06:56:37,39.061,3.656,0,0,49.90,30555.83,31867.93,33,5221540,5717035,10387603456,37889826816
2025-05-14 06:56:37,39.351,3.661,0,0,69.90,30555.83,31867.93,33,5221740,5717235,10387603456,37889826816
2025-05-14 06:56:37,41.519,3.822,0,102400,89.80,30555.83,31867.93,33,5221957,5717457,10387603456,37889929216
2025-05-14 06:56:38,39.866,3.703,0,0,149.70,30555.83,31867.93,33,5222158,5717658,10387603456,37889929216
2025-05-14 06:56:38,39.857,3.795,0,0,49.90,30555.83,31867.93,33,5222359,5717859,10387603456,37889929216
2025-05-14 06:56:38,40.674,3.720,0,61440,99.80,30555.83,31867.93,33,5222595,5718108,10387603456,37890310144
2025-05-14 06:56:38,37.499,3.706,0,385024,69.90,30555.83,31867.93,33,5222798,5718312,10387603456,37890375680
2025-05-14 06:56:38,39.286,3.639,0,0,69.90,30555.83,31867.93,33,5222999,5718513,10387603456,37890375680
2025-05-14 06:56:39,37.743,3.584,0,0,59.90,30555.83,31867.93,33,5223200,5718714,10387603456,37890375680
2025-05-14 06:56:39,37.950,3.619,0,0,59.90,30555.83,31867.93,33,5223401,5718915,10387603456,37890375680
2025-05-14 06:56:39,38.816,3.636,0,0,69.90,30555.83,31867.93,33,5223603,5719117,10387603456,37890375680
2025-05-14 06:56:39,39.576,3.778,0,28672,59.90,30555.83,31867.93,33,5223810,5719326,10387603456,37890469888
2025-05-14 06:56:39,40.929,3.786,0,65536,149.70,30555.83,31867.93,33,5224011,5719527,10387603456,37890469888
2025-05-14 06:56:40,41.029,3.909,0,0,69.90,30555.83,31867.93,33,5224212,5719728,10387603456,37890469888
2025-05-14 06:56:40,40.936,3.832,81920,16384,89.90,30555.83,31867.93,33,5224456,5719968,10387685376,37890584576
2025-05-14 06:56:40,39.499,3.789,0,98304,39.90,30555.83,31867.93,33,5224668,5720182,10387685376,37890592768
2025-05-14 06:56:40,38.460,3.686,0,8192,49.90,30555.83,31867.93,33,5224868,5720382,10387685376,37890592768
2025-05-14 06:56:40,39.596,3.742,0,0,49.90,30555.83,31867.93,33,5225069,5720583,10387685376,37890592768
2025-05-14 06:56:41,39.007,3.721,0,0,49.90,30555.83,31867.93,33,5225271,5720785,10387685376,37890592768
2025-05-14 06:56:41,40.188,3.715,0,0,59.90,30555.83,31867.93,33,5225472,5720986,10387685376,37890592768
2025-05-14 06:56:41,38.942,3.737,0,0,69.90,30555.83,31867.93,33,5225673,5721187,10387685376,37890592768
2025-05-14 06:56:41,39.746,3.899,0,3518464,59.90,30555.83,31867.93,33,5226059,5721704,10387685376,37894176768
2025-05-14 06:56:41,39.956,3.885,0,65536,59.90,30555.83,31867.93,33,5226261,5721906,10387685376,37894176768
2025-05-14 06:56:42,37.538,3.695,0,0,69.90,30555.83,31867.93,33,5226462,5722107,10387685376,37894176768
2025-05-14 06:56:42,37.402,3.690,0,0,49.90,30555.83,31867.93,33,5226663,5722308,10387685376,37894176768
2025-05-14 06:56:42,38.346,3.645,0,16384,59.90,30555.83,31867.93,33,5226873,5722521,10387685376,37894193152
2025-05-14 06:56:42,38.841,3.809,4096,12288,59.90,30555.83,31867.93,33,5227085,5722736,10387689472,37894275072
2025-05-14 06:56:42,39.812,3.673,0,69632,149.70,30555.83,31867.93,33,5227290,5722942,10387689472,37894303744
2025-05-14 06:56:43,42.344,4.047,102400,122880,279.50,30555.83,31867.93,33,5227614,5723273,10388262912,37894840320
2025-05-14 06:56:43,43.141,4.363,479232,638976,249.60,30555.83,31867.93,33,5227884,5723566,10388271104,37895323648
2025-05-14 06:56:43,44.025,4.178,0,581632,589.00,30555.83,31867.93,33,5228209,5723935,10388271104,37896130560
2025-05-14 06:56:43,49.182,5.313,0,884736,329.50,30555.83,31867.93,33,5228503,5724258,10388271104,37896716288
2025-05-14 06:56:43,49.001,4.705,16384,364544,459.20,30555.83,31867.93,33,5228738,5724505,10388287488,37896990720
2025-05-14 06:56:44,46.862,4.696,0,217088,419.20,30555.83,31867.93,33,5228964,5724736,10388291584,37897150464
2025-05-14 06:56:44,47.085,4.953,4096,208896,479.20,30555.83,31867.93,33,5229243,5725031,10388320256,37897531392
2025-05-14 06:56:44,48.002,4.892,40960,614400,489.20,30555.83,31867.93,33,5229504,5725312,10388332544,37898018816
2025-05-14 06:56:44,46.598,4.815,4096,376832,429.20,30555.83,31867.93,33,5229800,5725642,10388336640,37898551296
2025-05-14 06:56:45,48.112,4.744,0,409600,409.10,30555.83,31867.93,33,5230012,5725858,10388336640,37898760192
2025-05-14 06:56:45,45.200,4.627,0,65536,469.20,30555.83,31867.93,33,5230221,5726067,10388336640,37898760192
2025-05-14 06:56:45,45.502,4.867,0,28672,479.20,30555.83,31867.93,33,5230457,5726315,10388340736,37898932224
2025-05-14 06:56:45,47.973,4.760,4096,241664,429.30,30555.83,31867.93,33,5230679,5726545,10388340736,37899227136
2025-05-14 06:56:45,44.723,4.161,0,196608,79.90,30555.83,31867.93,33,5230875,5726741,10388340736,37899227136
2025-05-14 06:56:46,43.708,3.886,0,0,119.80,30555.83,31867.93,33,5231076,5726942,10388340736,37899227136
2025-05-14 06:56:46,41.217,3.790,0,0,79.90,30555.83,31867.93,33,5231277,5727143,10388340736,37899227136
2025-05-14 06:56:46,38.674,3.612,0,0,79.90,30555.83,31867.93,33,5231478,5727344,10388340736,37899227136
2025-05-14 06:56:46,37.457,3.613,0,0,69.90,30555.83,31867.93,33,5231679,5727545,10388340736,37899227136
2025-05-14 06:56:46,38.643,3.686,0,0,49.90,30555.83,31867.93,33,5231880,5727746,10388340736,37899227136
2025-05-14 06:56:47,38.700,3.725,0,0,59.90,30555.83,31867.93,33,5232081,5727947,10388340736,37899227136
2025-05-14 06:56:47,40.632,3.764,0,0,59.90,30555.83,31867.93,33,5232282,5728148,10388340736,37899227136
2025-05-14 06:56:47,41.095,3.872,0,5832704,219.60,30555.83,31867.93,33,5233010,5728962,10388340736,37905092608
2025-05-14 06:56:47,44.503,4.275,0,49152,339.50,30555.83,31867.93,33,5233223,5729179,10388340736,37905108992
2025-05-14 06:56:47,46.465,4.490,0,0,169.70,30555.83,31867.93,33,5233416,5729372,10388340736,37905108992
2025-05-14 06:56:48,40.182,3.930,0,0,59.90,30555.83,31867.93,33,5233617,5729573,10388340736,37905108992
2025-05-14 06:56:48,37.465,3.696,0,0,59.90,30555.83,31867.93,33,5233819,5729775,10388340736,37905108992
2025-05-14 06:56:48,41.914,3.778,0,0,49.90,30555.83,31867.93,33,5234020,5729976,10388340736,37905108992
2025-05-14 06:56:48,37.840,3.642,0,0,79.90,30555.83,31867.93,33,5234226,5730184,10388340736,37905121280
2025-05-14 06:56:48,39.235,3.689,0,12288,189.70,30555.83,31867.93,33,5234427,5730385,10388340736,37905121280
2025-05-14 06:56:49,43.916,4.174,0,0,119.80,30555.83,31867.93,33,5234628,5730586,10388340736,37905121280
2025-05-14 06:56:49,42.696,4.257,0,0,289.50,30555.83,31867.93,33,5234832,5730790,10388340736,37905121280
2025-05-14 06:56:49,43.337,4.085,0,0,149.70,30555.83,31867.93,33,5235033,5730991,10388340736,37905121280
2025-05-14 06:56:49,42.810,4.066,4096,28672,139.80,30555.83,31867.93,33,5235256,5731217,10388344832,37905215488
2025-05-14 06:56:49,42.748,3.706,0,65536,149.70,30555.83,31867.93,33,5235456,5731417,10388344832,37905215488
2025-05-14 06:56:50,45.296,3.731,0,0,149.70,30555.83,31867.93,33,5235657,5731618,10388344832,37905215488
2025-05-14 06:56:50,41.823,3.673,0,0,149.80,30555.83,31867.93,33,5235858,5731819,10388344832,37905215488
2025-05-14 06:56:50,41.604,3.624,0,0,179.70,30555.83,31867.93,33,5236059,5732020,10388344832,37905215488
2025-05-14 06:56:50,44.316,3.924,0,0,339.40,30555.83,31867.93,33,5236260,5732221,10388344832,37905215488
2025-05-14 06:56:50,44.295,3.842,0,0,139.90,30555.83,31867.93,33,5236464,5732425,10388344832,37905215488
2025-05-14 06:56:51,42.183,3.681,0,0,149.70,30555.83,31867.93,33,5236668,5732630,10388344832,37905223680
2025-05-14 06:56:51,41.626,3.635,0,73728,149.80,30555.83,31867.93,33,5236879,5732846,10388344832,37905305600
2025-05-14 06:56:51,41.532,3.664,0,16384,149.80,30555.83,31867.93,33,5237080,5733047,10388344832,37905305600
2025-05-14 06:56:51,41.630,3.648,0,0,139.80,30555.83,31867.93,33,5237282,5733249,10388344832,37905305600
2025-05-14 06:56:51,41.436,3.653,0,0,139.80,30555.83,31867.93,33,5237483,5733450,10388344832,37905305600
2025-05-14 06:56:52,41.991,3.752,0,0,149.80,30555.83,31867.93,33,5237684,5733651,10388344832,37905305600
2025-05-14 06:56:52,41.543,3.735,0,0,149.80,30555.83,31867.93,33,5237885,5733852,10388344832,37905305600
2025-05-14 06:56:52,41.825,3.724,0,0,139.80,30555.83,31867.93,33,5238086,5734053,10388344832,37905305600
2025-05-14 06:56:52,41.737,3.686,0,0,149.80,30555.83,31867.93,33,5238300,5734272,10388344832,37905330176
2025-05-14 06:56:52,41.656,3.758,0,217088,149.70,30555.83,31867.93,33,5238831,5734867,10388344832,37909417984
2025-05-14 06:56:53,39.241,3.860,0,3960832,49.90,30555.83,31867.93,33,5239035,5735072,10388344832,37909483520
2025-05-14 06:56:53,40.385,3.754,0,0,49.90,30555.83,31867.93,33,5239236,5735273,10388344832,37909483520
2025-05-14 06:56:53,40.582,3.644,0,0,69.90,30555.83,31867.93,33,5239437,5735474,10388344832,37909483520
2025-05-14 06:56:53,39.454,3.698,0,0,39.90,30555.83,31867.93,33,5239639,5735676,10388344832,37909483520
2025-05-14 06:56:53,40.112,3.666,0,0,59.90,30555.83,31867.93,33,5239840,5735877,10388344832,37909483520
2025-05-14 06:56:54,40.219,3.693,0,0,49.90,30555.83,31867.93,33,5240039,5736076,10388344832,37909483520
2025-05-14 06:56:54,46.320,3.874,0,0,49.90,30555.83,31867.93,33,5240238,5736275,10388344832,37909483520
2025-05-14 06:56:54,40.010,3.692,0,0,59.90,30555.83,31867.93,33,5240440,5736477,10388344832,37909483520
2025-05-14 06:56:54,40.749,3.670,0,0,129.80,30555.83,31867.93,33,5240640,5736677,10388344832,37909483520
2025-05-14 06:56:54,42.242,3.804,0,0,39.90,30555.83,31867.93,33,5240837,5736874,10388344832,37909483520
2025-05-14 06:56:55,47.321,4.025,0,0,49.90,30555.83,31867.93,33,5241037,5737074,10388344832,37909483520
2025-05-14 06:56:55,44.827,3.814,0,0,49.90,30555.83,31867.93,33,5241238,5737275,10388344832,37909483520
2025-05-14 06:56:55,42.306,3.831,0,0,119.80,30555.83,31867.93,33,5241439,5737476,10388344832,37909483520
2025-05-14 06:56:55,43.958,4.222,0,0,159.70,30555.83,31867.93,33,5241640,5737677,10388344832,37909483520
2025-05-14 06:56:55,46.733,4.256,0,0,229.60,30555.83,31867.93,33,5241822,5737859,10388344832,37909483520
2025-05-14 06:56:56,46.846,4.075,0,0,89.80,30555.83,31867.93,33,5242023,5738060,10388344832,37909483520
2025-05-14 06:56:56,38.217,3.832,0,0,69.90,30555.83,31867.93,33,5242224,5738261,10388344832,37909483520
2025-05-14 06:56:56,38.501,3.801,0,0,79.90,30555.83,31867.93,33,5242426,5738463,10388344832,37909483520
2025-05-14 06:56:56,38.129,3.807,0,8192,89.90,30555.83,31867.93,33,5242631,5738670,10388344832,37909491712
2025-05-14 06:56:56,44.446,3.995,0,0,239.60,30555.83,31867.93,33,5242815,5738854,10388344832,37909491712
2025-05-14 06:56:57,47.553,4.302,0,0,179.60,30555.83,31867.93,33,5243015,5739054,10388344832,37909491712
2025-05-14 06:56:57,44.464,4.028,0,0,159.70,30555.83,31867.93,33,5243217,5739256,10388344832,37909491712
2025-05-14 06:56:57,42.515,3.930,0,0,159.80,30555.83,31867.93,33,5243418,5739457,10388344832,37909491712
2025-05-14 06:56:57,42.254,3.948,0,0,159.70,30555.83,31867.93,33,5243622,5739662,10388344832,37909495808
2025-05-14 06:56:57,44.496,3.981,0,4096,159.70,30555.83,31867.93,33,5243822,5739862,10388344832,37909495808
2025-05-14 06:56:58,42.373,3.901,0,0,159.70,30555.83,31867.93,33,5244023,5740063,10388344832,37909495808
2025-05-14 06:56:58,41.736,3.795,0,0,149.70,30555.83,31867.93,33,5244225,5740265,10388344832,37909495808
2025-05-14 06:56:58,42.263,3.880,0,0,159.70,30555.83,31867.93,33,5244426,5740466,10388344832,37909495808
2025-05-14 06:56:58,42.009,3.756,0,0,159.70,30555.83,31867.93,33,5244626,5740666,10388344832,37909495808
2025-05-14 06:56:58,43.417,3.919,0,0,179.60,30555.83,31867.93,33,5244826,5740866,10388344832,37909495808
2025-05-14 06:56:59,42.212,3.822,0,0,159.70,30555.83,31867.93,33,5245027,5741067,10388344832,37909495808
2025-05-14 06:56:59,43.295,3.886,0,0,159.70,30555.83,31867.93,33,5245229,5741269,10388344832,37909495808
2025-05-14 06:56:59,43.985,4.077,0,0,159.70,30555.83,31867.93,33,5245430,5741470,10388344832,37909495808
2025-05-14 06:56:59,40.854,3.904,0,0,49.90,30555.83,31867.93,33,5245636,5741676,10388344832,37909495808
2025-05-14 06:56:59,42.524,3.778,0,0,49.90,30555.83,31867.93,33,5245830,5741870,10388344832,37909495808
2025-05-14 06:57:00,42.916,3.870,0,0,169.70,30555.83,31867.93,33,5246127,5742193,10388344832,37912129536
2025-05-14 06:57:00,43.413,4.211,0,2633728,149.70,30555.83,31867.93,33,5246329,5742395,10388344832,37912129536
2025-05-14 06:57:00,41.171,4.014,0,0,269.50,30555.83,31867.93,33,5246530,5742596,10388344832,37912129536
2025-05-14 06:57:00,43.532,4.441,0,1826816,89.80,30555.83,31867.93,33,5246773,5742861,10388344832,37914021888
2025-05-14 06:57:00,43.867,3.913,0,65536,159.70,30555.83,31867.93,33,5246973,5743061,10388344832,37914021888
2025-05-14 06:57:01,46.337,4.271,0,0,139.80,30555.83,31867.93,33,5247174,5743262,10388344832,37914021888
2025-05-14 06:57:01,40.539,3.948,0,0,49.90,30555.83,31867.93,33,5247375,5743463,10388344832,37914021888
2025-05-14 06:57:01,41.689,3.982,0,0,139.80,30555.83,31867.93,33,5247576,5743664,10388344832,37914021888
2025-05-14 06:57:01,40.479,3.855,0,0,49.90,30555.83,31867.93,33,5247777,5743865,10388344832,37914021888
2025-05-14 06:57:01,40.769,3.760,0,0,59.90,30555.83,31867.93,33,5247978,5744066,10388344832,37914021888
2025-05-14 06:57:02,40.621,3.820,0,0,169.70,30555.83,31867.93,33,5248197,5744291,10388344832,37914083328
2025-05-14 06:57:02,42.722,4.088,0,126976,349.30,30555.83,31867.93,33,5248409,5744501,10388344832,37914148864
2025-05-14 06:57:02,45.816,4.515,0,0,249.50,30555.83,31867.93,33,5248617,5744706,10388344832,37914148864
2025-05-14 06:57:02,42.907,4.046,0,0,59.90,30555.83,31867.93,33,5248823,5744914,10388344832,37914161152
2025-05-14 06:57:02,41.803,3.722,0,12288,59.90,30555.83,31867.93,33,5249023,5745114,10388344832,37914161152
2025-05-14 06:57:03,39.149,3.701,0,0,49.90,30555.83,31867.93,33,5249225,5745316,10388344832,37914161152
2025-05-14 06:57:03,37.766,3.708,0,0,59.90,30555.83,31867.93,33,5249426,5745517,10388344832,37914161152
2025-05-14 06:57:03,40.327,3.792,0,0,59.90,30555.83,31867.93,33,5249627,5745718,10388344832,37914161152
2025-05-14 06:57:03,41.423,3.960,0,0,79.90,30555.83,31867.93,33,5249825,5745916,10388344832,37914161152
2025-05-14 06:57:03,41.753,3.819,0,0,49.90,30555.83,31867.93,33,5250027,5746118,10388344832,37914161152
2025-05-14 06:57:04,38.041,3.694,0,0,99.80,30555.83,31867.93,33,5250228,5746319,10388344832,37914161152
2025-05-14 06:57:04,41.404,3.847,0,0,189.70,30555.83,31867.93,33,5250429,5746520,10388344832,37914161152
2025-05-14 06:57:04,41.944,3.963,0,0,59.90,30555.83,31867.93,33,5250631,5746722,10388344832,37914161152
2025-05-14 06:57:04,38.205,3.727,0,0,59.90,30555.83,31867.93,33,5250831,5746922,10388344832,37914161152
2025-05-14 06:57:04,41.187,3.801,0,0,59.90,30555.83,31867.93,33,5251032,5747123,10388344832,37914161152
2025-05-14 06:57:05,41.833,3.912,0,0,49.90,30555.83,31867.93,33,5251233,5747324,10388344832,37914161152
2025-05-14 06:57:05,37.910,3.727,0,0,59.90,30555.83,31867.93,33,5251435,5747526,10388344832,37914161152
2025-05-14 06:57:05,40.483,3.762,0,0,339.40,30555.83,31867.93,33,5251629,5747720,10388344832,37914161152
2025-05-14 06:57:05,44.309,4.020,0,0,89.80,30555.83,31867.93,33,5251854,5748072,10388344832,37917396992
2025-05-14 06:57:05,43.755,3.955,0,3244032,89.90,30555.83,31867.93,33,5252052,5748271,10388344832,37917405184
2025-05-14 06:57:06,39.286,3.759,0,0,79.90,30555.83,31867.93,33,5252253,5748472,10388344832,37917405184
2025-05-14 06:57:06,40.161,3.783,0,0,69.90,30555.83,31867.93,33,5252454,5748673,10388344832,37917405184
2025-05-14 06:57:06,38.799,3.686,0,0,59.90,30555.83,31867.93,33,5252655,5748874,10388344832,37917405184
2025-05-14 06:57:06,38.014,3.702,0,0,49.90,30555.83,31867.93,33,5252856,5749075,10388344832,37917405184
2025-05-14 06:57:06,38.501,3.733,0,0,289.50,30555.83,31867.93,33,5253055,5749274,10388344832,37917405184
2025-05-14 06:57:07,43.664,4.174,0,167936,149.80,30555.83,31867.93,33,5253290,5749523,10388344832,37917720576
2025-05-14 06:57:07,42.905,3.956,0,151552,59.90,30555.83,31867.93,33,5253501,5749737,10388344832,37917863936
2025-05-14 06:57:07,39.720,3.832,0,139264,259.50,30555.83,31867.93,33,5253711,5749950,10388344832,37917921280
2025-05-14 06:57:07,45.008,4.267,0,159744,189.70,30555.83,31867.93,33,5253939,5750187,10388344832,37918113792
2025-05-14 06:57:07,45.164,4.073,0,221184,199.70,30555.83,31867.93,33,5254171,5750429,10388344832,37918535680
2025-05-14 06:57:08,45.033,4.547,0,503808,638.80,30555.83,31867.93,33,5254498,5750797,10388344832,37919653888
2025-05-14 06:57:08,49.217,5.488,0,1114112,389.30,30555.83,31867.93,33,5254771,5751092,10388344832,37920063488
2025-05-14 06:57:08,46.253,4.821,0,352256,359.20,30555.83,31867.93,33,5254993,5751321,10388344832,37920329728
2025-05-14 06:57:08,46.162,4.858,0,344064,339.40,30555.83,31867.93,33,5255205,5751539,10388344832,37920559104
2025-05-14 06:57:08,47.474,4.623,0,0,499.10,30555.83,31867.93,33,5255428,5751774,10388344832,37920747520
2025-05-14 06:57:09,47.213,4.896,0,323584,369.40,30555.83,31867.93,33,5255677,5752040,10388344832,37921034240
2025-05-14 06:57:09,45.887,4.645,0,151552,419.20,30555.83,31867.93,33,5255883,5752246,10388344832,37921034240
2025-05-14 06:57:09,45.101,4.423,0,0,399.40,30555.83,31867.93,33,5256084,5752447,10388344832,37921034240
2025-05-14 06:57:09,45.390,4.297,0,0,569.00,30555.83,31867.93,33,5256294,5752660,10388344832,37921202176
2025-05-14 06:57:09,46.020,4.837,0,2412544,349.40,30555.83,31867.93,33,5257058,5753501,10388344832,37926477824
2025-05-14 06:57:10,44.343,4.802,0,3231744,499.20,30555.83,31867.93,33,5257308,5753766,10388344832,37926907904
2025-05-14 06:57:10,47.357,4.820,0,352256,399.30,30555.83,31867.93,33,5257527,5753991,10388344832,37927161856
2025-05-14 06:57:10,45.629,4.516,0,131072,379.40,30555.83,31867.93,33,5257728,5754192,10388344832,37927161856
2025-05-14 06:57:10,45.405,4.585,0,0,429.30,30555.83,31867.93,33,5257940,5754408,10388344832,37927280640
2025-05-14 06:57:10,46.304,4.857,0,196608,419.20,30555.83,31867.93,33,5258183,5754659,10388344832,37927469056
2025-05-14 06:57:11,45.798,4.566,0,143360,359.30,30555.83,31867.93,33,5258401,5754881,10388344832,37927632896
2025-05-14 06:57:11,45.147,4.359,0,131072,419.30,30555.83,31867.93,33,5258618,5755102,10388344832,37927735296
2025-05-14 06:57:11,44.569,4.618,0,102400,489.00,30555.83,31867.93,33,5258846,5755341,10388344832,37927874560
2025-05-14 06:57:11,47.911,4.835,0,258048,369.30,30555.83,31867.93,33,5259074,5755580,10388344832,37928079360
2025-05-14 06:57:11,47.541,4.742,0,86016,369.20,30555.83,31867.93,33,5259266,5755772,10388344832,37928079360
2025-05-14 06:57:12,46.517,5.074,0,0,329.40,30555.83,31867.93,33,5259477,5755983,10388344832,37928079360
2025-05-14 06:57:12,46.259,4.788,0,73728,359.40,30555.83,31867.93,33,5259687,5756195,10388344832,37928153088
2025-05-14 06:57:12,45.385,4.743,0,0,379.50,30555.83,31867.93,33,5259892,5756400,10388344832,37928153088
2025-05-14 06:57:12,45.571,4.827,0,86016,329.10,30555.83,31867.93,33,5260096,5756606,10388344832,37928239104
2025-05-14 06:57:12,48.629,4.879,0,12288,339.40,30555.83,31867.93,33,5260308,5756822,10388344832,37928325120
2025-05-14 06:57:13,46.204,4.804,0,233472,399.30,30555.83,31867.93,33,5260526,5757047,10388344832,37928574976
2025-05-14 06:57:13,47.076,4.832,0,192512,469.10,30555.83,31867.93,33,5260752,5757282,10388344832,37928820736
2025-05-14 06:57:13,46.148,4.580,0,245760,419.30,30555.83,31867.93,33,5260960,5757492,10388344832,37928923136
2025-05-14 06:57:13,46.017,4.680,0,4096,399.30,30555.83,31867.93,33,5261170,5757705,10388344832,37928996864
2025-05-14 06:57:13,45.705,4.786,0,135168,319.40,30555.83,31867.93,33,5261380,5757918,10388344832,37929136128
2025-05-14 06:57:14,44.810,4.730,0,4866048,349.30,30555.83,31867.93,33,5262260,5758908,10388344832,37933928448
2025-05-14 06:57:14,44.936,4.671,0,126976,329.50,30555.83,31867.93,33,5262481,5759136,10388344832,37934063616
2025-05-14 06:57:14,45.610,4.802,0,28672,259.50,30555.83,31867.93,33,5262678,5759335,10388344832,37934084096
2025-05-14 06:57:14,43.813,4.760,0,57344,259.50,30555.83,31867.93,33,5262874,5759536,10388344832,37934211072
2025-05-14 06:57:14,48.410,4.688,0,77824,279.50,30555.83,31867.93,33,5263083,5759747,10388344832,37934276608
2025-05-14 06:57:15,45.762,4.569,0,57344,329.30,30555.83,31867.93,33,5263283,5759947,10388344832,37934276608
2025-05-14 06:57:15,45.628,4.740,0,0,299.50,30555.83,31867.93,33,5263489,5760153,10388344832,37934276608
2025-05-14 06:57:15,45.358,4.603,0,0,299.50,30555.83,31867.93,33,5263689,5760354,10388344832,37934297088
2025-05-14 06:57:15,46.077,4.486,0,45056,309.40,30555.83,31867.93,33,5263898,5760566,10388344832,37934387200
2025-05-14 06:57:15,45.243,4.669,0,65536,279.50,30555.83,31867.93,33,5264101,5760770,10388344832,37934395392
2025-05-14 06:57:16,43.437,4.635,0,16384,389.30,30555.83,31867.93,33,5264306,5760976,10388344832,37934403584
2025-05-14 06:57:16,45.556,4.627,0,0,309.40,30555.83,31867.93,33,5264522,5761197,10388344832,37934514176
2025-05-14 06:57:16,45.105,4.530,0,188416,349.40,30555.83,31867.93,33,5264752,5761437,10388344832,37934698496
2025-05-14 06:57:16,45.699,4.561,0,106496,259.50,30555.83,31867.93,33,5264948,5761633,10388344832,37934698496
2025-05-14 06:57:17,46.002,4.582,0,94208,269.60,30555.83,31867.93,33,5265165,5761855,10388344832,37934841856
2025-05-14 06:57:17,46.654,4.606,0,53248,289.50,30555.83,31867.93,33,5265369,5762061,10388344832,37934854144
2025-05-14 06:57:17,45.279,4.767,0,8192,389.30,30555.83,31867.93,33,5265570,5762262,10388344832,37934854144
2025-05-14 06:57:17,46.401,4.707,0,0,419.30,30555.83,31867.93,33,5265772,5762464,10388344832,37934854144
2025-05-14 06:57:17,46.169,4.675,0,0,319.40,30555.83,31867.93,33,5265988,5762682,10388344832,37934923776
2025-05-14 06:57:18,47.871,4.826,0,69632,309.40,30555.83,31867.93,33,5266182,5762876,10388344832,37934923776
2025-05-14 06:57:18,42.981,4.607,0,0,329.50,30555.83,31867.93,33,5266383,5763077,10388344832,37934923776
2025-05-14 06:57:18,45.276,4.769,0,0,319.40,30555.83,31867.93,33,5266770,5763497,10388344832,37936824320
2025-05-14 06:57:18,44.210,4.388,0,1998848,319.40,30555.83,31867.93,33,5266973,5763701,10388344832,37936922624
2025-05-14 06:57:18,44.899,4.481,0,0,299.50,30555.83,31867.93,33,5267174,5763902,10388344832,37936922624
2025-05-14 06:57:19,44.373,4.505,0,49152,259.60,30555.83,31867.93,33,5267387,5764119,10388344832,37937037312
2025-05-14 06:57:19,44.826,4.429,0,172032,299.50,30555.83,31867.93,33,5267604,5764341,10388344832,37937147904
2025-05-14 06:57:19,45.002,4.449,0,4096,259.60,30555.83,31867.93,33,5267805,5764542,10388344832,37937147904
2025-05-14 06:57:19,43.679,4.371,0,73728,289.50,30555.83,31867.93,33,5268007,5764746,10388344832,37937221632
2025-05-14 06:57:19,44.721,4.566,0,8192,299.60,30555.83,31867.93,33,5268213,5764955,10388344832,37937295360
2025-05-14 06:57:20,44.957,4.562,0,65536,329.40,30555.83,31867.93,33,5268418,5765160,10388344832,37937295360
2025-05-14 06:57:20,43.402,4.465,0,73728,339.40,30555.83,31867.93,33,5268626,5765370,10388344832,37937369088
2025-05-14 06:57:20,43.495,4.555,0,0,349.40,30555.83,31867.93,33,5268827,5765571,10388344832,37937369088
2025-05-14 06:57:20,44.829,4.452,0,0,289.40,30555.83,31867.93,33,5269037,5765783,10388344832,37937381376
2025-05-14 06:57:20,45.107,4.495,0,12288,289.50,30555.83,31867.93,33,5269244,5765992,10388344832,37937455104
2025-05-14 06:57:21,44.638,4.579,0,73728,289.50,30555.83,31867.93,33,5269452,5766202,10388344832,37937500160
2025-05-14 06:57:21,44.892,4.514,0,45056,349.60,30555.83,31867.93,33,5269653,5766403,10388344832,37937500160
2025-05-14 06:57:21,45.319,4.612,0,0,299.50,30555.83,31867.93,33,5269856,5766606,10388344832,37937500160
2025-05-14 06:57:21,44.321,4.411,0,0,289.50,30555.83,31867.93,33,5270040,5766790,10388344832,37937500160
2025-05-14 06:57:21,44.672,4.296,0,0,289.50,30555.83,31867.93,33,5270242,5766992,10388344832,37937500160
2025-05-14 06:57:22,44.724,4.457,0,163840,289.50,30555.83,31867.93,33,5270457,5767213,10388344832,37937737728
2025-05-14 06:57:22,42.201,4.393,0,73728,359.40,30555.83,31867.93,33,5270661,5767418,10388344832,37937741824
2025-05-14 06:57:22,44.584,4.471,0,77824,309.40,30555.83,31867.93,33,5270868,5767629,10388344832,37937881088
2025-05-14 06:57:22,44.602,4.326,0,65536,299.50,30555.83,31867.93,33,5271068,5767829,10388344832,37937881088
2025-05-14 06:57:22,45.188,4.490,0,1744896,289.50,30555.83,31867.93,33,5271435,5768257,10388344832,37939691520
2025-05-14 06:57:23,45.759,4.484,0,65536,289.50,30555.83,31867.93,33,5271644,5768468,10388344832,37939732480
2025-05-14 06:57:23,46.782,4.648,0,110592,289.40,30555.83,31867.93,33,5271856,5768685,10388344832,37939867648
2025-05-14 06:57:23,45.150,4.540,0,131072,279.40,30555.83,31867.93,33,5272060,5768890,10388344832,37939933184
2025-05-14 06:57:23,43.208,4.403,0,0,349.40,30555.83,31867.93,33,5272265,5769097,10388344832,37940002816
2025-05-14 06:57:23,46.287,4.492,0,69632,309.40,30555.83,31867.93,33,5272466,5769298,10388344832,37940002816
2025-05-14 06:57:24,45.120,4.530,0,0,309.40,30555.83,31867.93,33,5272674,5769508,10388344832,37940072448
2025-05-14 06:57:24,43.451,4.605,0,69632,289.40,30555.83,31867.93,33,5272886,5769724,10388344832,37940088832
2025-05-14 06:57:24,44.122,4.438,0,106496,299.50,30555.83,31867.93,33,5273100,5769945,10388344832,37940178944
2025-05-14 06:57:24,44.396,4.401,0,0,319.50,30555.83,31867.93,33,5273300,5770145,10388344832,37940178944
2025-05-14 06:57:24,45.150,4.507,0,0,279.50,30555.83,31867.93,33,5273502,5770347,10388344832,37940178944
2025-05-14 06:57:25,45.664,4.599,0,0,319.40,30555.83,31867.93,33,5273703,5770548,10388344832,37940178944
2025-05-14 06:57:25,45.406,4.620,0,0,299.50,30555.83,31867.93,33,5273904,5770749,10388344832,37940178944
2025-05-14 06:57:25,45.675,4.546,0,0,279.50,30555.83,31867.93,33,5274105,5770950,10388344832,37940178944
2025-05-14 06:57:25,45.673,4.660,0,0,329.40,30555.83,31867.93,33,5274309,5771155,10388344832,37940187136
2025-05-14 06:57:25,45.267,4.442,0,73728,339.30,30555.83,31867.93,33,5274510,5771357,10388344832,37940252672
2025-05-14 06:57:26,45.685,4.567,0,73728,289.50,30555.83,31867.93,33,5274712,5771563,10388344832,37940391936
2025-05-14 06:57:26,45.291,4.569,0,94208,289.50,30555.83,31867.93,33,5274926,5771781,10388344832,37940486144
2025-05-14 06:57:26,45.242,4.585,0,65536,319.40,30555.83,31867.93,33,5275127,5771982,10388344832,37940486144
2025-05-14 06:57:26,45.757,4.590,0,0,339.40,30555.83,31867.93,33,5275330,5772186,10388344832,37940531200
2025-05-14 06:57:26,47.552,4.539,0,1634304,209.60,30555.83,31867.93,33,5275650,5772529,10388344832,37942214656
2025-05-14 06:57:27,41.733,3.981,0,94208,89.90,30555.83,31867.93,33,5275851,5772730,10388344832,37942214656
2025-05-14 06:57:27,38.199,3.762,0,0,69.90,30555.83,31867.93,33,5276052,5772931,10388344832,37942214656
2025-05-14 06:57:27,40.117,3.795,0,0,79.90,30555.83,31867.93,33,5276253,5773132,10388344832,37942214656
2025-05-14 06:57:27,39.134,3.877,0,0,69.90,30555.83,31867.93,33,5276454,5773333,10388344832,37942214656
2025-05-14 06:57:27,42.994,4.025,0,0,129.80,30555.83,31867.93,33,5276652,5773531,10388344832,37942214656
2025-05-14 06:57:28,43.976,4.318,0,24576,129.70,30555.83,31867.93,33,5276859,5773740,10388344832,37942304768
2025-05-14 06:57:28,40.971,3.975,0,65536,69.90,30555.83,31867.93,33,5277060,5773941,10388344832,37942304768
2025-05-14 06:57:28,39.653,3.909,0,0,49.90,30555.83,31867.93,33,5277262,5774143,10388344832,37942304768
2025-05-14 06:57:28,38.445,3.761,0,0,49.90,30555.83,31867.93,33,5277468,5774351,10388344832,37942312960
2025-05-14 06:57:28,42.664,3.725,0,8192,49.90,30555.83,31867.93,33,5277671,5774556,10388344832,37942325248
2025-05-14 06:57:29,40.720,3.763,0,12288,159.70,30555.83,31867.93,33,5277871,5774756,10388344832,37942325248
2025-05-14 06:57:29,41.084,3.915,0,0,99.80,30555.83,31867.93,33,5278072,5774957,10388344832,37942325248
2025-05-14 06:57:29,39.006,3.772,0,20480,59.90,30555.83,31867.93,33,5278281,5775169,10388344832,37942345728
2025-05-14 06:57:29,37.182,3.732,0,0,49.90,30555.83,31867.93,33,5278482,5775370,10388344832,37942345728
2025-05-14 06:57:29,40.572,3.797,0,0,59.90,30555.83,31867.93,33,5278682,5775570,10388344832,37942345728
2025-05-14 06:57:30,39.253,3.742,0,0,59.90,30555.83,31867.93,33,5278883,5775771,10388344832,37942345728
2025-05-14 06:57:30,38.648,3.728,0,0,79.90,30555.83,31867.93,33,5279093,5775984,10388344832,37942370304
2025-05-14 06:57:30,40.956,3.817,0,90112,49.90,30555.83,31867.93,33,5279297,5776190,10388344832,37942435840
2025-05-14 06:57:30,38.677,3.719,0,0,49.90,30555.83,31867.93,33,5279498,5776390,10388344832,37942435840
2025-05-14 06:57:30,41.253,3.776,0,0,59.90,30555.83,31867.93,33,5279704,5776596,10388344832,37942435840
2025-05-14 06:57:31,42.848,4.037,0,1568768,79.80,30555.83,31867.93,33,5280034,5776965,10388344832,37944070144
2025-05-14 06:57:31,38.971,3.879,0,65536,69.90,30555.83,31867.93,33,5280235,5777166,10388344832,37944070144
2025-05-14 06:57:31,37.656,3.728,0,0,49.90,30555.83,31867.93,33,5280436,5777367,10388344832,37944070144
2025-05-14 06:57:31,39.358,3.658,0,0,59.90,30555.83,31867.93,33,5280637,5777568,10388344832,37944070144
2025-05-14 06:57:31,40.442,3.738,0,0,149.70,30555.83,31867.93,33,5280838,5777770,10388344832,37944070144
2025-05-14 06:57:32,41.786,3.793,0,0,59.90,30555.83,31867.93,33,5281040,5777971,10388344832,37944070144
2025-05-14 06:57:32,38.460,3.681,0,0,59.90,30555.83,31867.93,33,5281241,5778172,10388344832,37944070144
2025-05-14 06:57:32,38.277,3.704,0,0,69.90,30555.83,31867.93,33,5281442,5778373,10388344832,37944070144
2025-05-14 06:57:32,38.247,3.730,0,20480,69.90,30555.83,31867.93,33,5281658,5778594,10388344832,37944221696
2025-05-14 06:57:32,40.452,3.771,0,131072,159.70,30555.83,31867.93,33,5281855,5778791,10388344832,37944221696
2025-05-14 06:57:33,39.483,3.822,0,0,49.90,30555.83,31867.93,33,5282060,5778998,10388344832,37944229888
2025-05-14 06:57:33,39.092,3.743,0,8192,159.70,30555.83,31867.93,33,5282291,5779239,10388344832,37944369152
2025-05-14 06:57:33,39.464,3.905,0,204800,49.90,30555.83,31867.93,33,5282496,5779445,10388344832,37944434688
2025-05-14 06:57:33,37.554,3.751,0,0,69.90,30555.83,31867.93,33,5282697,5779646,10388344832,37944434688
2025-05-14 06:57:33,38.096,3.727,0,0,69.90,30555.83,31867.93,33,5282898,5779847,10388344832,37944434688
2025-05-14 06:57:34,38.666,3.729,0,0,59.90,30555.83,31867.93,33,5283099,5780048,10388344832,37944434688
2025-05-14 06:57:34,38.193,3.706,0,0,69.90,30555.83,31867.93,33,5283301,5780250,10388344832,37944434688
2025-05-14 06:57:34,38.310,3.746,0,0,59.90,30555.83,31867.93,33,5283506,5780456,10388344832,37944438784
2025-05-14 06:57:34,39.210,3.779,0,4096,59.90,30555.83,31867.93,33,5283706,5780656,10388344832,37944438784
2025-05-14 06:57:34,39.378,3.689,0,0,69.90,30555.83,31867.93,33,5283907,5780857,10388344832,37944438784
2025-05-14 06:57:35,38.940,3.820,0,0,109.80,30555.83,31867.93,33,5284239,5781225,10388344832,37946044416
2025-05-14 06:57:35,41.284,3.903,0,1671168,49.90,30555.83,31867.93,33,5284443,5781430,10388344832,37946109952
2025-05-14 06:57:35,39.012,3.757,0,0,339.30,30555.83,31867.93,33,5284646,5781633,10388344832,37946109952
2025-05-14 06:57:35,44.461,4.025,0,0,49.90,30555.83,31867.93,33,5284847,5781834,10388344832,37946109952
2025-05-14 06:57:35,41.328,3.819,0,126976,79.90,30555.83,31867.93,33,5285072,5782067,10388344832,37946245120
2025-05-14 06:57:36,36.218,3.733,0,8192,59.90,30555.83,31867.93,33,5285273,5782268,10388344832,37946245120
2025-05-14 06:57:36,37.964,3.805,0,0,69.90,30555.83,31867.93,33,5285474,5782469,10388344832,37946245120
2025-05-14 06:57:36,39.237,3.729,0,0,59.90,30555.83,31867.93,33,5285675,5782670,10388344832,37946245120
2025-05-14 06:57:36,39.043,3.665,0,0,49.90,30555.83,31867.93,33,5285876,5782871,10388344832,37946245120
2025-05-14 06:57:36,39.844,3.703,0,0,79.90,30555.83,31867.93,33,5286077,5783072,10388344832,37946245120
2025-05-14 06:57:37,40.679,3.854,0,0,119.80,30555.83,31867.93,33,5286278,5783273,10388344832,37946245120
2025-05-14 06:57:37,39.292,3.743,0,0,59.90,30555.83,31867.93,33,5286479,5783474,10388344832,37946245120
2025-05-14 06:57:37,37.774,3.712,0,0,59.90,30555.83,31867.93,33,5286681,5783676,10388344832,37946245120
2025-05-14 06:57:37,40.422,3.698,0,0,59.90,30555.83,31867.93,33,5286882,5783877,10388344832,37946245120
2025-05-14 06:57:37,41.531,3.793,0,0,89.90,30555.83,31867.93,33,5287083,5784078,10388344832,37946245120
2025-05-14 06:57:38,38.699,3.708,0,0,79.90,30555.83,31867.93,33,5287284,5784279,10388344832,37946245120
2025-05-14 06:57:38,37.351,3.681,0,0,79.90,30555.83,31867.93,33,5287485,5784480,10388344832,37946245120
2025-05-14 06:57:38,36.632,3.710,0,0,69.90,30555.83,31867.93,33,5287686,5784681,10388344832,37946245120
2025-05-14 06:57:38,38.233,3.717,0,0,49.90,30555.83,31867.93,33,5287886,5784881,10388344832,37946245120
2025-05-14 06:57:38,40.848,3.766,0,0,59.90,30555.83,31867.93,33,5288087,5785082,10388344832,37946245120
2025-05-14 06:57:39,40.342,3.838,0,32768,79.90,30555.83,31867.93,33,5288297,5785296,10388344832,37946343424
2025-05-14 06:57:39,37.439,3.738,0,65536,89.90,30555.83,31867.93,33,5288499,5785498,10388344832,37946343424
2025-05-14 06:57:39,38.778,3.745,0,12288,59.90,30555.83,31867.93,33,5288708,5785710,10388344832,37946355712
2025-05-14 06:57:39,37.386,3.683,0,0,49.90,30555.83,31867.93,33,5288909,5785911,10388344832,37946355712
2025-05-14 06:57:39,40.467,3.643,0,0,59.90,30555.83,31867.93,33,5289110,5786112,10388344832,37946355712
2025-05-14 06:57:40,38.591,3.747,0,0,39.90,30555.83,31867.93,33,5289312,5786314,10388344832,37946355712
2025-05-14 06:57:40,40.350,3.706,0,0,149.70,30555.83,31867.93,33,5289578,5786618,10388344832,37947711488
2025-05-14 06:57:40,43.610,4.163,0,1482752,219.60,30555.83,31867.93,33,5289809,5786859,10388344832,37947953152
2025-05-14 06:57:40,44.899,4.369,0,475136,529.00,30555.83,31867.93,33,5290084,5787166,10388344832,37948678144
2025-05-14 06:57:40,48.790,4.862,0,671744,429.30,30555.83,31867.93,33,5290374,5787487,10388344832,37949190144
2025-05-14 06:57:41,45.785,4.985,0,389120,449.10,30555.83,31867.93,33,5290617,5787747,10388344832,37949460480
2025-05-14 06:57:41,47.018,4.865,0,172032,389.40,30555.83,31867.93,33,5290837,5787973,10388344832,37949616128
2025-05-14 06:57:41,47.317,5.060,0,102400,519.60,30555.83,31867.93,33,5291073,5788224,10388344832,37949837312
2025-05-14 06:57:41,47.211,5.077,0,245760,419.30,30555.83,31867.93,33,5291305,5788467,10388344832,37949976576
2025-05-14 06:57:41,47.961,4.756,0,151552,399.30,30555.83,31867.93,33,5291522,5788687,10388344832,37950111744
2025-05-14 06:57:42,46.296,4.674,0,65536,329.50,30555.83,31867.93,33,5291727,5788892,10388344832,37950111744
2025-05-14 06:57:42,45.061,4.834,0,65536,359.40,30555.83,31867.93,33,5291960,5789134,10388344832,37950230528
2025-05-14 06:57:42,46.334,4.785,0,180224,429.30,30555.83,31867.93,33,5292188,5789371,10388344832,37950435328
2025-05-14 06:57:42,46.560,4.701,0,86016,289.40,30555.83,31867.93,33,5292381,5789565,10388344832,37950443520
2025-05-14 06:57:42,44.988,4.098,0,0,69.90,30555.83,31867.93,33,5292582,5789766,10388344832,37950443520
2025-05-14 06:57:43,39.251,3.838,0,0,129.80,30555.83,31867.93,33,5292784,5789968,10388344832,37950443520
2025-05-14 06:57:43,39.228,3.902,0,0,79.90,30555.83,31867.93,33,5292985,5790169,10388344832,37950443520
2025-05-14 06:57:43,38.597,3.729,0,0,49.90,30555.83,31867.93,33,5293186,5790370,10388344832,37950443520
2025-05-14 06:57:43,38.152,3.679,0,0,49.90,30555.83,31867.93,33,5293387,5790571,10388344832,37950443520
2025-05-14 06:57:43,42.311,3.721,0,0,59.90,30555.83,31867.93,33,5293588,5790772,10388344832,37950443520
2025-05-14 06:57:44,39.717,3.659,0,0,59.90,30555.83,31867.93,33,5293790,5790974,10388344832,37950443520
2025-05-14 06:57:44,38.562,3.687,0,0,139.80,30555.83,31867.93,33,5293991,5791175,10388344832,37950443520
2025-05-14 06:57:44,42.660,4.130,0,12288,329.40,30555.83,31867.93,33,5294204,5791391,10388344832,37950455808
2025-05-14 06:57:44,45.950,4.517,0,2662400,349.40,30555.83,31867.93,33,5294840,5792281,10388344832,37955010560
2025-05-14 06:57:44,41.651,4.195,0,1892352,79.90,30555.83,31867.93,33,5295042,5792483,10388344832,37955010560
2025-05-14 06:57:45,37.118,3.735,0,0,79.90,30555.83,31867.93,33,5295243,5792684,10388344832,37955010560
2025-05-14 06:57:45,37.308,3.727,0,0,79.80,30555.83,31867.93,33,5295444,5792885,10388344832,37955010560
2025-05-14 06:57:45,38.256,3.749,0,0,79.90,30555.83,31867.93,33,5295645,5793086,10388344832,37955010560
2025-05-14 06:57:45,36.919,3.690,0,0,59.90,30555.83,31867.93,33,5295847,5793288,10388344832,37955010560
2025-05-14 06:57:45,37.528,3.722,0,0,59.90,30555.83,31867.93,33,5296048,5793489,10388344832,37955010560
2025-05-14 06:57:46,41.199,3.788,0,0,149.70,30555.83,31867.93,33,5296249,5793690,10388344832,37955010560
2025-05-14 06:57:46,42.095,4.242,0,0,139.80,30555.83,31867.93,33,5296450,5793891,10388344832,37955010560
2025-05-14 06:57:46,43.117,4.214,0,0,329.40,30555.83,31867.93,33,5296645,5794086,10388344832,37955010560
2025-05-14 06:57:46,42.960,4.223,0,0,49.90,30555.83,31867.93,33,5296844,5794285,10388344832,37955010560
2025-05-14 06:57:46,44.973,3.949,0,0,159.70,30555.83,31867.93,33,5297046,5794487,10388344832,37955010560
2025-05-14 06:57:47,41.341,3.998,0,0,59.90,30555.83,31867.93,33,5297247,5794688,10388344832,37955010560
2025-05-14 06:57:47,38.906,3.764,0,0,99.80,30555.83,31867.93,33,5297460,5794903,10388344832,37955084288
2025-05-14 06:57:47,42.050,3.959,0,73728,229.60,30555.83,31867.93,33,5297661,5795104,10388344832,37955084288
2025-05-14 06:57:47,43.788,3.997,0,0,49.90,30555.83,31867.93,33,5297863,5795306,10388344832,37955084288
2025-05-14 06:57:47,41.655,3.724,0,0,59.90,30555.83,31867.93,33,5298064,5795507,10388344832,37955084288
2025-05-14 06:57:48,39.573,3.739,0,0,59.90,30555.83,31867.93,33,5298265,5795708,10388344832,37955084288
2025-05-14 06:57:48,38.887,3.691,0,0,69.90,30555.83,31867.93,33,5298466,5795909,10388344832,37955084288
2025-05-14 06:57:48,40.818,3.710,0,0,59.90,30555.83,31867.93,33,5298673,5796118,10388344832,37955092480
2025-05-14 06:57:48,43.159,3.816,0,8192,39.90,30555.83,31867.93,33,5298870,5796315,10388344832,37955092480
2025-05-14 06:57:49,46.205,3.810,0,0,59.90,30555.83,31867.93,33,5299071,5796516,10388344832,37955092480
2025-05-14 06:57:49,40.678,3.793,0,0,79.90,30555.83,31867.93,33,5299273,5796718,10388344832,37955092480
2025-05-14 06:57:49,40.395,3.859,0,0,79.90,30555.83,31867.93,33,5299474,5796919,10388344832,37955092480
2025-05-14 06:57:49,39.162,3.761,0,4096,59.90,30555.83,31867.93,33,5299678,5797124,10388344832,37955096576
2025-05-14 06:57:49,45.109,3.903,0,0,49.90,30555.83,31867.93,33,5299880,5797326,10388344832,37955096576
2025-05-14 06:57:50,43.318,3.761,0,0,79.80,30555.83,31867.93,33,5300082,5797528,10388344832,37955096576
2025-05-14 06:57:50,42.013,4.140,0,0,79.90,30555.83,31867.93,33,5300283,5797729,10388344832,37955096576
2025-05-14 06:57:50,44.192,4.020,0,0,69.90,30555.83,31867.93,33,5300485,5797931,10388344832,37955096576
2025-05-14 06:57:50,39.343,3.816,0,0,79.90,30555.83,31867.93,33,5300688,5798134,10388344832,37955096576
2025-05-14 06:57:50,39.780,3.777,0,0,49.90,30555.83,31867.93,33,5300889,5798335,10388344832,37955096576
2025-05-14 06:57:51,44.714,3.775,0,0,39.90,30555.83,31867.93,33,5301091,5798537,10388344832,37955096576
2025-05-14 06:57:51,41.235,3.811,0,0,49.90,30555.83,31867.93,33,5301292,5798738,10388344832,37955096576
2025-05-14 06:57:51,39.159,3.857,0,0,129.80,30555.83,31867.93,33,5301476,5798922,10388344832,37955096576
2025-05-14 06:57:51,48.319,4.501,0,0,179.60,30555.83,31867.93,33,5301678,5799124,10388344832,37955096576
2025-05-14 06:57:51,45.661,4.008,0,0,159.80,30555.83,31867.93,33,5301874,5799320,10388344832,37955096576
2025-05-14 06:57:52,47.230,4.036,0,0,159.70,30555.83,31867.93,33,5302075,5799521,10388344832,37955096576
2025-05-14 06:57:52,42.131,3.901,0,0,159.70,30555.83,31867.93,33,5302277,5799723,10388344832,37955096576
2025-05-14 06:57:52,43.493,3.976,0,0,249.50,30555.83,31867.93,33,5302478,5799924,10388344832,37955096576
2025-05-14 06:57:52,43.525,3.922,0,0,159.70,30555.83,31867.93,33,5302678,5800124,10388344832,37955096576
2025-05-14 06:57:52,44.244,4.072,0,0,279.70,30555.83,31867.93,33,5302875,5800321,10388344832,37955096576
2025-05-14 06:57:53,45.717,4.237,0,0,159.70,30555.83,31867.93,33,5303076,5800522,10388344832,37955096576
2025-05-14 06:57:53,42.099,3.814,0,0,149.80,30555.83,31867.93,33,5303276,5800722,10388344832,37955096576
2025-05-14 06:57:53,42.355,3.906,0,0,159.70,30555.83,31867.93,33,5303477,5800923,10388344832,37955096576
2025-05-14 06:57:53,42.092,3.791,0,0,159.70,30555.83,31867.93,33,5303678,5801124,10388344832,37955096576
2025-05-14 06:57:53,43.190,3.858,0,0,159.70,30555.83,31867.93,33,5303879,5801325,10388344832,37955096576
2025-05-14 06:57:54,42.524,3.940,0,0,149.80,30555.83,31867.93,33,5304080,5801526,10388344832,37955096576
2025-05-14 06:57:54,43.701,3.910,0,0,159.70,30555.83,31867.93,33,5304282,5801728,10388344832,37955096576
2025-05-14 06:57:54,42.182,4.017,0,0,139.80,30555.83,31867.93,33,5304483,5801929,10388344832,37955096576
2025-05-14 06:57:54,39.511,3.795,0,0,69.90,30555.83,31867.93,33,5304683,5802129,10388344832,37955096576
2025-05-14 06:57:54,42.800,4.064,0,12288,179.70,30555.75,31835.91,27,5304879,5802329,10388344832,37955108864
2025-05-14 06:57:55,46.969,4.262,0,0,159.70,30555.75,31835.91,27,5305081,5802530,10388344832,37955108864
2025-05-14 06:57:55,42.745,4.014,0,0,149.80,30555.75,31835.91,27,5305282,5802731,10388344832,37955108864
2025-05-14 06:57:55,42.303,3.953,0,0,119.80,30555.75,31835.91,27,5305483,5802932,10388344832,37955108864
2025-05-14 06:57:55,40.067,3.979,0,0,319.50,30555.75,31835.91,27,5305685,5803134,10388344832,37955108864
2025-05-14 06:57:55,46.668,4.542,0,1482752,89.90,30555.75,31835.91,27,5305992,5803465,10388344832,37956657152
2025-05-14 06:57:56,40.985,4.128,0,65536,179.70,30555.75,31835.91,27,5306194,5803667,10388344832,37956657152
2025-05-14 06:57:56,44.682,4.105,0,0,49.90,30555.75,31835.91,27,5306395,5803868,10388344832,37956657152
2025-05-14 06:57:56,41.410,3.762,0,0,69.90,30555.75,31835.91,27,5306596,5804069,10388344832,37956657152
2025-05-14 06:57:56,38.953,3.720,0,0,59.90,30555.75,31835.91,27,5306797,5804270,10388344832,37956657152
2025-05-14 06:57:56,40.786,3.726,0,0,169.70,30555.75,31835.91,27,5306995,5804475,10388344832,37956722688
2025-05-14 06:57:57,42.883,3.999,0,131072,429.20,30555.75,31835.91,27,5307205,5804684,10388344832,37956788224
2025-05-14 06:57:57,48.301,4.994,0,0,329.40,30555.75,31835.91,27,5307417,5804899,10388344832,37956820992
2025-05-14 06:57:57,44.694,4.273,0,40960,69.90,30555.75,31835.91,27,5307620,5805103,10388344832,37956829184
2025-05-14 06:57:57,41.725,4.034,0,0,479.10,30555.75,31835.91,27,5307816,5805299,10388344832,37956829184
2025-05-14 06:57:57,48.352,4.713,0,0,399.50,30555.75,31835.91,27,5308016,5805499,10388344832,37956829184
2025-05-14 06:57:58,45.501,4.377,0,0,59.90,30555.75,31835.91,27,5308217,5805700,10388344832,37956829184
2025-05-14 06:57:58,37.975,3.714,0,0,69.90,30555.75,31835.91,27,5308418,5805901,10388344832,37956829184
2025-05-14 06:57:58,37.282,3.681,0,0,59.90,30555.75,31835.91,27,5308619,5806102,10388344832,37956829184
2025-05-14 06:57:58,39.588,3.748,0,0,49.90,30555.75,31835.91,27,5308819,5806302,10388344832,37956829184
2025-05-14 06:57:58,40.597,3.720,0,0,59.90,30555.75,31835.91,27,5309020,5806503,10388344832,37956829184
2025-05-14 06:57:59,38.418,3.719,0,0,69.90,30555.75,31835.91,27,5309222,5806705,10388344832,37956829184
2025-05-14 06:57:59,39.097,3.738,0,0,129.80,30555.75,31835.91,27,5309423,5806906,10388344832,37956829184
2025-05-14 06:57:59,40.654,4.000,0,0,59.90,30555.75,31835.91,27,5309624,5807107,10388344832,37956829184
2025-05-14 06:57:59,40.888,3.828,0,0,59.90,30555.75,31835.91,27,5309825,5807308,10388344832,37956829184
2025-05-14 06:57:59,39.120,3.767,0,0,49.90,30555.75,31835.91,27,5310027,5807510,10388344832,37956829184
2025-05-14 06:58:00,38.721,3.732,0,0,99.80,30555.75,31835.91,27,5310338,5807863,10388344832,37957013504
2025-05-14 06:58:00,40.524,3.849,0,200704,59.90,30555.75,31835.91,27,5310547,5808076,10388344832,37957029888
2025-05-14 06:58:00,39.439,3.852,0,1474560,69.90,30555.75,31835.91,27,5310854,5808407,10388344832,37958569984
2025-05-14 06:58:00,37.847,3.706,0,65536,39.90,30555.75,31835.91,27,5311061,5808616,10388344832,37958582272
2025-05-14 06:58:00,44.005,3.754,0,12288,39.90,30555.75,31835.91,27,5311266,5808821,10388344832,37958582272
2025-05-14 06:58:01,43.364,3.814,0,0,69.90,30555.75,31835.91,27,5311479,5809040,10388344832,37958606848
2025-05-14 06:58:01,40.223,3.861,0,24576,59.90,30555.75,31835.91,27,5311681,5809242,10388344832,37958606848
2025-05-14 06:58:01,39.977,3.891,0,0,319.40,30555.75,31835.91,27,5311885,5809444,10388344832,37958606848
2025-05-14 06:58:01,44.387,4.510,0,16384,179.70,30555.75,31835.91,27,5312089,5809651,10388344832,37958623232
2025-05-14 06:58:01,41.956,3.994,0,0,49.90,30555.75,31835.91,27,5312290,5809852,10388344832,37958623232
2025-05-14 06:58:02,39.269,3.740,0,0,59.90,30555.75,31835.91,27,5312492,5810054,10388344832,37958623232
2025-05-14 06:58:02,39.934,3.729,0,0,69.90,30555.75,31835.91,27,5312693,5810255,10388344832,37958623232
2025-05-14 06:58:02,37.589,3.692,0,0,69.90,30555.75,31835.91,27,5312896,5810461,10388344832,37958754304
2025-05-14 06:58:02,39.016,3.748,0,131072,69.90,30555.75,31835.91,27,5313096,5810661,10388344832,37958754304
2025-05-14 06:58:02,41.380,3.884,0,0,49.90,30555.75,31835.91,27,5313298,5810863,10388344832,37958754304
2025-05-14 06:58:03,37.205,3.771,0,0,59.90,30555.75,31835.91,27,5313499,5811064,10388344832,37958754304
2025-05-14 06:58:03,39.259,3.746,0,0,59.90,30555.75,31835.91,27,5313700,5811265,10388344832,37958754304
2025-05-14 06:58:03,38.969,3.737,0,0,49.90,30555.75,31835.91,27,5313901,5811466,10388344832,37958754304
2025-05-14 06:58:03,38.054,3.755,0,0,49.90,30555.75,31835.91,27,5314102,5811667,10388344832,37958754304
2025-05-14 06:58:03,42.670,3.736,0,0,59.90,30555.75,31835.91,27,5314304,5811869,10388344832,37958754304
2025-05-14 06:58:04,38.105,3.726,0,0,49.90,30555.75,31835.91,27,5314505,5812070,10388344832,37958754304
2025-05-14 06:58:04,40.054,3.809,0,0,49.90,30555.75,31835.91,27,5314706,5812271,10388344832,37958754304
2025-05-14 06:58:04,38.837,3.727,0,0,69.90,30555.75,31835.91,27,5314908,5812473,10388344832,37958754304
2025-05-14 06:58:04,38.005,3.745,0,0,49.90,30555.75,31835.91,27,5315107,5812672,10388344832,37958754304
2025-05-14 06:58:04,44.683,4.205,0,0,239.60,30555.75,31835.91,27,5315411,5813006,10388344832,37961351168
2025-05-14 06:58:05,43.218,4.120,0,3297280,169.70,30555.75,31835.91,27,5315642,5813251,10388344832,37962248192
2025-05-14 06:58:05,42.944,3.995,0,253952,159.70,30555.75,31835.91,27,5315850,5813461,10388344832,37962305536
2025-05-14 06:58:05,42.942,4.188,0,0,339.40,30555.75,31835.91,27,5316062,5813678,10388344832,37962326016
2025-05-14 06:58:05,45.410,4.462,0,126976,149.70,30555.75,31835.91,27,5316268,5813886,10388344832,37962432512
2025-05-14 06:58:05,46.111,4.082,0,20480,269.60,30555.75,31835.91,27,5316474,5814095,10388344832,37962452992
2025-05-14 06:58:06,44.234,4.131,0,57344,249.60,30555.75,31835.91,27,5316694,5814321,10388344832,37962616832
2025-05-14 06:58:06,44.294,4.112,0,131072,149.70,30555.75,31835.91,27,5316898,5814526,10388344832,37962641408
2025-05-14 06:58:06,42.839,4.151,0,0,249.50,30555.75,31835.91,27,5317099,5814727,10388344832,37962641408
2025-05-14 06:58:06,44.569,4.216,0,98304,159.60,30555.75,31835.91,27,5317317,5814949,10388344832,37962747904
2025-05-14 06:58:06,45.789,4.023,0,8192,149.80,30555.75,31835.91,27,5317516,5815149,10388344832,37962756096
2025-05-14 06:58:07,42.827,4.002,0,32768,159.70,30555.75,31835.91,27,5317719,5815353,10388344832,37962780672
2025-05-14 06:58:07,42.807,4.056,0,0,149.80,30555.75,31835.91,27,5317920,5815554,10388344832,37962780672
2025-05-14 06:58:07,44.031,3.977,0,0,159.70,30555.75,31835.91,27,5318122,5815756,10388344832,37962780672
2025-05-14 06:58:07,42.313,3.950,0,0,169.80,30555.75,31835.91,27,5318329,5815966,10388344832,37962903552
2025-05-14 06:58:07,45.785,4.331,0,512000,479.10,30555.75,31835.91,27,5318568,5816222,10388344832,37963472896
2025-05-14 06:58:08,50.375,5.499,0,1630208,489.60,30555.75,31835.91,27,5318928,5816641,10388344832,37965500416
2025-05-14 06:58:08,46.890,5.004,0,806912,389.40,30555.75,31835.91,27,5319163,5816888,10388344832,37965926400
2025-05-14 06:58:08,47.158,4.735,0,233472,299.50,30555.75,31835.91,27,5319379,5817110,10388344832,37966082048
2025-05-14 06:58:08,46.424,4.956,0,372736,349.40,30555.75,31835.91,27,5319625,5817370,10388344832,37966585856
2025-05-14 06:58:08,46.774,4.795,0,438272,449.10,30555.75,31835.91,27,5319854,5817610,10388344832,37967007744
2025-05-14 06:58:09,46.803,4.874,0,5865472,439.30,30555.75,31835.91,27,5320595,5818477,10388344832,37972746240
2025-05-14 06:58:09,45.579,4.664,0,131072,429.30,30555.75,31835.91,27,5320799,5818682,10388344832,37972770816
2025-05-14 06:58:09,46.252,4.740,0,102400,349.40,30555.75,31835.91,27,5321011,5818898,10388344832,37972897792
2025-05-14 06:58:09,44.754,4.468,0,90112,459.20,30555.75,31835.91,27,5321216,5819104,10388344832,37972963328
2025-05-14 06:58:09,44.927,4.959,0,0,439.30,30555.75,31835.91,27,5321414,5819303,10388344832,37973024768
2025-05-14 06:58:10,44.652,4.748,0,299008,459.20,30555.75,31835.91,27,5321660,5819560,10388344832,37973352448
2025-05-14 06:58:10,46.055,5.119,0,290816,389.40,30555.75,31835.91,27,5321890,5819801,10388344832,37973590016
2025-05-14 06:58:10,46.364,5.050,0,524288,459.20,30555.75,31835.91,27,5322180,5820125,10388344832,37974159360
2025-05-14 06:58:10,46.388,4.667,0,167936,429.20,30555.75,31835.91,27,5322383,5820335,10388344832,37974355968
2025-05-14 06:58:10,45.728,4.520,0,114688,419.20,30555.75,31835.91,27,5322586,5820539,10388344832,37974360064
2025-05-14 06:58:11,44.154,4.669,0,0,419.20,30555.75,31835.91,27,5322804,5820764,10388344832,37974458368
2025-05-14 06:58:11,46.386,4.459,0,98304,469.20,30555.75,31835.91,27,5323001,5820961,10388344832,37974458368
2025-05-14 06:58:11,45.121,4.964,0,0,389.30,30555.75,31835.91,27,5323202,5821162,10388344832,37974458368
2025-05-14 06:58:11,45.839,5.032,0,253952,429.20,30555.75,31835.91,27,5323445,5821421,10388344832,37974876160
2025-05-14 06:58:11,45.932,4.713,0,233472,329.40,30555.75,31835.91,27,5323662,5821643,10388344832,37975011328
2025-05-14 06:58:12,46.486,4.702,0,106496,429.30,30555.75,31835.91,27,5323900,5821897,10388344832,37975199744
2025-05-14 06:58:12,46.739,4.786,0,208896,449.10,30555.75,31835.91,27,5324133,5822142,10388344832,37975592960
2025-05-14 06:58:12,46.440,4.739,0,471040,289.50,30555.75,31835.91,27,5324340,5822353,10388344832,37975846912
2025-05-14 06:58:12,46.414,4.690,0,503808,269.50,30555.75,31835.91,27,5324564,5822589,10388344832,37976498176
2025-05-14 06:58:12,47.486,4.727,0,446464,329.40,30555.75,31835.91,27,5324805,5822841,10388344832,37977059328
2025-05-14 06:58:13,43.363,4.738,0,1499136,309.50,30555.75,31835.91,27,5325249,5823610,10388344832,37982195712
2025-05-14 06:58:13,46.175,4.783,0,4149248,309.50,30555.75,31835.91,27,5325468,5823835,10388344832,37982494720
2025-05-14 06:58:13,46.030,4.715,0,258048,289.40,30555.75,31835.91,27,5325684,5824057,10388344832,37982715904
2025-05-14 06:58:13,45.178,4.529,0,274432,269.80,30555.75,31835.91,27,5325897,5824275,10388344832,37982990336
2025-05-14 06:58:13,47.811,4.574,0,217088,289.50,30555.75,31835.91,27,5326093,5824473,10388344832,37983080448
2025-05-14 06:58:14,43.589,4.637,0,0,329.50,30555.75,31835.91,27,5326298,5824680,10388344832,37983203328
2025-05-14 06:58:14,44.640,4.409,0,122880,389.40,30555.75,31835.91,27,5326499,5824881,10388344832,37983203328
2025-05-14 06:58:14,44.881,4.560,0,0,389.40,30555.75,31835.91,27,5326706,5825090,10388344832,37983293440
2025-05-14 06:58:14,45.775,4.611,0,114688,299.50,30555.75,31835.91,27,5326913,5825299,10388344832,37983399936
2025-05-14 06:58:14,44.527,4.483,0,237568,379.40,30555.75,31835.91,27,5327118,5825506,10388344832,37983555584
2025-05-14 06:58:15,45.059,4.608,0,0,339.50,30555.75,31835.91,27,5327325,5825715,10388344832,37983678464
2025-05-14 06:58:15,45.032,4.576,0,122880,259.50,30555.75,31835.91,27,5327529,5825920,10388344832,37983715328
2025-05-14 06:58:15,44.751,4.478,0,94208,299.50,30555.75,31835.91,27,5327733,5826125,10388344832,37983772672
2025-05-14 06:58:15,45.019,4.476,0,0,339.40,30555.75,31835.91,27,5327939,5826334,10388344832,37983821824
2025-05-14 06:58:15,45.029,4.500,0,65536,249.60,30555.75,31835.91,27,5328145,5826543,10388344832,37983838208
2025-05-14 06:58:16,44.065,4.317,0,0,309.40,30555.75,31835.91,27,5328349,5826748,10388344832,37983899648
2025-05-14 06:58:16,45.210,4.487,0,106496,309.40,30555.75,31835.91,27,5328556,5826957,10388344832,37983944704
2025-05-14 06:58:16,44.962,4.410,0,0,289.60,30555.75,31835.91,27,5328763,5827166,10388344832,37984014336
2025-05-14 06:58:16,44.634,4.393,0,69632,329.50,30555.75,31835.91,27,5328969,5827374,10388344832,37984026624
2025-05-14 06:58:16,44.233,4.599,0,12288,329.40,30555.75,31835.91,27,5329171,5827576,10388344832,37984026624
2025-05-14 06:58:17,44.800,4.520,0,61440,309.50,30555.75,31835.91,27,5329641,5828085,10388344832,37987319808
2025-05-14 06:58:17,45.504,4.520,0,3280896,329.40,30555.75,31835.91,27,5329842,5828287,10388344832,37987368960
2025-05-14 06:58:17,45.056,4.467,0,0,339.40,30555.75,31835.91,27,5330051,5828499,10388344832,37987381248
2025-05-14 06:58:17,45.679,4.615,0,12288,329.50,30555.75,31835.91,27,5330252,5828700,10388344832,37987381248
2025-05-14 06:58:17,44.668,4.380,0,0,349.50,30555.75,31835.91,27,5330453,5828901,10388344832,37987381248
2025-05-14 06:58:18,44.699,4.362,0,0,319.50,30555.75,31835.91,27,5330654,5829102,10388344832,37987381248
2025-05-14 06:58:18,44.739,4.431,0,0,359.40,30555.75,31835.91,27,5330857,5829305,10388344832,37987381248
2025-05-14 06:58:18,44.665,4.381,0,0,299.50,30555.75,31835.91,27,5331058,5829506,10388344832,37987381248
2025-05-14 06:58:18,44.551,4.317,0,0,319.40,30555.75,31835.91,27,5331258,5829706,10388344832,37987381248
2025-05-14 06:58:18,45.017,4.560,0,0,299.50,30555.75,31835.91,27,5331459,5829907,10388344832,37987381248
2025-05-14 06:58:19,44.456,4.353,0,0,359.40,30555.75,31835.91,27,5331664,5830112,10388344832,37987381248
2025-05-14 06:58:19,44.486,4.468,0,0,349.50,30555.75,31835.91,27,5331865,5830313,10388344832,37987381248
2025-05-14 06:58:19,45.113,4.411,0,0,279.50,30555.75,31835.91,27,5332065,5830513,10388344832,37987381248
2025-05-14 06:58:19,45.647,4.534,0,0,279.50,30555.75,31835.91,27,5332261,5830709,10388344832,37987381248
2025-05-14 06:58:19,45.226,4.460,0,0,329.50,30555.75,31835.91,27,5332463,5830911,10388344832,37987381248
2025-05-14 06:58:20,45.024,4.408,0,0,299.50,30555.75,31835.91,27,5332667,5831115,10388344832,37987381248
2025-05-14 06:58:20,44.175,4.375,0,0,349.50,30555.75,31835.91,27,5332867,5831315,10388344832,37987381248
2025-05-14 06:58:20,44.943,4.417,0,0,279.50,30555.75,31835.91,27,5333071,5831519,10388344832,37987381248
2025-05-14 06:58:20,45.350,4.546,0,0,329.40,30555.75,31835.91,27,5333272,5831720,10388344832,37987381248
2025-05-14 06:58:21,44.803,4.370,0,8192,309.40,30555.75,31835.91,27,5333479,5831929,10388344832,37987389440
2025-05-14 06:58:21,45.118,4.363,0,98304,289.50,30555.75,31835.91,27,5333698,5832154,10388344832,37987487744
2025-05-14 06:58:21,44.470,4.363,0,0,279.60,30555.75,31835.91,27,5333899,5832355,10388344832,37987487744
2025-05-14 06:58:21,44.346,4.275,0,0,289.50,30555.75,31835.91,27,5334100,5832556,10388344832,37987487744
2025-05-14 06:58:21,44.648,4.344,0,0,289.50,30555.75,31835.91,27,5334302,5832758,10388344832,37987487744
2025-05-14 06:58:22,44.010,4.562,0,0,269.60,30555.75,31835.91,27,5334501,5832957,10388344832,37987487744
2025-05-14 06:58:22,44.391,4.321,0,0,329.40,30555.75,31835.91,27,5334702,5833158,10388344832,37987487744
2025-05-14 06:58:22,44.927,4.333,0,0,279.50,30555.75,31835.91,27,5334903,5833359,10388344832,37987487744
2025-05-14 06:58:22,44.313,4.357,0,0,279.50,30555.75,31835.91,27,5335103,5833559,10388344832,37987487744
2025-05-14 06:58:22,44.313,4.317,0,1982464,289.50,30555.75,31835.91,27,5335435,5833931,10388344832,37989568512
2025-05-14 06:58:23,44.512,4.328,0,98304,319.50,30555.75,31835.91,27,5335637,5834133,10388344832,37989568512
2025-05-14 06:58:23,44.702,4.482,0,0,309.40,30555.75,31835.91,27,5335838,5834334,10388344832,37989568512
2025-05-14 06:58:23,43.187,4.553,0,0,279.50,30555.75,31835.91,27,5336039,5834535,10388344832,37989568512
2025-05-14 06:58:23,44.151,4.340,0,0,279.50,30555.75,31835.91,27,5336239,5834735,10388344832,37989568512
2025-05-14 06:58:23,44.895,4.426,0,0,289.50,30555.75,31835.91,27,5336437,5834934,10388344832,37989634048
2025-05-14 06:58:24,43.769,4.380,0,180224,279.50,30555.75,31835.91,27,5336638,5835136,10388344832,37989748736
2025-05-14 06:58:24,43.499,4.336,0,0,249.60,30555.75,31835.91,27,5336837,5835335,10388344832,37989748736
2025-05-14 06:58:24,44.249,4.246,0,0,319.50,30555.75,31835.91,27,5337037,5835535,10388344832,37989748736
2025-05-14 06:58:24,44.275,4.289,0,0,299.50,30555.75,31835.91,27,5337230,5835728,10388344832,37989748736
2025-05-14 06:58:24,44.832,4.323,0,0,269.50,30555.75,31835.91,27,5337439,5835941,10388344832,37989810176
2025-05-14 06:58:25,44.554,4.432,4096,94208,339.50,30555.75,31835.91,27,5337651,5836151,10388402176,37989842944
2025-05-14 06:58:25,45.045,4.424,53248,0,289.60,30555.75,31835.91,27,5337855,5836354,10388406272,37989842944
2025-05-14 06:58:25,44.512,4.358,4096,0,289.50,30555.75,31835.91,27,5338065,5836567,10388406272,37989867520
2025-05-14 06:58:25,44.771,4.462,0,118784,319.50,30555.75,31835.91,27,5338282,5836789,10388406272,37989998592
2025-05-14 06:58:25,44.683,4.459,0,36864,309.50,30555.75,31835.91,27,5338486,5836994,10388406272,37990002688
2025-05-14 06:58:26,44.669,4.374,0,32768,329.50,30555.75,31835.91,27,5338682,5837193,10388406272,37990088704
2025-05-14 06:58:26,45.010,4.355,0,57344,329.40,30555.75,31835.91,27,5338884,5837395,10388406272,37990088704
2025-05-14 06:58:26,44.479,4.465,0,0,359.40,30555.75,31835.91,27,5339085,5837596,10388406272,37990088704
2025-05-14 06:58:26,45.546,4.716,0,0,359.30,30555.75,31835.91,27,5339289,5837801,10388406272,37990150144
2025-05-14 06:58:26,44.048,4.596,0,77824,419.30,30555.75,31835.91,27,5339615,5838156,10388406272,37991653376
2025-05-14 06:58:27,45.970,4.511,0,1536000,399.30,30555.75,31835.91,27,5339820,5838362,10388406272,37991702528
2025-05-14 06:58:27,46.612,4.825,0,94208,319.40,30555.75,31835.91,27,5340034,5838582,10388406272,37991813120
2025-05-14 06:58:27,45.030,4.718,0,16384,299.30,30555.75,31835.91,27,5340240,5838790,10388406272,37991845888
2025-05-14 06:58:27,45.614,4.684,0,73728,329.50,30555.75,31835.91,27,5340445,5838996,10388406272,37991886848
2025-05-14 06:58:27,45.296,4.374,0,0,309.50,30555.75,31835.91,27,5340646,5839197,10388406272,37991886848
2025-05-14 06:58:28,45.314,4.349,0,0,289.50,30555.75,31835.91,27,5340847,5839398,10388406272,37991886848
2025-05-14 06:58:28,44.855,4.327,0,0,289.50,30555.75,31835.91,27,5341048,5839599,10388406272,37991886848
2025-05-14 06:58:28,43.971,4.568,0,0,259.60,30555.75,31835.91,27,5341250,5839801,10388406272,37991886848
2025-05-14 06:58:28,44.513,4.353,0,0,309.40,30555.75,31835.91,27,5341457,5840010,10388406272,37991895040
2025-05-14 06:58:28,44.858,4.348,0,8192,309.40,30555.75,31835.91,27,5341656,5840209,10388406272,37991895040
2025-05-14 06:58:29,45.336,4.507,0,16384,289.50,30555.75,31835.91,27,5341856,5840411,10388406272,37991911424
2025-05-14 06:58:29,43.359,4.431,0,0,289.50,30555.75,31835.91,27,5342058,5840613,10388406272,37991911424
2025-05-14 06:58:29,44.629,4.324,0,0,309.50,30555.75,31835.91,27,5342259,5840814,10388406272,37991911424
2025-05-14 06:58:29,44.840,4.378,0,0,379.30,30555.75,31835.91,27,5342460,5841015,10388406272,37991911424
2025-05-14 06:58:29,45.766,4.386,0,0,319.40,30555.75,31835.91,27,5342655,5841210,10388406272,37991911424
2025-05-14 06:58:30,44.436,4.412,0,0,309.50,30555.75,31835.91,27,5342856,5841411,10388406272,37991911424
2025-05-14 06:58:30,45.046,4.307,0,0,309.50,30555.75,31835.91,27,5343057,5841612,10388406272,37991911424
2025-05-14 06:58:30,44.830,4.395,0,0,289.50,30555.75,31835.91,27,5343259,5841814,10388406272,37991911424
2025-05-14 06:58:30,44.386,4.457,0,0,279.50,30555.75,31835.91,27,5343457,5842012,10388406272,37991911424
2025-05-14 06:58:30,45.151,4.613,0,0,309.50,30555.75,31835.91,27,5343659,5842214,10388406272,37991911424
2025-05-14 06:58:31,45.183,4.554,0,0,319.40,30555.75,31835.91,27,5343862,5842417,10388406272,37991915520
2025-05-14 06:58:31,45.455,4.498,0,1585152,329.50,30555.75,31835.91,27,5344176,5842766,10388406272,37993496576
2025-05-14 06:58:31,45.071,4.426,0,0,349.40,30555.75,31835.91,27,5344377,5842967,10388406272,37993496576
2025-05-14 06:58:31,45.151,4.370,0,0,289.50,30555.75,31835.91,27,5344578,5843168,10388406272,37993496576
2025-05-14 06:58:31,44.769,4.287,0,0,299.40,30555.75,31835.91,27,5344785,5843377,10388406272,37993504768
2025-05-14 06:58:32,45.090,4.418,0,8192,289.50,30555.75,31835.91,27,5344986,5843578,10388406272,37993504768
2025-05-14 06:58:32,43.913,4.335,0,0,299.50,30555.75,31835.91,27,5345187,5843779,10388406272,37993504768
2025-05-14 06:58:32,44.672,4.355,0,0,339.30,30555.75,31835.91,27,5345385,5843977,10388406272,37993504768
2025-05-14 06:58:32,45.267,4.305,0,0,279.50,30555.75,31835.91,27,5345586,5844178,10388406272,37993504768
2025-05-14 06:58:32,44.430,4.318,0,0,329.40,30555.75,31835.91,27,5345788,5844380,10388406272,37993504768
2025-05-14 06:58:33,45.167,4.323,0,0,299.30,30555.75,31835.91,27,5345989,5844581,10388406272,37993504768
2025-05-14 06:58:33,44.599,4.400,0,20480,299.50,30555.75,31835.91,27,5346207,5844804,10388406272,37993533440
2025-05-14 06:58:33,44.637,4.292,0,8192,309.50,30555.75,31835.91,27,5346408,5845005,10388406272,37993533440
2025-05-14 06:58:33,44.669,4.377,0,0,329.40,30555.75,31835.91,27,5346610,5845207,10388406272,37993533440
2025-05-14 06:58:33,44.361,4.526,0,0,299.50,30555.75,31835.91,27,5346807,5845404,10388406272,37993533440
2025-05-14 06:58:34,44.862,4.407,0,0,269.50,30555.75,31835.91,27,5347011,5845608,10388406272,37993533440
2025-05-14 06:58:34,44.844,4.368,0,0,239.60,30555.75,31835.91,27,5347212,5845809,10388406272,37993533440
2025-05-14 06:58:34,44.246,4.419,0,0,299.50,30555.75,31835.91,27,5347415,5846012,10388406272,37993533440
2025-05-14 06:58:34,47.698,4.752,0,36864,319.50,30555.75,31835.91,27,5347618,5846224,10388406272,37993570304
2025-05-14 06:58:34,49.381,4.710,0,0,239.60,30555.75,31835.91,27,5347815,5846421,10388406272,37993570304
2025-05-14 06:58:35,46.200,4.528,0,0,309.50,30555.75,31835.91,27,5348017,5846623,10388406272,37993570304
2025-05-14 06:58:35,45.637,4.519,0,0,319.60,30555.75,31835.91,27,5348222,5846828,10388406272,37993570304
2025-05-14 06:58:35,45.818,4.514,0,0,309.80,30555.75,31835.91,27,5348427,5847034,10388406272,37993582592
2025-05-14 06:58:35,45.386,4.511,0,12288,319.50,30555.75,31835.91,27,5348630,5847237,10388406272,37993582592
2025-05-14 06:58:35,44.234,4.793,0,0,329.40,30555.75,31835.91,27,5348829,5847436,10388406272,37993582592
2025-05-14 06:58:36,45.705,4.470,0,0,339.70,30555.75,31835.91,27,5349030,5847637,10388406272,37993582592
2025-05-14 06:58:36,46.412,4.538,0,0,319.50,30555.75,31835.91,27,5349231,5847838,10388406272,37993582592
2025-05-14 06:58:36,45.581,4.708,0,0,309.40,30555.75,31835.91,27,5349439,5848046,10388406272,37993582592
2025-05-14 06:58:36,47.141,4.632,0,0,279.60,30555.75,31835.91,27,5349642,5848249,10388406272,37993582592
2025-05-14 06:58:36,45.928,4.555,0,0,309.50,30555.75,31835.91,27,5349844,5848451,10388406272,37993582592
2025-05-14 06:58:37,46.196,4.667,0,0,329.40,30555.75,31835.91,27,5350045,5848652,10388406272,37993582592
2025-05-14 06:58:37,45.121,4.621,0,0,299.50,30555.75,31835.91,27,5350244,5848851,10388406272,37993582592
2025-05-14 06:58:37,44.397,4.454,0,0,319.50,30555.75,31835.91,27,5350445,5849052,10388406272,37993582592
2025-05-14 06:58:37,45.345,4.406,0,0,289.50,30555.75,31835.91,27,5350642,5849249,10388406272,37993582592
2025-05-14 06:58:37,44.864,4.420,0,0,329.40,30555.75,31835.91,27,5350843,5849450,10388406272,37993582592
2025-05-14 06:58:38,46.511,4.402,0,0,269.50,30555.75,31835.91,27,5351042,5849649,10388406272,37993582592
2025-05-14 06:58:38,45.962,4.533,0,0,349.40,30555.75,31835.91,27,5351254,5849864,10388406272,37993594880
2025-05-14 06:58:38,43.687,4.219,0,12288,189.60,30555.75,31835.91,27,5351455,5850065,10388406272,37993594880
2025-05-14 06:58:38,44.022,4.061,0,1814528,139.70,30555.75,31835.91,27,5351797,5850434,10388406272,37995548672
2025-05-14 06:58:38,41.102,3.926,0,139264,129.80,30555.75,31835.91,27,5351999,5850636,10388406272,37995548672
2025-05-14 06:58:39,39.643,3.774,0,90112,69.90,30555.75,31835.91,27,5352212,5850853,10388406272,37995638784
2025-05-14 06:58:39,39.070,3.738,0,0,59.90,30555.75,31835.91,27,5352413,5851054,10388406272,37995638784
2025-05-14 06:58:39,37.395,3.705,0,0,69.90,30555.75,31835.91,27,5352614,5851255,10388406272,37995638784
2025-05-14 06:58:39,37.291,3.748,0,0,59.90,30555.75,31835.91,27,5352816,5851457,10388406272,37995638784
2025-05-14 06:58:39,39.450,3.820,0,0,119.80,30555.75,31835.91,27,5353017,5851658,10388406272,37995638784
2025-05-14 06:58:40,42.530,4.127,0,0,159.70,30555.75,31835.91,27,5353218,5851859,10388406272,37995638784
2025-05-14 06:58:40,41.666,4.037,0,0,99.80,30555.75,31835.91,27,5353419,5852060,10388406272,37995638784
2025-05-14 06:58:40,43.531,4.353,0,0,289.50,30555.75,31835.91,27,5353619,5852260,10388406272,37995638784
2025-05-14 06:58:40,43.971,4.196,0,12288,59.90,30555.75,31835.91,27,5353826,5852469,10388406272,37995651072
2025-05-14 06:58:40,43.465,3.906,0,0,59.90,30555.75,31835.91,27,5354031,5852674,10388406272,37995651072
2025-05-14 06:58:41,40.431,3.755,0,0,69.90,30555.75,31835.91,27,5354232,5852875,10388406272,37995651072
2025-05-14 06:58:41,38.462,3.700,0,0,69.90,30555.75,31835.91,27,5354434,5853077,10388406272,37995651072
2025-05-14 06:58:41,37.963,3.678,0,0,99.80,30555.75,31835.91,27,5354635,5853279,10388406272,37995716608
2025-05-14 06:58:41,42.624,4.093,0,483328,339.30,30555.75,31835.91,27,5354879,5853537,10388406272,37996220416
2025-05-14 06:58:41,46.854,4.813,0,544768,529.10,30555.75,31835.91,27,5355208,5853913,10388406272,37997551616
2025-05-14 06:58:42,48.312,5.571,0,1437696,429.30,30555.75,31835.91,27,5355504,5854242,10388406272,37998342144
2025-05-14 06:58:42,46.426,4.778,0,262144,409.20,30555.75,31835.91,27,5355722,5854465,10388406272,37998428160
2025-05-14 06:58:42,46.120,4.673,0,94208,379.30,30555.75,31835.91,27,5355930,5854675,10388406272,37998473216
2025-05-14 06:58:42,45.340,4.624,0,106496,359.30,30555.75,31835.91,27,5356141,5854889,10388406272,37998579712
2025-05-14 06:58:42,46.965,4.703,0,4763648,399.30,30555.75,31835.91,27,5356938,5855769,10388406272,38003363840
2025-05-14 06:58:43,46.293,4.841,0,147456,459.20,30555.75,31835.91,27,5357177,5856022,10388406272,38003720192
2025-05-14 06:58:43,45.542,4.900,0,589824,469.20,30555.75,31835.91,27,5357505,5856391,10388406272,38004260864
2025-05-14 06:58:43,46.358,4.949,0,339968,419.10,30555.75,31835.91,27,5357760,5856664,10388406272,38004473856
2025-05-14 06:58:43,46.080,4.453,0,114688,419.40,30555.75,31835.91,27,5357972,5856880,10388406272,38004563968
2025-05-14 06:58:43,46.030,4.417,0,28672,359.40,30555.75,31835.91,27,5358190,5857102,10388406272,38004580352
2025-05-14 06:58:44,44.392,4.502,0,16384,459.20,30555.75,31835.91,27,5358392,5857304,10388406272,38004580352
2025-05-14 06:58:44,46.194,4.641,0,53248,389.30,30555.75,31835.91,27,5358617,5857537,10388406272,38004764672
2025-05-14 06:58:44,43.593,5.178,0,180224,339.40,30555.75,31835.91,27,5358842,5857770,10388406272,38004924416
2025-05-14 06:58:44,44.100,4.909,0,176128,439.30,30555.75,31835.91,27,5359065,5858002,10388406272,38005075968
2025-05-14 06:58:44,45.021,4.976,0,86016,379.40,30555.75,31835.91,27,5359272,5858210,10388406272,38005104640
2025-05-14 06:58:45,45.175,4.563,0,32768,389.30,30555.75,31835.91,27,5359484,5858427,10388406272,38005149696
2025-05-14 06:58:45,45.605,4.650,0,57344,359.40,30555.75,31835.91,27,5359700,5858648,10388406272,38005235712
2025-05-14 06:58:45,44.639,4.447,0,69632,369.40,30555.75,31835.91,27,5359901,5858849,10388406272,38005235712
2025-05-14 06:58:45,45.016,4.402,0,36864,349.50,30555.75,31835.91,27,5360108,5859058,10388406272,38005272576
2025-05-14 06:58:45,44.424,4.595,0,65536,339.50,30555.75,31835.91,27,5360315,5859267,10388406272,38005338112
2025-05-14 06:58:46,45.432,4.435,0,0,299.30,30555.75,31835.91,27,5360510,5859462,10388406272,38005338112
2025-05-14 06:58:46,45.606,4.540,0,311296,319.40,30555.75,31835.91,27,5360865,5859871,10388406272,38005649408
2025-05-14 06:58:46,43.872,4.522,0,8192,309.40,30555.75,31835.91,27,5361079,5860089,10388406272,38005702656
2025-05-14 06:58:46,43.474,4.632,0,106496,299.50,30555.75,31835.91,27,5361292,5860306,10388406272,38005800960
2025-05-14 06:58:46,45.669,4.544,0,36864,329.30,30555.75,31835.91,27,5362023,5861165,10388406272,38009823232
2025-05-14 06:58:47,45.245,4.484,0,4038656,299.50,30555.75,31835.91,27,5362230,5861374,10388406272,38009839616
2025-05-14 06:58:47,45.179,4.435,4096,40960,319.50,30555.75,31835.91,27,5362452,5861603,10388410368,38009954304
2025-05-14 06:58:47,45.014,4.420,0,73728,249.60,30555.75,31835.91,27,5362653,5861804,10388410368,38009954304
2025-05-14 06:58:47,44.710,4.301,0,0,299.60,30555.75,31835.91,27,5362854,5862005,10388410368,38009954304
2025-05-14 06:58:47,45.220,4.478,0,20480,309.50,30555.75,31835.91,27,5363067,5862222,10388410368,38010011648
2025-05-14 06:58:48,43.791,4.558,0,36864,349.40,30555.75,31835.91,27,5363268,5862423,10388410368,38010011648
2025-05-14 06:58:48,45.141,4.533,0,0,329.50,30555.75,31835.91,27,5363469,5862624,10388410368,38010011648
2025-05-14 06:58:48,44.856,4.415,0,0,309.50,30555.75,31835.91,27,5363670,5862825,10388410368,38010011648
2025-05-14 06:58:48,44.779,4.402,0,0,359.40,30555.75,31835.91,27,5363870,5863025,10388410368,38010011648
2025-05-14 06:58:48,44.732,4.549,0,0,329.50,30555.75,31835.91,27,5364071,5863226,10388410368,38010011648
2025-05-14 06:58:49,44.643,4.611,0,0,349.40,30555.75,31835.91,27,5364275,5863430,10388410368,38010011648
2025-05-14 06:58:49,45.997,4.685,0,0,349.40,30555.75,31835.91,27,5364476,5863631,10388410368,38010011648
2025-05-14 06:58:49,45.192,4.620,0,0,299.40,30555.75,31835.91,27,5364680,5863834,10388410368,38010011648
2025-05-14 06:58:49,44.344,4.404,0,0,309.40,30555.75,31835.91,27,5364881,5864035,10388410368,38010011648
2025-05-14 06:58:49,44.863,4.490,0,49152,359.40,30555.75,31835.91,27,5365111,5864275,10388410368,38010126336
2025-05-14 06:58:50,45.203,4.496,0,65536,319.40,30555.75,31835.91,27,5365313,5864477,10388410368,38010126336
2025-05-14 06:58:50,45.536,4.563,0,65536,329.80,30555.75,31835.91,27,5365534,5864704,10388410368,38010241024
2025-05-14 06:58:50,44.784,4.565,0,81920,299.50,30555.75,31835.91,27,5365737,5864909,10388410368,38010273792
2025-05-14 06:58:50,44.791,4.294,0,0,289.50,30555.75,31835.91,27,5365943,5865117,10388410368,38010327040
2025-05-14 06:58:50,44.593,4.399,0,65536,299.40,30555.75,31835.91,27,5366150,5865326,10388410368,38010339328
2025-05-14 06:58:51,44.275,4.445,0,2043904,349.40,30555.75,31835.91,27,5366619,5865877,10388410368,38012391424
2025-05-14 06:58:51,44.914,4.405,0,8192,309.50,30555.75,31835.91,27,5366859,5866138,10388414464,38012502016
2025-05-14 06:58:51,43.615,4.276,4096,110592,339.50,30555.75,31835.91,27,5367059,5866338,10388414464,38012502016
2025-05-14 06:58:51,44.747,4.244,0,0,319.50,30555.75,31835.91,27,5367260,5866539,10388414464,38012502016
2025-05-14 06:58:51,44.689,4.288,0,16384,289.70,30555.75,31835.91,27,5367460,5866741,10388414464,38012518400
2025-05-14 06:58:52,43.453,4.535,0,28672,309.50,30555.75,31835.91,27,5367674,5866960,10388414464,38012567552
2025-05-14 06:58:52,44.644,4.314,0,20480,319.50,30555.75,31835.91,27,5367875,5867161,10388414464,38012567552
2025-05-14 06:58:52,44.758,4.317,0,12288,289.60,30555.75,31835.91,27,5368083,5867371,10388414464,38012645376
2025-05-14 06:58:52,44.402,4.242,0,65536,299.50,30555.75,31835.91,27,5368281,5867569,10388414464,38012645376
2025-05-14 06:58:52,44.448,4.335,0,0,289.50,30555.75,31835.91,27,5368482,5867770,10388414464,38012645376
2025-05-14 06:58:53,44.006,4.286,0,0,289.50,30555.75,31835.91,27,5368683,5867971,10388414464,38012645376
2025-05-14 06:58:53,44.497,4.365,0,0,239.60,30555.75,31835.91,27,5368884,5868173,10388414464,38012645376
2025-05-14 06:58:53,44.555,4.295,0,0,249.50,30555.75,31835.91,27,5369086,5868374,10388414464,38012645376
2025-05-14 06:58:53,44.066,4.323,0,0,299.50,30555.75,31835.91,27,5369283,5868571,10388414464,38012645376
2025-05-14 06:58:54,43.616,4.217,0,0,329.40,30555.75,31835.91,27,5369494,5868787,10388414464,38012796928
2025-05-14 06:58:54,44.893,4.383,0,225280,299.50,30555.75,31835.91,27,5369700,5868995,10388414464,38012870656
2025-05-14 06:58:54,44.938,4.276,0,0,259.60,30555.75,31835.91,27,5369926,5869229,10388414464,38012989440
2025-05-14 06:58:54,44.710,4.350,0,131072,339.40,30555.75,31835.91,27,5370138,5869445,10388414464,38013075456
2025-05-14 06:58:54,44.597,4.325,0,143360,299.40,30555.75,31835.91,27,5370354,5869666,10388414464,38013222912
2025-05-14 06:58:55,43.425,4.393,0,77824,319.40,30555.75,31835.91,27,5370556,5869868,10388414464,38013222912
2025-05-14 06:58:55,44.666,4.368,0,0,289.50,30555.75,31835.91,27,5370757,5870069,10388414464,38013222912
2025-05-14 06:58:55,44.684,4.271,0,0,309.50,30555.75,31835.91,27,5371158,5870689,10388414464,38016057344
2025-05-14 06:58:55,43.975,4.270,0,2834432,299.40,30555.75,31835.91,27,5371358,5870889,10388414464,38016057344
2025-05-14 06:58:55,44.935,4.201,0,81920,329.40,30555.75,31835.91,27,5371568,5871101,10388414464,38016139264
2025-05-14 06:58:56,44.275,4.284,0,0,279.50,30555.75,31835.91,27,5371770,5871303,10388414464,38016139264
2025-05-14 06:58:56,44.318,4.245,0,20480,299.50,30555.75,31835.91,27,5371987,5871524,10388414464,38016208896
2025-05-14 06:58:56,44.241,4.470,0,102400,309.40,30555.75,31835.91,27,5372206,5871752,10388414464,38016282624
2025-05-14 06:58:56,43.710,4.266,0,106496,319.50,30555.75,31835.91,27,5372430,5871984,10388414464,38016389120
2025-05-14 06:58:56,44.536,4.277,0,90112,289.50,30555.75,31835.91,27,5372644,5872202,10388414464,38016532480
2025-05-14 06:58:57,44.195,4.211,0,139264,369.30,30555.75,31835.91,27,5372860,5872423,10388414464,38016675840
2025-05-14 06:58:57,45.059,4.369,0,77824,329.40,30555.75,31835.91,27,5373070,5872636,10388414464,38016749568
2025-05-14 06:58:57,44.657,4.389,0,73728,349.40,30555.75,31835.91,27,5373271,5872837,10388414464,38016749568
2025-05-14 06:58:57,44.964,4.353,0,0,359.40,30555.75,31835.91,27,5373472,5873038,10388414464,38016749568
2025-05-14 06:58:57,45.102,4.531,0,0,279.50,30555.75,31835.91,27,5373672,5873238,10388414464,38016749568
2025-05-14 06:58:58,43.314,4.460,0,0,319.50,30555.75,31835.91,27,5373879,5873447,10388414464,38016823296
2025-05-14 06:58:58,44.462,4.491,0,73728,339.40,30555.75,31835.91,27,5374080,5873648,10388414464,38016823296
2025-05-14 06:58:58,45.286,4.504,0,106496,369.30,30555.75,31835.91,27,5374311,5873889,10388414464,38017028096
2025-05-14 06:58:58,45.680,4.552,0,180224,399.30,30555.75,31835.91,27,5374545,5874135,10388414464,38017208320
2025-05-14 06:58:58,45.098,4.552,0,180224,399.10,30555.75,31835.91,27,5374762,5874357,10388414464,38017290240
2025-05-14 06:58:59,45.580,4.468,0,0,399.20,30555.75,31835.91,27,5374971,5874568,10388414464,38017368064
2025-05-14 06:58:59,44.230,4.615,0,77824,419.30,30555.75,31835.91,27,5375173,5874771,10388414464,38017368064
2025-05-14 06:58:59,45.708,4.403,0,0,349.40,30555.75,31835.91,27,5375379,5874979,10388414464,38017376256
2025-05-14 06:58:59,45.637,4.714,0,1916928,369.30,30555.75,31835.91,27,5375778,5875431,10388414464,38019350528
2025-05-14 06:58:59,43.360,4.819,0,65536,389.30,30555.75,31835.91,27,5375979,5875632,10388414464,38019350528
2025-05-14 06:59:00,44.644,4.604,0,69632,389.20,30555.75,31835.91,27,5376189,5875844,10388414464,38019420160
2025-05-14 06:59:00,45.515,4.665,0,8192,369.40,30555.75,31835.91,27,5376413,5876085,10388414464,38020747264
2025-05-14 06:59:00,45.432,4.778,0,1581056,399.20,30555.75,31835.91,27,5376622,5876298,10388414464,38021079040
2025-05-14 06:59:00,44.780,4.653,0,69632,399.20,30555.75,31835.91,27,5376826,5876503,10388414464,38021079040
2025-05-14 06:59:00,45.809,4.621,0,0,399.30,30555.75,31835.91,27,5377028,5876706,10388414464,38021095424
2025-05-14 06:59:01,44.798,4.745,0,81920,389.30,30555.75,31835.91,27,5377231,5876910,10388414464,38021160960
2025-05-14 06:59:01,45.463,4.662,0,0,429.30,30555.75,31835.91,27,5377428,5877107,10388414464,38021160960
2025-05-14 06:59:01,45.024,4.860,0,0,439.10,30555.75,31835.91,27,5377648,5877331,10388414464,38021263360
2025-05-14 06:59:01,46.108,4.607,0,217088,469.00,30555.75,31835.91,27,5377897,5877594,10388414464,38021484544
2025-05-14 06:59:01,45.877,4.530,0,217088,399.20,30555.75,31835.91,27,5378116,5877819,10388414464,38021660672
2025-05-14 06:59:02,45.481,4.327,0,65536,429.30,30555.75,31835.91,27,5378318,5878022,10388414464,38021664768
2025-05-14 06:59:02,45.210,4.442,0,69632,399.20,30555.75,31835.91,27,5378522,5878227,10388414464,38021730304
2025-05-14 06:59:02,45.129,4.392,0,0,439.20,30555.75,31835.91,27,5378731,5878439,10388414464,38021742592
2025-05-14 06:59:02,45.171,4.809,0,12288,399.30,30555.75,31835.91,27,5378931,5878638,10388414464,38021742592
2025-05-14 06:59:02,43.721,4.824,0,0,359.40,30555.75,31835.91,27,5379124,5878831,10388414464,38021742592
2025-05-14 06:59:03,45.979,4.962,0,49152,509.00,30555.75,31835.91,27,5379377,5879101,10388414464,38021984256
2025-05-14 06:59:03,48.131,5.044,0,741376,459.30,30555.75,31835.91,27,5379678,5879438,10388414464,38022651904
2025-05-14 06:59:03,46.469,4.643,0,184320,469.10,30555.75,31835.91,27,5379885,5879647,10388414464,38022725632
2025-05-14 06:59:03,45.870,4.522,0,106496,419.30,30555.75,31835.91,27,5380121,5879890,10388414464,38023004160
2025-05-14 06:59:03,46.021,4.703,0,3547136,399.40,30555.75,31835.91,27,5380758,5880636,10388414464,38026543104
2025-05-14 06:59:04,45.442,4.712,0,172032,419.30,30555.75,31835.91,27,5380957,5880835,10388414464,38026543104
2025-05-14 06:59:04,45.770,4.835,0,0,339.70,30555.75,31835.91,27,5381163,5881041,10388414464,38026543104
2025-05-14 06:59:04,45.102,4.697,0,0,409.00,30555.75,31835.91,27,5381366,5881244,10388414464,38026543104
2025-05-14 06:59:04,45.600,4.639,0,20480,349.40,30555.75,31835.91,27,5381587,5881472,10388414464,38026686464
2025-05-14 06:59:04,44.929,4.513,0,188416,299.70,30555.75,31835.91,27,5381792,5881678,10388414464,38026752000
2025-05-14 06:59:05,44.117,4.311,0,0,359.40,30555.75,31835.91,27,5382006,5881896,10388414464,38026813440
2025-05-14 06:59:05,45.687,4.421,0,172032,359.40,30555.75,31835.91,27,5382225,5882121,10388414464,38026993664
2025-05-14 06:59:05,45.251,4.444,0,135168,259.60,30555.75,31835.91,27,5382435,5882332,10388414464,38027075584
2025-05-14 06:59:05,44.355,4.328,0,135168,309.40,30555.75,31835.91,27,5382660,5882565,10388414464,38027268096
2025-05-14 06:59:05,44.324,4.332,0,172032,349.40,30555.75,31835.91,27,5382879,5882790,10388414464,38027440128
2025-05-14 06:59:06,44.518,4.529,0,147456,269.50,30555.75,31835.91,27,5383087,5883001,10388414464,38027579392
2025-05-14 06:59:06,44.396,4.344,0,65536,279.50,30555.75,31835.91,27,5383288,5883202,10388414464,38027579392
2025-05-14 06:59:06,45.172,4.513,0,0,369.40,30555.75,31835.91,27,5383483,5883399,10388414464,38027599872
2025-05-14 06:59:06,44.941,4.489,0,86016,304.10,30555.75,31835.91,27,5383698,5883621,10388414464,38027919360
2025-05-14 06:59:06,45.135,4.498,0,327680,309.50,30555.75,31835.91,27,5383910,5883836,10388414464,38028058624
2025-05-14 06:59:07,46.135,4.564,0,122880,319.40,30555.75,31835.91,27,5384118,5884049,10388414464,38028185600
2025-05-14 06:59:07,44.206,4.439,0,135168,309.50,30555.75,31835.91,27,5384321,5884255,10388414464,38028324864
2025-05-14 06:59:07,44.719,4.489,0,73728,299.50,30555.75,31835.91,27,5384527,5884464,10388414464,38028378112
2025-05-14 06:59:07,45.386,4.484,0,135168,389.40,30555.75,31835.91,27,5384735,5884677,10388414464,38028525568
2025-05-14 06:59:07,45.683,4.548,0,65536,349.40,30555.75,31835.91,27,5385120,5885258,10388414464,38031220736
2025-05-14 06:59:08,45.584,4.476,0,2703360,349.40,30555.75,31835.91,27,5385331,5885470,10388414464,38031228928
2025-05-14 06:59:08,45.268,4.532,4096,163840,379.40,30555.75,31835.91,27,5385569,5885729,10388418560,38031392768
2025-05-14 06:59:08,45.734,4.543,0,4096,289.50,30555.75,31835.91,27,5385779,5885942,10388418560,38031466496
2025-05-14 06:59:08,44.951,4.487,0,135168,359.30,30555.75,31835.91,27,5385986,5886153,10388418560,38031585280
2025-05-14 06:59:08,45.181,4.477,0,53248,299.50,30555.75,31835.91,27,5386187,5886354,10388418560,38031585280
2025-05-14 06:59:09,44.415,4.415,0,176128,259.60,30555.75,31835.91,27,5386405,5886579,10388418560,38031847424
2025-05-14 06:59:09,43.217,4.386,0,155648,339.40,30555.75,31835.91,27,5386631,5886811,10388418560,38032011264
2025-05-14 06:59:09,45.179,4.594,0,172032,309.50,30555.75,31835.91,27,5386844,5887028,10388418560,38032154624
2025-05-14 06:59:09,43.517,4.506,0,65536,359.40,30555.75,31835.91,27,5387047,5887234,10388418560,38032166912
2025-05-14 06:59:09,44.522,4.381,0,77824,339.50,30555.75,31835.91,27,5387260,5887451,10388418560,38032318464
2025-05-14 06:59:10,45.126,4.534,0,151552,319.60,30555.75,31835.91,27,5387470,5887664,10388418560,38032453632
2025-05-14 06:59:10,44.849,4.408,0,77824,309.50,30555.75,31835.91,27,5387681,5887878,10388418560,38032527360
2025-05-14 06:59:10,44.923,4.506,0,143360,289.40,30555.75,31835.91,27,5387901,5888102,10388418560,38032670720
2025-05-14 06:59:10,44.790,4.425,0,65536,269.60,30555.75,31835.91,27,5388107,5888310,10388418560,38032740352
2025-05-14 06:59:10,44.527,4.595,0,69632,289.50,30555.75,31835.91,27,5388307,5888511,10388418560,38032756736
2025-05-14 06:59:11,44.194,4.494,0,16384,349.40,30555.75,31835.91,27,5388522,5888731,10388418560,38032973824
2025-05-14 06:59:11,45.009,4.529,0,401408,299.50,30555.75,31835.91,27,5388741,5888956,10388418560,38033342464
2025-05-14 06:59:11,44.709,4.512,0,307200,319.40,30555.75,31835.91,27,5388957,5889177,10388418560,38033723392
2025-05-14 06:59:11,44.705,4.499,0,344064,289.50,30555.75,31835.91,27,5389181,5889409,10388418560,38034104320
2025-05-14 06:59:11,44.859,4.562,0,434176,319.40,30555.75,31835.91,27,5389424,5889666,10388418560,38034575360
2025-05-14 06:59:12,45.447,4.567,0,3878912,299.40,30555.75,31835.91,27,5389981,5890327,10388418560,38038286336
2025-05-14 06:59:12,44.849,4.490,0,446464,299.50,30555.75,31835.91,27,5390211,5890567,10388418560,38038736896
2025-05-14 06:59:12,44.280,4.545,0,442368,219.60,30555.75,31835.91,27,5390438,5890804,10388418560,38039085056
2025-05-14 06:59:12,43.969,4.440,0,139264,279.50,30555.75,31835.91,27,5390645,5891013,10388418560,38039203840
2025-05-14 06:59:12,44.566,4.341,0,118784,279.60,30555.75,31835.91,27,5390849,5891218,10388418560,38039269376
2025-05-14 06:59:13,44.344,4.344,0,45056,369.30,30555.75,31835.91,27,5391065,5891439,10388418560,38039457792
2025-05-14 06:59:13,45.003,4.420,0,208896,309.50,30555.75,31835.91,27,5391275,5891652,10388418560,38039609344
2025-05-14 06:59:13,44.595,4.374,0,196608,289.40,30555.75,31835.91,27,5391494,5891877,10388418560,38039789568
2025-05-14 06:59:13,44.144,4.532,0,135168,289.50,30555.75,31835.91,27,5391702,5892087,10388418560,38039867392
2025-05-14 06:59:13,44.546,4.500,0,126976,319.50,30555.75,31835.91,27,5391930,5892324,10388418560,38040272896
2025-05-14 06:59:14,44.633,4.483,0,450560,289.50,30555.75,31835.91,27,5392143,5892544,10388418560,38040498176
2025-05-14 06:59:14,44.701,4.407,0,65536,359.30,30555.75,31835.91,27,5392361,5892769,10388418560,38040776704
2025-05-14 06:59:14,44.945,4.505,0,409600,229.60,30555.75,31835.91,27,5392577,5892990,10388418560,38040989696
2025-05-14 06:59:14,43.891,4.434,0,147456,299.40,30555.75,31835.91,27,5392781,5893195,10388418560,38041055232
2025-05-14 06:59:14,45.405,4.576,0,311296,319.50,30555.75,31835.91,27,5393002,5893426,10388418560,38041505792
2025-05-14 06:59:15,44.443,4.394,0,204800,309.40,30555.75,31835.91,27,5393212,5893637,10388418560,38041604096
2025-05-14 06:59:15,45.025,4.322,0,98304,289.50,30555.75,31835.91,27,5393416,5893842,10388418560,38041669632
2025-05-14 06:59:15,44.755,4.566,0,86016,349.40,30555.75,31835.91,27,5393646,5894080,10388418560,38041903104
2025-05-14 06:59:15,45.004,4.509,0,212992,269.60,30555.75,31835.91,27,5393850,5894285,10388418560,38041968640
2025-05-14 06:59:15,44.493,4.401,0,0,309.50,30555.75,31835.91,27,5394052,5894487,10388418560,38041968640
2025-05-14 06:59:16,45.010,4.414,0,106496,359.40,30555.75,31835.91,27,5394478,5895077,10388418560,38045278208
2025-05-14 06:59:16,44.588,4.655,0,3362816,249.60,30555.75,31835.91,27,5394700,5895306,10388418560,38045597696
2025-05-14 06:59:16,44.652,4.438,0,159744,329.40,30555.75,31835.91,27,5394904,5895511,10388418560,38045605888
2025-05-14 06:59:16,44.356,4.407,0,73728,299.40,30555.75,31835.91,27,5395107,5895715,10388418560,38045671424
2025-05-14 06:59:16,44.182,4.276,0,73728,279.50,30555.75,31835.91,27,5395314,5895924,10388418560,38045745152
2025-05-14 06:59:17,44.296,4.320,0,28672,319.40,30555.75,31835.91,27,5395531,5896146,10388418560,38045855744
2025-05-14 06:59:17,44.393,4.372,0,155648,359.40,30555.75,31835.91,27,5395765,5896391,10388418560,38046146560
2025-05-14 06:59:17,45.809,4.507,0,425984,289.50,30555.75,31835.91,27,5395990,5896624,10388418560,38046420992
2025-05-14 06:59:17,44.430,4.326,0,65536,289.50,30555.75,31835.91,27,5396191,5896825,10388418560,38046420992
2025-05-14 06:59:17,44.723,4.344,0,172032,359.40,30555.75,31835.91,27,5396403,5897042,10388418560,38046658560
2025-05-14 06:59:18,43.651,4.618,0,122880,309.50,30555.75,31835.91,27,5396611,5897252,10388418560,38046781440
2025-05-14 06:59:18,44.418,4.406,0,65536,319.40,30555.75,31835.91,27,5396814,5897458,10388418560,38046896128
2025-05-14 06:59:18,44.496,4.451,0,253952,349.40,30555.75,31835.91,27,5397045,5897695,10388418560,38047178752
2025-05-14 06:59:18,44.514,4.603,0,258048,299.50,30555.75,31835.91,27,5397268,5897924,10388418560,38047371264
2025-05-14 06:59:18,44.158,4.374,0,143360,249.60,30555.75,31835.91,27,5397472,5898129,10388418560,38047436800
2025-05-14 06:59:19,44.180,4.376,0,180224,289.40,30555.75,31835.91,27,5397685,5898346,10388418560,38047748096
2025-05-14 06:59:19,44.273,4.388,0,131072,319.50,30555.75,31835.91,27,5397892,5898555,10388418560,38047817728
2025-05-14 06:59:19,46.858,4.708,0,114688,299.50,30555.75,31835.91,27,5398095,5898760,10388418560,38047928320
2025-05-14 06:59:19,46.663,4.645,0,200704,239.50,30555.75,31835.91,27,5398303,5898971,10388418560,38048063488
2025-05-14 06:59:19,47.823,4.585,0,0,369.30,30555.75,31835.91,27,5398515,5899188,10388418560,38048206848
2025-05-14 06:59:20,45.847,4.796,0,143360,289.40,30555.75,31835.91,27,5398728,5899401,10388418560,38048206848
2025-05-14 06:59:20,44.796,4.629,0,0,329.30,30555.75,31835.91,27,5398929,5899602,10388418560,38048206848
2025-05-14 06:59:20,45.841,4.632,0,0,419.20,30555.75,31835.91,27,5399334,5900055,10388418560,38050672640
2025-05-14 06:59:20,45.707,4.637,0,2465792,339.40,30555.75,31835.91,27,5399527,5900248,10388418560,38050672640
2025-05-14 06:59:20,45.921,4.498,0,0,349.40,30555.75,31835.91,27,5399728,5900449,10388418560,38050672640
2025-05-14 06:59:21,45.960,4.635,0,0,319.50,30555.75,31835.91,27,5399934,5900659,10388418560,38050795520
2025-05-14 06:59:21,45.648,4.773,0,282624,339.60,30555.75,31835.91,27,5400144,5900873,10388418560,38050955264
2025-05-14 06:59:21,45.470,4.818,0,0,359.40,30555.75,31835.91,27,5400354,5901086,10388418560,38051094528
2025-05-14 06:59:21,46.694,4.786,0,442368,429.30,30555.75,31835.91,27,5400604,5901351,10388418560,38051655680
2025-05-14 06:59:21,47.075,4.776,0,434176,379.40,30555.75,31835.91,27,5400819,5901570,10388418560,38051831808
2025-05-14 06:59:22,46.095,4.951,0,212992,429.20,30555.75,31835.91,27,5401037,5901795,10388418560,38052122624
2025-05-14 06:59:22,47.060,5.065,0,270336,399.40,30555.75,31835.91,27,5401262,5902030,10388418560,38052499456
2025-05-14 06:59:22,48.405,5.126,0,573440,529.00,30555.75,31835.91,27,5401529,5902319,10388418560,38053109760
2025-05-14 06:59:22,48.799,4.972,0,425984,618.90,30555.75,31835.91,27,5401761,5902562,10388418560,38053515264
2025-05-14 06:59:22,50.261,4.946,0,303104,499.10,30555.75,31835.91,27,5401971,5902775,10388418560,38053617664
2025-05-14 06:59:23,46.531,4.535,0,0,139.80,30555.75,31835.91,27,5402173,5902977,10388418560,38053617664
2025-05-14 06:59:23,42.721,3.982,0,0,59.90,30555.75,31835.91,27,5402374,5903178,10388418560,38053617664
2025-05-14 06:59:23,39.232,3.727,0,0,49.90,30555.75,31835.91,27,5402575,5903379,10388418560,38053617664
2025-05-14 06:59:23,38.509,3.746,0,0,59.90,30555.75,31835.91,27,5402775,5903579,10388418560,38053617664
2025-05-14 06:59:23,40.085,3.797,0,0,49.90,30555.75,31835.91,27,5402976,5903780,10388418560,38053617664
2025-05-14 06:59:24,38.602,3.783,0,0,139.70,30555.75,31835.91,27,5403174,5903978,10388418560,38053617664
2025-05-14 06:59:24,38.807,3.808,0,0,59.90,30555.75,31835.91,27,5403375,5904179,10388418560,38053617664
2025-05-14 06:59:24,39.501,3.884,0,0,99.80,30555.75,31835.91,27,5403576,5904380,10388418560,38053617664
2025-05-14 06:59:24,41.252,3.859,0,0,59.90,30555.75,31835.91,27,5403776,5904580,10388418560,38053617664
2025-05-14 06:59:24,38.730,3.777,0,0,249.60,30555.75,31835.91,27,5403977,5904781,10388418560,38053617664
2025-05-14 06:59:25,44.027,4.549,0,2064384,279.50,30555.75,31835.91,27,5404488,5905340,10388418560,38057058304
2025-05-14 06:59:25,45.537,4.375,0,1429504,379.30,30555.75,31835.91,27,5404710,5905569,10388418560,38057275392
2025-05-14 06:59:25,45.597,4.585,0,163840,309.40,30555.75,31835.91,27,5404912,5905771,10388418560,38057275392
2025-05-14 06:59:25,45.666,4.575,0,155648,259.50,30555.75,31835.91,27,5405142,5906011,10388418560,38057512960
2025-05-14 06:59:26,43.034,4.142,0,81920,79.90,30555.75,31835.91,27,5405343,5906212,10388418560,38057512960
2025-05-14 06:59:26,44.038,4.364,0,0,259.50,30555.75,31835.91,27,5405543,5906412,10388418560,38057512960
2025-05-14 06:59:26,42.867,4.096,0,0,59.90,30555.75,31835.91,27,5405744,5906613,10388418560,38057512960
2025-05-14 06:59:26,40.874,3.883,4096,0,169.70,30555.75,31835.91,27,5405971,5906841,10388430848,38057656320
2025-05-14 06:59:26,44.584,4.325,61440,225280,259.50,30555.75,31835.91,27,5406232,5907105,10388508672,38057873408
2025-05-14 06:59:27,43.859,4.229,24576,229376,49.90,30555.75,31835.91,27,5406447,5907325,10388508672,38057967616
2025-05-14 06:59:27,37.880,3.703,0,0,99.80,30555.75,31835.91,27,5406648,5907526,10388508672,38057967616
2025-05-14 06:59:27,41.555,3.887,0,73728,59.90,30555.75,31835.91,27,5406858,5907739,10388508672,38058041344
2025-05-14 06:59:27,38.500,3.699,0,0,89.90,30555.75,31835.91,27,5407068,5907952,10388508672,38058188800
2025-05-14 06:59:27,39.509,3.853,0,147456,79.90,30555.75,31835.91,27,5407270,5908154,10388508672,38058188800
2025-05-14 06:59:28,42.975,4.027,61440,0,129.80,30555.75,31835.91,27,5407477,5908359,10388570112,38058188800
2025-05-14 06:59:28,43.138,4.213,40960,61440,109.80,30555.75,31835.91,27,5407730,5908609,10388611072,38058385408
2025-05-14 06:59:28,39.968,3.935,0,135168,69.90,30555.75,31835.91,27,5407931,5908810,10388611072,38058385408
2025-05-14 06:59:28,38.287,3.663,0,0,59.90,30555.75,31835.91,27,5408144,5909027,10388611072,38058409984
2025-05-14 06:59:28,40.207,3.713,0,24576,39.90,30555.75,31835.91,27,5408344,5909227,10388611072,38058409984
2025-05-14 06:59:29,43.541,3.763,0,0,59.90,30555.75,31835.91,27,5408545,5909428,10388611072,38058409984
2025-05-14 06:59:29,38.871,3.698,0,0,79.80,30555.75,31835.91,27,5408747,5909630,10388611072,38058409984
2025-05-14 06:59:29,37.478,3.734,0,0,59.90,30555.75,31835.91,27,5408948,5909831,10388611072,38058409984
2025-05-14 06:59:29,39.576,3.746,0,0,69.90,30555.75,31835.91,27,5409149,5910032,10388611072,38058409984
2025-05-14 06:59:29,40.227,3.804,0,0,99.80,30555.75,31835.91,27,5409365,5910260,10388611072,38058450944
2025-05-14 06:59:30,40.719,3.821,0,2113536,79.90,30555.75,31835.91,27,5409753,5910687,10388611072,38060523520
2025-05-14 06:59:30,37.847,3.772,0,0,219.60,30555.75,31835.91,27,5409966,5910904,10388611072,38060638208
2025-05-14 06:59:30,43.578,4.138,0,114688,149.70,30555.75,31835.91,27,5410171,5911109,10388611072,38060638208
2025-05-14 06:59:30,41.828,3.994,0,0,59.90,30555.75,31835.91,27,5410372,5911310,10388611072,38060638208
2025-05-14 06:59:30,40.178,3.782,0,0,89.80,30555.75,31835.91,27,5410573,5911511,10388611072,38060638208
2025-05-14 06:59:31,44.565,4.079,0,0,259.50,30555.75,31835.91,27,5410774,5911712,10388611072,38060638208
2025-05-14 06:59:31,43.228,4.231,0,151552,69.90,30555.75,31835.91,27,5411003,5911950,10388611072,38060855296
2025-05-14 06:59:31,38.694,3.778,0,65536,109.80,30555.75,31835.91,27,5411203,5912150,10388611072,38060855296
2025-05-14 06:59:31,41.275,4.137,0,0,79.90,30555.75,31835.91,27,5411404,5912351,10388611072,38060855296
2025-05-14 06:59:31,41.028,3.912,0,0,59.90,30555.75,31835.91,27,5411604,5912551,10388611072,38060855296
2025-05-14 06:59:32,44.138,3.827,0,0,59.90,30555.75,31835.91,27,5411805,5912752,10388611072,38060855296
2025-05-14 06:59:32,41.105,3.751,0,0,59.90,30555.75,31835.91,27,5412006,5912953,10388611072,38060855296
2025-05-14 06:59:32,38.047,3.719,0,0,79.90,30555.75,31835.91,27,5412207,5913154,10388611072,38060855296
2025-05-14 06:59:32,41.818,3.927,0,122880,69.90,30555.75,31835.91,27,5412440,5913398,10388611072,38060986368
2025-05-14 06:59:32,41.793,3.999,0,49152,239.50,30555.75,31835.91,27,5412683,5913657,10388611072,38061268992
2025-05-14 06:59:33,47.138,4.941,0,786432,479.00,30555.75,31835.91,27,5413020,5914038,10388611072,38061936640
2025-05-14 06:59:33,47.288,4.746,0,196608,329.40,30555.75,31835.91,27,5413231,5914254,10388611072,38062075904
2025-05-14 06:59:33,45.085,4.730,0,65536,329.40,30555.75,31835.91,27,5413432,5914455,10388611072,38062075904
2025-05-14 06:59:33,44.265,4.092,0,0,159.70,30555.75,31835.91,27,5413633,5914656,10388611072,38062075904
2025-05-14 06:59:33,43.494,4.003,0,0,59.90,30555.75,31835.91,27,5413834,5914857,10388611072,38062075904
2025-05-14 06:59:34,46.459,4.046,0,0,339.30,30555.75,31835.91,27,5414024,5915047,10388611072,38062075904
2025-05-14 06:59:34,47.238,4.919,0,0,389.20,30555.75,31835.91,27,5414228,5915254,10388611072,38062092288
2025-05-14 06:59:34,46.144,4.820,0,16384,129.80,30555.75,31835.91,27,5414429,5915455,10388611072,38062092288
2025-05-14 06:59:34,42.154,4.609,0,0,119.80,30555.75,31835.91,27,5414630,5915656,10388611072,38062092288
2025-05-14 06:59:34,42.726,4.116,135168,0,49.90,30555.75,31835.91,27,5414835,5915859,10388746240,38062092288
2025-05-14 06:59:35,46.571,4.191,24576,0,239.50,30555.75,31835.91,27,5415049,5916064,10388770816,38062092288
2025-05-14 06:59:35,45.640,4.595,0,0,399.30,30555.75,31835.91,27,5415248,5916263,10388770816,38062092288
2025-05-14 06:59:35,45.420,4.774,0,0,259.60,30555.75,31835.91,27,5415450,5916465,10388770816,38062092288
2025-05-14 06:59:35,44.599,4.585,0,0,309.40,30555.75,31835.91,27,5415651,5916666,10388770816,38062092288
2025-05-14 06:59:35,45.056,4.495,0,0,279.40,30555.75,31835.91,27,5415854,5916869,10388770816,38062092288
2025-05-14 06:59:36,44.535,4.378,0,0,289.50,30555.75,31835.91,27,5416055,5917070,10388770816,38062092288
2025-05-14 06:59:36,44.946,4.521,0,0,269.50,30555.75,31835.91,27,5416260,5917275,10388770816,38062092288
2025-05-14 06:59:36,44.305,4.450,0,0,279.40,30555.75,31835.91,27,5416461,5917476,10388770816,38062092288
2025-05-14 06:59:36,45.190,4.585,0,2088960,389.20,30555.75,31835.91,27,5416898,5918144,10388770816,38065790976
2025-05-14 06:59:36,45.651,4.648,4096,1740800,279.50,30555.75,31835.91,27,5417115,5918359,10388779008,38065922048
2025-05-14 06:59:37,44.645,4.552,20480,0,289.40,30555.75,31835.91,27,5417328,5918568,10388803584,38065922048
2025-05-14 06:59:37,45.015,4.473,8192,0,249.60,30555.75,31835.91,27,5417529,5918769,10388803584,38065922048
2025-05-14 06:59:37,43.633,4.276,0,0,279.50,30555.75,31835.91,27,5417731,5918971,10388803584,38065922048
2025-05-14 06:59:37,43.368,4.325,0,0,269.60,30555.75,31835.91,27,5417928,5919168,10388803584,38065922048
2025-05-14 06:59:37,43.283,4.376,0,0,299.50,30555.75,31835.91,27,5418131,5919371,10388803584,38065922048
2025-05-14 06:59:38,45.048,4.338,0,0,239.60,30555.75,31835.91,27,5418332,5919572,10388803584,38065922048
2025-05-14 06:59:38,43.870,4.327,0,0,239.60,30555.75,31835.91,27,5418533,5919773,10388803584,38065922048
2025-05-14 06:59:38,43.737,4.339,0,0,269.60,30555.75,31835.91,27,5418734,5919974,10388803584,38065922048
2025-05-14 06:59:38,44.183,4.355,0,0,259.50,30555.75,31835.91,27,5418938,5920178,10388803584,38065922048
2025-05-14 06:59:38,44.165,4.430,0,0,259.30,30555.75,31835.91,27,5419140,5920380,10388803584,38065922048
2025-05-14 06:59:39,43.991,4.402,0,0,289.50,30555.75,31835.91,27,5419341,5920581,10388803584,38065922048
2025-05-14 06:59:39,44.236,4.336,0,0,269.60,30555.75,31835.91,27,5419546,5920787,10388803584,38065926144
2025-05-14 06:59:39,45.402,4.268,0,4096,229.60,30555.75,31835.91,27,5419747,5920988,10388803584,38065926144
2025-05-14 06:59:39,43.614,4.204,0,0,299.50,30555.75,31835.91,27,5419949,5921190,10388803584,38065926144
2025-05-14 06:59:39,44.359,4.418,0,0,259.50,30555.75,31835.91,27,5420162,5921407,10388803584,38066012160
2025-05-14 06:59:40,43.986,4.371,0,86016,269.60,30555.75,31835.91,27,5420362,5921607,10388803584,38066012160
2025-05-14 06:59:40,44.212,4.491,4096,0,279.60,30555.75,31835.91,27,5420557,5921800,10388807680,38066012160
2025-05-14 06:59:40,44.524,4.462,0,24576,309.50,30555.75,31835.91,27,5420776,5922022,10388807680,38066102272
2025-05-14 06:59:40,45.047,4.522,4096,65536,259.60,30555.75,31835.91,27,5420987,5922235,10388811776,38066114560
2025-05-14 06:59:40,44.973,4.950,4096,1683456,329.50,30555.75,31835.91,27,5421267,5922617,10388815872,38067884032
2025-05-14 06:59:41,45.786,4.834,4096,122880,309.50,30555.75,31835.91,27,5421498,5922846,10388824064,38068039680
2025-05-14 06:59:41,44.765,4.661,4096,131072,249.60,30555.75,31835.91,27,5421699,5923047,10388824064,38068039680
2025-05-14 06:59:41,44.009,4.435,0,0,319.40,30555.75,31835.91,27,5421910,5923261,10388824064,38068097024
2025-05-14 06:59:41,45.085,4.680,0,155648,269.60,30555.75,31835.91,27,5422129,5923486,10388824064,38068260864
2025-05-14 06:59:41,44.111,4.647,0,65536,249.60,30555.75,31835.91,27,5422330,5923687,10388824064,38068260864
2025-05-14 06:59:42,43.921,4.542,0,188416,299.50,30555.75,31835.91,27,5422584,5923946,10388828160,38068539392
2025-05-14 06:59:42,44.393,4.747,4096,159744,289.50,30555.75,31835.91,27,5422823,5924195,10388836352,38068699136
2025-05-14 06:59:42,44.562,4.788,12288,364544,309.50,30555.75,31835.91,27,5423097,5924479,10388881408,38069039104
2025-05-14 06:59:42,44.102,4.611,40960,65536,269.50,30555.75,31835.91,27,5423297,5924679,10388881408,38069039104
2025-05-14 06:59:42,44.196,4.425,0,0,289.40,30555.75,31835.91,27,5423498,5924880,10388881408,38069039104
2025-05-14 06:59:43,43.755,4.517,0,0,329.40,30555.75,31835.91,27,5423705,5925089,10388881408,38069055488
2025-05-14 06:59:43,45.845,4.639,0,122880,309.50,30555.75,31835.91,27,5423927,5925316,10388881408,38069198848
2025-05-14 06:59:43,43.947,4.588,0,102400,239.60,30555.75,31835.91,27,5424135,5925528,10388881408,38069309440
2025-05-14 06:59:43,44.660,4.204,0,147456,149.70,30555.75,31835.91,27,5424360,5925761,10388881408,38069555200
2025-05-14 06:59:43,42.542,3.922,0,249856,139.80,30555.75,31835.91,27,5424579,5925986,10388881408,38069772288
2025-05-14 06:59:44,41.767,3.845,0,212992,139.70,30555.75,31835.91,27,5424801,5926215,10388881408,38070018048
2025-05-14 06:59:44,42.365,4.086,0,434176,329.40,30555.75,31835.91,27,5425149,5926603,10388897792,38070792192
2025-05-14 06:59:44,47.020,4.933,57344,712704,628.90,30555.75,31835.91,27,5425459,5926939,10388938752,38071500800
2025-05-14 06:59:44,48.965,5.232,0,937984,588.80,30555.75,31835.91,27,5425834,5927380,10388942848,38072451072
2025-05-14 06:59:44,47.707,5.314,4096,770048,449.20,30555.75,31835.91,27,5426576,5928194,10388942848,38077108224
2025-05-14 06:59:45,46.001,4.899,0,4567040,399.30,30555.75,31835.91,27,5426844,5928482,10388942848,38077423616
2025-05-14 06:59:45,45.313,4.611,0,192512,349.70,30555.75,31835.91,27,5427047,5928686,10388942848,38077489152
2025-05-14 06:59:45,44.258,4.482,0,81920,359.40,30555.75,31835.91,27,5427266,5928911,10388942848,38077657088
2025-05-14 06:59:45,44.300,4.682,0,86016,339.40,30555.75,31835.91,27,5427474,5929121,10388942848,38077669376
2025-05-14 06:59:45,44.993,4.802,0,110592,419.30,30555.75,31835.91,27,5427708,5929365,10388942848,38077784064
2025-05-14 06:59:46,45.528,4.837,0,106496,359.40,30555.75,31835.91,27,5427925,5929586,10388942848,38077939712
2025-05-14 06:59:46,45.612,4.878,0,204800,369.40,30555.75,31835.91,27,5428156,5929829,10388942848,38078160896
2025-05-14 06:59:46,44.824,4.762,0,167936,399.40,30555.75,31835.91,27,5428394,5930082,10388942848,38078402560
2025-05-14 06:59:46,46.145,4.930,0,270336,379.40,30555.75,31835.91,27,5428622,5930324,10388942848,38078636032
2025-05-14 06:59:46,45.662,4.897,0,208896,359.40,30555.75,31835.91,27,5428832,5930540,10388942848,38078791680
2025-05-14 06:59:47,45.750,4.596,0,139264,419.20,30555.80,31835.91,27,5429049,5930764,10388942848,38078951424
2025-05-14 06:59:47,46.487,4.736,0,204800,369.30,30555.80,31835.91,27,5429248,5930967,10388942848,38079070208
2025-05-14 06:59:47,45.705,4.764,0,0,369.40,30555.80,31835.91,27,5429463,5931187,10388942848,38079193088
2025-05-14 06:59:47,45.470,4.723,0,204800,349.30,30555.80,31835.91,27,5429665,5931394,10388942848,38079344640
2025-05-14 06:59:47,46.441,4.874,0,69632,369.30,30555.80,31835.91,27,5429861,5931593,10388942848,38079414272
2025-05-14 06:59:48,46.147,5.186,0,77824,539.00,30555.80,31835.91,27,5430128,5931878,10388946944,38079664128
2025-05-14 06:59:48,47.747,5.252,4096,372736,509.00,30555.80,31835.91,27,5430388,5932160,10388946944,38079987712
2025-05-14 06:59:48,48.056,4.989,0,360448,389.40,30555.80,31835.91,27,5430652,5932444,10388946944,38080274432
2025-05-14 06:59:48,44.031,4.681,0,229376,319.50,30555.80,31835.91,27,5430863,5932665,10388946944,38080466944
2025-05-14 06:59:48,46.899,4.604,0,196608,339.40,30555.80,31835.91,27,5431118,5932937,10388946944,38080786432
2025-05-14 06:59:49,46.690,4.995,0,4222976,329.40,30555.80,31835.91,27,5431800,5933745,10388946944,38084911104
2025-05-14 06:59:49,46.020,4.662,0,192512,389.30,30555.80,31835.91,27,5432018,5933967,10388946944,38084997120
2025-05-14 06:59:49,46.054,4.593,0,16384,429.30,30555.80,31835.91,27,5432231,5934183,10388946944,38085013504
2025-05-14 06:59:49,47.749,4.853,0,90112,329.40,30555.80,31835.91,27,5432428,5934384,10388946944,38085103616
2025-05-14 06:59:49,48.276,4.219,0,323584,539.00,30555.80,31835.91,27,5432703,5934684,10388946944,38085668864
2025-05-14 06:59:50,46.219,4.266,0,241664,169.70,30555.80,31835.91,27,5432913,5934897,10388946944,38085742592
2025-05-14 06:59:50,42.693,3.907,0,73728,149.70,30555.80,31835.91,27,5433114,5935098,10388946944,38085742592
2025-05-14 06:59:50,42.284,4.138,0,0,159.70,30555.80,31835.91,27,5433315,5935299,10388946944,38085742592
2025-05-14 06:59:50,44.021,4.246,0,0,229.60,30555.80,31835.91,27,5433513,5935497,10388946944,38085742592
2025-05-14 06:59:50,46.464,4.554,0,98304,309.60,30555.80,31835.91,27,5433740,5935732,10388946944,38085922816
2025-05-14 06:59:51,46.328,4.511,0,253952,189.70,30555.80,31835.91,27,5433959,5935957,10388946944,38086164480
2025-05-14 06:59:51,44.314,4.159,0,69632,279.50,30555.80,31835.91,27,5434174,5936178,10388946944,38086311936
2025-05-14 06:59:51,43.657,4.247,0,221184,59.90,30555.80,31835.91,27,5434390,5936399,10388946944,38086463488
2025-05-14 06:59:51,39.899,3.884,0,77824,129.80,30555.80,31835.91,27,5434595,5936604,10388946944,38086463488
2025-05-14 06:59:51,43.768,4.194,0,0,289.50,30555.80,31835.91,27,5434805,5936817,10388946944,38086553600
2025-05-14 06:59:52,46.229,4.639,0,163840,249.50,30555.80,31835.91,27,5435018,5937034,10388946944,38086758400
2025-05-14 06:59:52,46.282,4.672,0,131072,269.60,30555.80,31835.91,27,5435225,5937243,10388946944,38086832128
2025-05-14 06:59:52,45.573,4.881,0,73728,189.70,30555.80,31835.91,27,5435413,5937431,10388946944,38086832128
2025-05-14 06:59:52,41.535,4.070,0,20480,49.90,30555.80,31835.91,27,5435624,5937647,10388946944,38086922240
2025-05-14 06:59:52,44.169,3.795,0,69632,69.90,30555.80,31835.91,27,5435826,5937849,10388946944,38086922240
2025-05-14 06:59:53,37.769,3.776,0,0,59.80,30555.80,31835.91,27,5436027,5938050,10388946944,38086922240
2025-05-14 06:59:53,39.505,3.819,0,0,59.90,30555.80,31835.91,27,5436225,5938248,10388946944,38086922240
2025-05-14 06:59:53,38.259,3.758,0,0,49.90,30555.80,31835.91,27,5436427,5938450,10388946944,38086922240
2025-05-14 06:59:53,39.222,3.735,0,0,39.90,30555.80,31835.91,27,5436628,5938651,10388946944,38086922240
2025-05-14 06:59:53,40.229,3.857,0,3244032,49.90,30555.80,31835.91,27,5437024,5939303,10388946944,38090166272
2025-05-14 06:59:54,37.728,3.682,0,0,159.70,30555.80,31835.91,27,5437225,5939504,10388946944,38090166272
2025-05-14 06:59:54,38.534,4.176,0,0,139.80,30555.80,31835.91,27,5437427,5939706,10388946944,38090166272
2025-05-14 06:59:54,39.644,3.961,0,0,99.80,30555.80,31835.91,27,5437628,5939907,10388946944,38090166272
2025-05-14 06:59:54,37.514,3.795,0,4096,99.80,30555.80,31835.91,27,5437824,5940104,10388946944,38090170368
2025-05-14 06:59:54,44.931,4.078,0,0,169.70,30555.80,31835.91,27,5438026,5940306,10388946944,38090170368
2025-05-14 06:59:55,41.416,4.049,0,0,59.90,30555.80,31835.91,27,5438227,5940507,10388946944,38090170368
2025-05-14 06:59:55,38.169,3.756,0,0,49.90,30555.80,31835.91,27,5438428,5940708,10388946944,38090170368
2025-05-14 06:59:55,38.039,3.697,0,0,89.80,30555.80,31835.91,27,5438629,5940909,10388946944,38090170368
2025-05-14 06:59:55,38.867,3.712,0,0,59.90,30555.80,31835.91,27,5438830,5941110,10388946944,38090170368
2025-05-14 06:59:55,43.571,3.782,0,0,69.90,30555.80,31835.91,27,5439031,5941311,10388946944,38090170368
2025-05-14 06:59:56,41.651,3.910,0,0,249.60,30555.80,31835.91,27,5439241,5941522,10388946944,38090268672
2025-05-14 06:59:56,40.931,3.956,0,98304,49.90,30555.80,31835.91,27,5439442,5941723,10388946944,38090268672
2025-05-14 06:59:56,38.196,3.703,0,0,289.50,30555.80,31835.91,27,5439643,5941924,10388946944,38090268672
2025-05-14 06:59:56,45.237,4.436,0,0,319.40,30555.80,31835.91,27,5439844,5942125,10388946944,38090268672
2025-05-14 06:59:56,41.085,4.026,0,0,99.80,30555.80,31835.91,27,5440045,5942326,10388946944,38090268672
2025-05-14 06:59:57,38.884,3.719,0,0,189.60,30555.80,31835.91,27,5440245,5942526,10388946944,38090268672
2025-05-14 06:59:57,43.239,3.946,0,0,69.90,30555.80,31835.91,27,5440446,5942727,10388946944,38090268672
2025-05-14 06:59:57,38.156,3.789,0,0,209.60,30555.80,31835.91,27,5440648,5942929,10388946944,38090268672
2025-05-14 06:59:57,45.020,4.295,0,0,229.60,30555.80,31835.91,27,5440852,5943133,10388946944,38090268672
2025-05-14 06:59:58,46.739,4.227,0,0,49.90,30555.80,31835.91,27,5441056,5943336,10388946944,38090268672
2025-05-14 06:59:58,41.533,3.718,0,0,49.90,30555.80,31835.91,27,5441258,5943538,10388946944,38090268672
2025-05-14 06:59:58,38.981,3.790,0,0,109.80,30555.80,31835.91,27,5441459,5943739,10388946944,38090268672
2025-05-14 06:59:58,41.067,3.885,0,0,59.90,30555.80,31835.91,27,5441659,5943939,10388946944,38090268672
2025-05-14 06:59:58,40.597,3.691,0,0,59.90,30555.80,31835.91,27,5441862,5944142,10388946944,38090268672
2025-05-14 06:59:59,40.536,3.732,0,0,59.90,30555.80,31835.91,27,5442063,5944343,10388946944,38090268672
2025-05-14 06:59:59,37.490,3.779,0,0,59.90,30555.80,31835.91,27,5442264,5944544,10388946944,38090268672
2025-05-14 06:59:59,37.930,3.780,0,0,59.90,30555.80,31835.91,27,5442466,5944746,10388946944,38090268672
2025-05-14 06:59:59,40.200,3.810,0,0,139.80,30555.80,31835.91,27,5442664,5944944,10388946944,38090268672
2025-05-14 06:59:59,43.098,3.861,0,8192,49.90,30555.80,31835.91,27,5442871,5945153,10388946944,38090276864
2025-05-14 07:00:00,41.968,3.741,0,0,59.90,30555.80,31835.91,27,5443072,5945354,10388946944,38090276864
2025-05-14 07:00:00,38.551,3.707,0,0,59.90,30555.80,31835.91,27,5443276,5945558,10388946944,38090276864
2025-05-14 07:00:00,38.447,3.711,0,0,49.90,30555.80,31835.91,27,5443477,5945759,10388946944,38090276864
2025-05-14 07:00:00,38.260,3.697,0,0,79.80,30555.80,31835.91,27,5443875,5946223,10388946944,38092275712
2025-05-14 07:00:00,39.830,3.764,0,1998848,49.90,30555.80,31835.91,27,5444076,5946424,10388946944,38092275712
2025-05-14 07:00:01,38.011,3.680,0,0,59.90,30555.80,31835.91,27,5444278,5946626,10388946944,38092275712
2025-05-14 07:00:01,38.060,3.707,0,0,49.90,30555.80,31835.91,27,5444479,5946827,10388946944,38092275712
2025-05-14 07:00:01,41.197,3.737,0,0,59.90,30555.80,31835.91,27,5444680,5947028,10388946944,38092275712
2025-05-14 07:00:01,40.204,3.742,0,0,119.80,30555.80,31835.91,27,5444882,5947230,10388946944,38092275712
2025-05-14 07:00:01,42.377,3.980,0,0,69.90,30555.80,31835.91,27,5445082,5947430,10388946944,38092275712
2025-05-14 07:00:02,41.904,3.950,0,0,89.80,30555.80,31835.91,27,5445284,5947632,10388946944,38092275712
2025-05-14 07:00:02,40.660,3.813,0,155648,109.80,30555.80,31835.91,27,5445551,5947891,10388946944,38092431360
2025-05-14 07:00:02,40.379,3.918,0,1191936,139.70,30555.80,31835.91,27,5445769,5948119,10388946944,38093623296
2025-05-14 07:00:02,40.787,3.843,0,0,49.90,30555.80,31835.91,27,5445970,5948320,10388946944,38093623296
2025-05-14 07:00:02,41.531,3.868,0,0,49.90,30555.80,31835.91,27,5446169,5948519,10388946944,38093623296
2025-05-14 07:00:03,40.057,3.972,0,0,159.70,30555.80,31835.91,27,5446370,5948720,10388946944,38093623296
2025-05-14 07:00:03,42.760,4.133,0,0,149.70,30555.80,31835.91,27,5446572,5948922,10388946944,38093623296
2025-05-14 07:00:03,42.698,3.991,0,0,179.70,30555.80,31835.91,27,5446773,5949123,10388946944,38093623296
2025-05-14 07:00:03,41.816,3.772,0,0,169.60,30555.80,31835.91,27,5446974,5949324,10388946944,38093623296
2025-05-14 07:00:03,43.133,3.854,0,0,139.80,30555.80,31835.91,27,5447173,5949523,10388946944,38093623296
2025-05-14 07:00:04,43.456,3.979,0,0,79.90,30555.80,31835.91,27,5447375,5949725,10388946944,38093623296
2025-05-14 07:00:04,38.193,3.823,0,0,69.90,30555.80,31835.91,27,5447576,5949926,10388946944,38093623296
2025-05-14 07:00:04,38.485,3.771,0,0,69.90,30555.80,31835.91,27,5447777,5950127,10388946944,38093623296
2025-05-14 07:00:04,37.285,3.728,0,0,59.90,30555.80,31835.91,27,5447983,5950335,10388946944,38093631488
2025-05-14 07:00:04,41.931,3.757,0,8192,119.80,30555.80,31835.91,27,5448182,5950534,10388946944,38093631488
2025-05-14 07:00:05,42.983,3.859,0,0,179.70,30555.80,31835.91,27,5448383,5950735,10388946944,38093631488
2025-05-14 07:00:05,42.118,3.797,0,4096,69.90,30555.80,31835.91,27,5448587,5950940,10388946944,38093635584
2025-05-14 07:00:05,39.382,3.750,0,0,59.90,30555.80,31835.91,27,5448788,5951141,10388946944,38093635584
2025-05-14 07:00:05,41.417,3.945,0,0,199.60,30555.80,31835.91,27,5448985,5951338,10388946944,38093635584
2025-05-14 07:00:05,43.479,3.870,0,0,59.90,30555.80,31835.91,27,5449183,5951536,10388946944,38093635584
2025-05-14 07:00:06,39.589,3.789,0,0,59.90,30555.80,31835.91,27,5449384,5951737,10388946944,38093635584
2025-05-14 07:00:06,38.116,3.744,0,0,59.90,30555.80,31835.91,27,5449585,5951938,10388946944,38093635584
2025-05-14 07:00:06,39.256,3.826,0,0,89.80,30555.80,31835.91,27,5449869,5952243,10388946944,38095122432
2025-05-14 07:00:06,38.446,3.749,0,1486848,49.90,30555.80,31835.91,27,5450069,5952443,10388946944,38095122432
2025-05-14 07:00:06,41.410,3.763,0,0,79.90,30555.80,31835.91,27,5450270,5952644,10388946944,38095122432
2025-05-14 07:00:07,40.879,3.801,0,0,49.90,30555.80,31835.91,27,5450471,5952845,10388946944,38095122432
2025-05-14 07:00:07,40.706,3.746,0,0,49.90,30555.80,31835.91,27,5450673,5953047,10388946944,38095122432
2025-05-14 07:00:07,38.925,3.750,0,0,59.90,30555.80,31835.91,27,5450874,5953248,10388946944,38095122432
2025-05-14 07:00:07,37.345,3.696,0,0,69.90,30555.80,31835.91,27,5451075,5953449,10388946944,38095122432
2025-05-14 07:00:07,38.013,3.693,0,0,39.90,30555.80,31835.91,27,5451276,5953650,10388946944,38095122432
2025-05-14 07:00:08,39.862,3.721,0,0,159.70,30555.80,31835.91,27,5451477,5953851,10388946944,38095122432
2025-05-14 07:00:08,42.758,4.161,0,0,149.70,30555.80,31835.91,27,5451679,5954053,10388946944,38095122432
2025-05-14 07:00:08,43.732,4.289,0,0,129.80,30555.80,31835.91,27,5451873,5954247,10388946944,38095122432
2025-05-14 07:00:08,44.056,4.329,0,0,179.70,30555.80,31835.91,27,5452079,5954455,10388946944,38095130624
2025-05-14 07:00:08,44.102,3.937,0,8192,49.90,30555.80,31835.91,27,5452280,5954656,10388946944,38095130624
2025-05-14 07:00:09,42.515,3.954,36864,151552,339.40,30555.80,31835.91,27,5452522,5954904,10388983808,38095454208
2025-05-14 07:00:09,46.992,4.889,0,1146880,489.10,30555.80,31835.91,27,5452870,5955303,10388983808,38097068032
2025-05-14 07:00:09,47.683,4.963,0,823296,429.30,30555.80,31835.91,27,5453099,5955541,10388983808,38097403904
2025-05-14 07:00:09,45.951,4.664,0,262144,339.50,30555.80,31835.91,27,5453316,5955764,10388983808,38097649664
2025-05-14 07:00:09,44.682,4.677,0,274432,349.40,30555.80,31835.91,27,5453533,5955987,10388983808,38097788928
2025-05-14 07:00:10,44.728,4.740,0,0,479.20,30555.80,31835.91,27,5453758,5956220,10388983808,38098071552
2025-05-14 07:00:10,47.078,4.955,0,499712,569.10,30555.80,31835.91,27,5453996,5956471,10388983808,38098345984
2025-05-14 07:00:10,48.147,4.609,0,131072,309.50,30555.80,31835.91,27,5454249,5956766,10388983808,38100697088
2025-05-14 07:00:10,45.890,4.866,0,6037504,269.50,30555.80,31835.91,27,5454638,5957367,10388983808,38104645632
2025-05-14 07:00:10,45.131,4.205,0,221184,239.60,30555.80,31835.91,27,5454843,5957574,10388983808,38104678400
2025-05-14 07:00:11,43.925,4.170,0,0,189.70,30555.80,31835.91,27,5455053,5957781,10389000192,38104678400
2025-05-14 07:00:11,45.197,4.227,16384,106496,269.50,30555.80,31835.91,27,5455293,5958030,10389016576,38104985600
2025-05-14 07:00:11,43.425,4.167,16384,368640,149.70,30555.80,31835.91,27,5455513,5958256,10389016576,38105153536
2025-05-14 07:00:11,42.392,3.820,0,4096,199.60,30555.80,31835.91,27,5455718,5958463,10389016576,38105223168
2025-05-14 07:00:11,45.783,4.241,0,65536,379.30,30555.80,31835.91,27,5455913,5958658,10389016576,38105223168
2025-05-14 07:00:12,47.140,4.555,0,0,429.30,30555.80,31835.91,27,5456114,5958859,10389016576,38105223168
2025-05-14 07:00:12,48.747,4.672,0,0,239.60,30555.80,31835.91,27,5456327,5959080,10389016576,38105436160
2025-05-14 07:00:12,44.185,4.329,0,315392,379.30,30555.80,31835.91,27,5456537,5959294,10389016576,38105538560
2025-05-14 07:00:12,46.115,4.734,0,0,159.70,30555.80,31835.91,27,5456742,5959501,10389016576,38105559040
2025-05-14 07:00:12,44.666,4.083,0,20480,59.90,30555.80,31835.91,27,5456945,5959704,10389016576,38105559040
2025-05-14 07:00:13,47.101,4.379,0,0,319.60,30555.80,31835.91,27,5457165,5959931,10389020672,38105686016
2025-05-14 07:00:13,44.326,4.312,4096,229376,159.70,30555.80,31835.91,27,5457386,5960160,10389020672,38105788416
2025-05-14 07:00:13,43.128,3.997,0,0,159.70,30555.80,31835.91,27,5457588,5960362,10389020672,38105788416
2025-05-14 07:00:13,43.195,3.882,0,0,149.70,30555.80,31835.91,27,5457789,5960563,10389020672,38105788416
2025-05-14 07:00:13,45.184,3.972,0,0,149.70,30555.80,31835.91,27,5457985,5960759,10389020672,38105788416
2025-05-14 07:00:14,43.296,3.791,0,0,59.90,30555.80,31835.91,27,5458193,5960969,10389020672,38105862144
2025-05-14 07:00:14,39.650,3.822,0,73728,199.70,30555.80,31835.91,27,5458400,5961178,10389020672,38105952256
2025-05-14 07:00:14,43.472,4.011,0,90112,149.70,30555.80,31835.91,27,5458601,5961379,10389020672,38105952256
2025-05-14 07:00:14,42.594,3.910,0,0,149.70,30555.80,31835.91,27,5458795,5961573,10389020672,38105952256
2025-05-14 07:00:14,45.516,4.055,0,0,149.70,30555.80,31835.91,27,5458994,5961772,10389020672,38105952256
2025-05-14 07:00:15,43.182,3.984,0,0,79.90,30555.80,31835.91,27,5459336,5962143,10389020672,38108180480
2025-05-14 07:00:15,37.549,3.754,0,2228224,69.90,30555.80,31835.91,27,5459540,5962348,10389020672,38108184576
2025-05-14 07:00:15,40.135,3.951,0,1495040,179.60,30555.80,31835.91,27,5459821,5962658,10389020672,38110003200
2025-05-14 07:00:15,42.906,4.070,4096,327680,329.40,30555.80,31835.91,27,5460085,5962939,10389024768,38110965760
2025-05-14 07:00:15,47.067,4.821,0,1155072,449.10,30555.80,31835.91,27,5460387,5963279,10389024768,38111408128
2025-05-14 07:00:16,48.469,5.683,0,598016,489.20,30555.80,31835.91,27,5460789,5963752,10389028864,38112382976
2025-05-14 07:00:16,48.966,5.725,32768,1069056,599.00,30555.80,31835.91,27,5461164,5964169,10389057536,38113456128
2025-05-14 07:00:16,49.435,5.622,0,1093632,539.10,30555.80,31835.91,27,5461503,5964549,10389057536,38114684928
2025-05-14 07:00:16,48.034,5.683,0,1236992,449.20,30555.80,31835.91,27,5461821,5964917,10389057536,38115491840
2025-05-14 07:00:16,48.991,5.341,0,659456,479.10,30555.80,31835.91,27,5462194,5965356,10389057536,38116904960
2025-05-14 07:00:17,47.854,5.336,0,1794048,489.20,30555.80,31835.91,27,5462549,5965759,10389057536,38117949440
2025-05-14 07:00:17,47.029,4.923,0,532480,459.20,30555.80,31835.91,27,5462793,5966017,10389057536,38118334464
2025-05-14 07:00:17,46.800,5.173,0,446464,479.10,30555.80,31835.91,27,5463061,5966313,10389057536,38119063552
2025-05-14 07:00:17,47.127,4.995,0,610304,429.30,30555.80,31835.91,27,5463313,5966585,10389057536,38119411712
2025-05-14 07:00:17,49.441,4.827,0,348160,359.40,30555.80,31835.91,27,5463536,5966817,10389057536,38119645184
2025-05-14 07:00:18,48.337,4.817,0,430080,429.20,30555.80,31835.91,27,5463778,5967074,10389057536,38120116224
2025-05-14 07:00:18,46.459,4.990,0,380928,449.20,30555.80,31835.91,27,5464070,5967396,10389057536,38120529920
2025-05-14 07:00:18,46.183,5.170,0,299008,469.20,30555.80,31835.91,27,5464322,5967665,10389057536,38120910848
2025-05-14 07:00:18,48.327,5.271,0,843776,349.30,30555.80,31835.91,27,5464598,5967966,10389057536,38121787392
2025-05-14 07:00:18,49.025,4.874,0,487424,379.20,30555.80,31835.91,27,5464829,5968206,10389057536,38122078208
2025-05-14 07:00:19,47.301,4.786,0,364544,379.40,30555.80,31835.91,27,5465061,5968448,10389057536,38122496000
2025-05-14 07:00:19,46.229,4.669,0,11059200,489.30,30555.80,31835.91,27,5465891,5969797,10389057536,38133800960
2025-05-14 07:00:19,45.951,4.770,0,520192,449.30,30555.80,31835.91,27,5466102,5970012,10389057536,38134042624
2025-05-14 07:00:19,47.229,4.722,0,303104,479.00,30555.80,31835.91,27,5466412,5970355,10389057536,38134591488
2025-05-14 07:00:19,47.528,5.152,4096,831488,459.20,30555.80,31835.91,27,5466808,5970812,10389065728,38135402496
2025-05-14 07:00:20,46.774,4.720,4096,552960,379.40,30555.80,31835.91,27,5467057,5971075,10389065728,38135693312
2025-05-14 07:00:20,44.898,4.440,0,73728,409.30,30555.80,31835.91,27,5467257,5971275,10389065728,38135693312
2025-05-14 07:00:20,44.492,4.335,0,0,439.20,30555.80,31835.91,27,5467465,5971487,10389065728,38135709696
2025-05-14 07:00:20,45.752,4.404,0,196608,419.30,30555.80,31835.91,27,5467699,5971734,10389065728,38135980032
2025-05-14 07:00:20,45.098,4.699,0,90112,419.30,30555.80,31835.91,27,5467909,5971946,10389065728,38136049664
2025-05-14 07:00:21,44.864,4.572,0,143360,359.40,30555.80,31835.91,27,5468116,5972155,10389065728,38136123392
2025-05-14 07:00:21,45.101,4.870,0,167936,419.30,30555.80,31835.91,27,5468348,5972399,10389065728,38136418304
2025-05-14 07:00:21,45.628,4.841,0,278528,349.40,30555.80,31835.91,27,5468574,5972634,10389065728,38136569856
2025-05-14 07:00:21,45.029,4.751,0,69632,389.40,30555.80,31835.91,27,5468780,5972842,10389065728,38136639488
2025-05-14 07:00:21,46.018,4.866,0,106496,339.40,30555.80,31835.91,27,5469008,5973079,10389065728,38136832000
2025-05-14 07:00:22,47.156,4.984,0,270336,319.50,30555.80,31835.91,27,5469221,5973299,10389065728,38137016320
2025-05-14 07:00:22,48.673,4.621,0,0,379.20,30555.80,31835.91,27,5469438,5973519,10389065728,38137028608
2025-05-14 07:00:22,46.599,4.854,0,12288,419.30,30555.80,31835.91,27,5469638,5973719,10389065728,38137028608
2025-05-14 07:00:22,46.561,4.719,0,122880,409.20,30555.80,31835.91,27,5469989,5974119,10389065728,38137237504
2025-05-14 07:00:22,46.836,4.764,0,299008,509.10,30555.80,31835.91,27,5470289,5974453,10389065728,38137450496
2025-05-14 07:00:23,45.729,4.872,0,0,399.30,30555.80,31835.91,27,5470490,5974654,10389065728,38137450496
2025-05-14 07:00:23,46.148,4.667,0,0,349.40,30555.80,31835.91,27,5470696,5974860,10389065728,38137450496
2025-05-14 07:00:23,44.433,4.652,0,0,389.30,30555.80,31835.91,27,5471091,5975370,10389065728,38139277312
2025-05-14 07:00:23,45.520,4.763,0,5775360,309.50,30555.80,31835.91,27,5471642,5976102,10389065728,38143225856
2025-05-14 07:00:23,46.559,4.655,0,98304,379.40,30555.80,31835.91,27,5471870,5976336,10389065728,38143397888
2025-05-14 07:00:24,45.316,4.616,0,184320,379.30,30555.80,31835.91,27,5472104,5976581,10389065728,38143598592
2025-05-14 07:00:24,45.823,4.564,0,90112,409.30,30555.80,31835.91,27,5472312,5976792,10389065728,38143766528
2025-05-14 07:00:24,45.182,4.640,0,167936,359.40,30555.80,31835.91,27,5472512,5976992,10389065728,38143766528
2025-05-14 07:00:24,45.792,4.900,0,151552,539.10,30555.80,31835.91,27,5472853,5977385,10389065728,38144331776
2025-05-14 07:00:24,47.707,5.033,0,737280,419.20,30555.80,31835.91,27,5473348,5977984,10389065728,38144954368
2025-05-14 07:00:25,46.496,4.869,0,806912,439.10,30555.80,31835.91,27,5473618,5978276,10389065728,38145519616
2025-05-14 07:00:25,47.717,5.003,0,364544,489.10,30555.80,31835.91,27,5473908,5978596,10389065728,38145978368
2025-05-14 07:00:25,45.421,4.911,0,376832,429.20,30555.80,31835.91,27,5474139,5978838,10389065728,38146281472
2025-05-14 07:00:25,44.059,4.791,0,155648,419.30,30555.80,31835.91,27,5474349,5979051,10389065728,38146424832
2025-05-14 07:00:25,44.994,4.770,0,69632,419.30,30555.80,31835.91,27,5474556,5979260,10389065728,38146494464
2025-05-14 07:00:26,45.828,4.749,0,65536,449.20,30555.80,31835.91,27,5474812,5979533,10389065728,38146699264
2025-05-14 07:00:26,46.011,4.653,0,286720,399.70,30555.80,31835.91,27,5475034,5979762,10389065728,38146854912
2025-05-14 07:00:26,45.434,4.520,0,139264,389.30,30555.80,31835.91,27,5475244,5979976,10389065728,38146932736
2025-05-14 07:00:26,45.352,4.668,0,110592,379.60,30555.80,31835.91,27,5475468,5980212,10389065728,38147141632
2025-05-14 07:00:26,43.699,4.539,0,188416,389.40,30555.80,31835.91,27,5475692,5980443,10389065728,38147293184
2025-05-14 07:00:27,45.790,4.522,0,147456,379.30,30555.80,31835.91,27,5475906,5980661,10389065728,38147432448
2025-05-14 07:00:27,43.719,4.678,0,65536,439.30,30555.80,31835.91,27,5476136,5980899,10389065728,38147530752
2025-05-14 07:00:27,45.721,4.700,8192,450560,399.30,30555.80,31835.91,27,5476376,5981155,10389073920,38147964928
2025-05-14 07:00:27,44.908,4.698,0,5623808,389.20,30555.80,31835.91,27,5477270,5982157,10389073920,38153527296
2025-05-14 07:00:27,45.258,4.751,0,2408448,449.20,30555.80,31835.91,27,5477756,5982803,10389073920,38156390400
2025-05-14 07:00:28,45.258,4.866,0,552960,419.30,30555.80,31835.91,27,5477966,5983016,10389073920,38156472320
2025-05-14 07:00:28,45.276,4.666,0,73728,419.30,30555.80,31835.91,27,5478176,5983229,10389073920,38156607488
2025-05-14 07:00:28,45.338,4.832,0,65536,309.70,30555.80,31835.91,27,5478376,5983429,10389073920,38156607488
2025-05-14 07:00:28,44.771,4.640,0,16384,459.20,30555.80,31835.91,27,5478614,5983681,10389073920,38156722176
2025-05-14 07:00:28,46.457,4.836,0,184320,439.30,30555.80,31835.91,27,5478831,5983904,10389073920,38156877824
2025-05-14 07:00:29,46.511,4.874,0,139264,359.40,30555.80,31835.91,27,5479039,5984115,10389073920,38157012992
2025-05-14 07:00:29,45.792,4.716,0,77824,329.50,30555.80,31835.91,27,5479245,5984323,10389073920,38157025280
2025-05-14 07:00:29,44.677,4.559,0,0,309.40,30555.80,31835.91,27,5479447,5984525,10389073920,38157025280
2025-05-14 07:00:29,45.132,4.469,0,0,309.50,30555.80,31835.91,27,5479651,5984729,10389073920,38157025280
2025-05-14 07:00:30,43.374,4.450,0,0,269.50,30555.80,31835.91,27,5479849,5984927,10389073920,38157025280
2025-05-14 07:00:30,44.946,4.457,0,0,299.50,30555.80,31835.91,27,5480048,5985126,10389073920,38157025280
2025-05-14 07:00:30,44.750,4.449,0,0,279.50,30555.80,31835.91,27,5480242,5985320,10389073920,38157025280
2025-05-14 07:00:30,46.949,4.491,0,0,309.50,30555.80,31835.91,27,5480444,5985523,10389073920,38157029376
2025-05-14 07:00:30,45.410,4.417,0,4096,249.60,30555.80,31835.91,27,5480641,5985720,10389073920,38157029376
2025-05-14 07:00:31,44.175,4.502,0,0,299.50,30555.80,31835.91,27,5480842,5985921,10389073920,38157029376
2025-05-14 07:00:31,45.135,4.534,0,0,249.60,30555.80,31835.91,27,5481042,5986121,10389073920,38157029376
2025-05-14 07:00:31,45.779,4.646,0,0,319.50,30555.80,31835.91,27,5481243,5986322,10389073920,38157029376
2025-05-14 07:00:31,44.889,4.483,0,0,309.50,30555.80,31835.91,27,5481445,5986524,10389073920,38157029376
2025-05-14 07:00:31,44.837,4.503,0,0,309.50,30555.80,31835.91,27,5481646,5986725,10389073920,38157029376
2025-05-14 07:00:32,44.623,4.488,0,0,309.50,30555.80,31835.91,27,5481847,5986926,10389073920,38157029376
2025-05-14 07:00:32,45.069,4.488,0,0,299.40,30555.80,31835.91,27,5482048,5987127,10389073920,38157029376
2025-05-14 07:00:32,44.505,4.465,0,0,289.50,30555.80,31835.91,27,5482248,5987327,10389073920,38157029376
2025-05-14 07:00:32,43.878,4.456,0,0,259.60,30555.80,31835.91,27,5482449,5987528,10389073920,38157029376
2025-05-14 07:00:32,43.476,4.524,0,0,289.50,30555.80,31835.91,27,5482650,5987729,10389073920,38157029376
2025-05-14 07:00:33,43.825,4.496,0,0,299.50,30555.80,31835.91,27,5482851,5987930,10389073920,38157029376
2025-05-14 07:00:33,44.443,4.598,0,0,299.50,30555.80,31835.91,27,5483052,5988131,10389073920,38157029376
2025-05-14 07:00:33,45.792,4.598,0,0,299.50,30555.80,31835.91,27,5483253,5988332,10389073920,38157029376
2025-05-14 07:00:33,44.843,4.548,0,8192,319.50,30555.80,31835.91,27,5483463,5988544,10389073920,38157037568
2025-05-14 07:00:33,44.855,4.499,0,0,329.50,30555.80,31835.91,27,5483664,5988745,10389073920,38157037568
2025-05-14 07:00:34,45.001,4.532,0,0,329.40,30555.80,31835.91,27,5483862,5988943,10389073920,38157037568
2025-05-14 07:00:34,44.923,4.372,0,0,279.50,30555.80,31835.91,27,5484063,5989144,10389073920,38157037568
2025-05-14 07:00:34,44.857,4.334,0,0,309.50,30555.80,31835.91,27,5484264,5989345,10389073920,38157037568
2025-05-14 07:00:34,44.845,4.405,0,0,269.50,30555.80,31835.91,27,5484465,5989546,10389073920,38157037568
2025-05-14 07:00:34,44.745,4.319,0,0,299.40,30555.80,31835.91,27,5484666,5989747,10389073920,38157037568
2025-05-14 07:00:35,44.388,4.417,0,0,279.50,30555.80,31835.91,27,5484870,5989951,10389073920,38157037568
2025-05-14 07:00:35,44.593,4.309,0,0,299.50,30555.80,31835.91,27,5485071,5990152,10389073920,38157037568
2025-05-14 07:00:35,44.981,4.424,0,0,319.50,30555.80,31835.91,27,5485272,5990353,10389073920,38157037568
2025-05-14 07:00:35,44.976,4.368,0,16384,279.50,30555.80,31835.91,27,5485480,5990563,10389073920,38157053952
2025-05-14 07:00:35,44.061,4.456,0,20480,319.40,30555.80,31835.91,27,5485689,5990775,10389073920,38157074432
2025-05-14 07:00:36,44.964,4.478,0,0,299.50,30555.80,31835.91,27,5485890,5990976,10389073920,38157074432
2025-05-14 07:00:36,44.968,4.500,0,2404352,329.40,30555.80,31835.91,27,5486280,5991414,10389073920,38159544320
2025-05-14 07:00:36,44.717,4.480,0,65536,289.50,30555.80,31835.91,27,5486481,5991615,10389073920,38159544320
2025-05-14 07:00:36,44.868,4.421,0,0,299.50,30555.80,31835.91,27,5486682,5991816,10389073920,38159544320
2025-05-14 07:00:36,45.300,4.540,0,0,359.40,30555.80,31835.91,27,5486886,5992020,10389073920,38159544320
2025-05-14 07:00:37,44.967,4.516,0,0,319.70,30555.80,31835.91,27,5487087,5992221,10389073920,38159544320
2025-05-14 07:00:37,44.645,4.491,0,0,339.40,30555.80,31835.91,27,5487288,5992422,10389073920,38159544320
2025-05-14 07:00:37,44.767,4.475,0,0,309.50,30555.80,31835.91,27,5487489,5992623,10389073920,38159544320
2025-05-14 07:00:37,45.027,4.442,0,0,319.50,30555.80,31835.91,27,5487691,5992825,10389073920,38159544320
2025-05-14 07:00:37,45.217,4.442,0,0,299.50,30555.80,31835.91,27,5487892,5993026,10389073920,38159544320
2025-05-14 07:00:38,45.241,4.543,0,0,309.50,30555.80,31835.91,27,5488093,5993227,10389073920,38159544320
2025-05-14 07:00:38,43.357,4.472,0,0,299.50,30555.80,31835.91,27,5488294,5993428,10389073920,38159544320
2025-05-14 07:00:38,44.463,4.564,0,0,319.40,30555.80,31835.91,27,5488496,5993630,10389073920,38159544320
2025-05-14 07:00:38,44.981,4.619,0,0,299.50,30555.80,31835.91,27,5488696,5993830,10389073920,38159544320
2025-05-14 07:00:38,44.399,4.599,0,0,299.50,30555.80,31835.91,27,5488893,5994027,10389073920,38159544320
2025-05-14 07:00:39,44.066,4.517,0,0,319.50,30555.80,31835.91,27,5489110,5994252,10389073920,38159581184
2025-05-14 07:00:39,44.818,4.517,0,36864,319.50,30555.80,31835.91,27,5489311,5994453,10389073920,38159581184
2025-05-14 07:00:39,44.074,4.651,0,0,309.50,30555.80,31835.91,27,5489512,5994654,10389073920,38159581184
2025-05-14 07:00:39,45.101,4.553,0,0,289.50,30555.80,31835.91,27,5489713,5994855,10389073920,38159581184
2025-05-14 07:00:39,45.069,4.602,0,0,359.40,30555.80,31835.91,27,5489913,5995055,10389073920,38159581184
2025-05-14 07:00:40,44.883,4.436,0,0,289.80,30555.80,31835.91,27,5490114,5995256,10389073920,38159581184
2025-05-14 07:00:40,44.904,4.137,0,36864,329.50,30555.80,31835.91,27,5490321,5995465,10389073920,38159683584
2025-05-14 07:00:40,45.286,4.444,0,65536,279.50,30555.80,31835.91,27,5490526,5995670,10389073920,38159683584
2025-05-14 07:00:40,46.777,4.571,0,0,339.40,30555.80,31835.91,27,5490717,5995861,10389073920,38159683584
2025-05-14 07:00:40,48.568,4.570,0,0,289.40,30555.80,31835.91,27,5490911,5996058,10389073920,38159695872
2025-05-14 07:00:41,46.806,4.646,0,12288,279.50,30555.80,31835.91,27,5491103,5996250,10389073920,38159695872
2025-05-14 07:00:41,48.200,4.637,0,0,289.50,30555.80,31835.91,27,5491300,5996447,10389073920,38159695872
2025-05-14 07:00:41,46.709,4.782,0,0,289.50,30555.80,31835.91,27,5491492,5996639,10389073920,38159695872
2025-05-14 07:00:41,45.854,4.555,0,0,249.60,30555.80,31835.91,27,5491694,5996841,10389073920,38159695872
2025-05-14 07:00:41,46.289,4.638,0,0,289.40,30555.80,31835.91,27,5491873,5997020,10389073920,38159695872
2025-05-14 07:00:42,46.357,4.644,0,0,339.40,30555.80,31835.91,27,5492350,5997547,10389073920,38162087936
2025-05-14 07:00:42,46.959,4.642,0,2457600,259.50,30555.80,31835.91,27,5492558,5997756,10389073920,38162153472
2025-05-14 07:00:42,43.463,4.651,0,0,299.50,30555.80,31835.91,27,5492757,5997955,10389073920,38162153472
2025-05-14 07:00:42,45.401,4.659,0,0,329.40,30555.80,31835.91,27,5492955,5998153,10389073920,38162153472
2025-05-14 07:00:42,45.771,4.572,0,0,309.50,30555.80,31835.91,27,5493156,5998354,10389073920,38162153472
2025-05-14 07:00:43,44.523,4.490,0,0,309.50,30555.80,31835.91,27,5493357,5998555,10389073920,38162153472
2025-05-14 07:00:43,44.243,4.486,0,0,319.40,30555.80,31835.91,27,5493558,5998756,10389073920,38162153472
2025-05-14 07:00:43,45.702,4.633,0,0,309.40,30555.80,31835.91,27,5493760,5998958,10389073920,38162153472
2025-05-14 07:00:43,45.715,4.562,0,77824,339.40,30555.80,31835.91,27,5493971,5999175,10389073920,38162362368
2025-05-14 07:00:43,45.933,4.527,0,131072,329.30,30555.80,31835.91,27,5494172,5999376,10389073920,38162362368
2025-05-14 07:00:44,45.217,4.565,0,0,289.50,30555.80,31835.91,27,5494374,5999578,10389073920,38162362368
2025-05-14 07:00:44,46.039,4.596,0,0,229.60,30555.80,31835.91,27,5494569,5999773,10389073920,38162362368
2025-05-14 07:00:44,47.693,4.658,0,0,299.50,30555.80,31835.91,27,5494766,5999970,10389073920,38162362368
2025-05-14 07:00:44,45.339,4.495,0,0,269.50,30555.80,31835.91,27,5494979,6000185,10389073920,38162374656
2025-05-14 07:00:44,45.396,4.522,0,12288,319.40,30555.80,31835.91,27,5495177,6000383,10389073920,38162374656
2025-05-14 07:00:45,45.774,4.616,0,0,249.60,30555.80,31835.91,27,5495379,6000585,10389073920,38162374656
2025-05-14 07:00:45,44.644,4.427,0,0,309.40,30555.80,31835.91,27,5495580,6000786,10389073920,38162374656
2025-05-14 07:00:45,45.861,4.596,0,0,249.60,30555.80,31835.91,27,5495781,6000987,10389073920,38162374656
2025-05-14 07:00:45,44.683,4.545,0,0,289.50,30555.80,31835.91,27,5495980,6001186,10389073920,38162374656
2025-05-14 07:00:45,46.470,4.651,0,0,239.60,30555.80,31835.91,27,5496178,6001384,10389073920,38162374656
2025-05-14 07:00:46,45.983,4.635,0,0,309.50,30555.80,31835.91,27,5496379,6001585,10389073920,38162374656
2025-05-14 07:00:46,45.487,4.562,0,0,299.50,30555.80,31835.91,27,5496580,6001786,10389073920,38162374656
2025-05-14 07:00:46,45.125,4.476,0,0,309.50,30555.80,31835.91,27,5496787,6001993,10389073920,38162374656
2025-05-14 07:00:46,44.487,4.440,0,0,299.50,30555.80,31835.91,27,5496982,6002188,10389073920,38162374656
2025-05-14 07:00:46,46.310,4.479,0,0,309.50,30555.80,31835.91,27,5497181,6002387,10389073920,38162374656
2025-05-14 07:00:47,44.842,4.497,0,0,319.30,30555.80,31835.91,27,5497382,6002588,10389073920,38162374656
2025-05-14 07:00:47,44.788,4.507,0,0,349.40,30555.80,31835.91,27,5497583,6002789,10389073920,38162374656
2025-05-14 07:00:47,44.781,4.392,0,0,319.50,30555.80,31835.91,27,5497785,6002991,10389073920,38162374656
2025-05-14 07:00:47,44.953,4.581,0,0,349.50,30555.80,31835.91,27,5497986,6003192,10389073920,38162374656
2025-05-14 07:00:47,44.580,4.436,0,0,329.50,30555.80,31835.91,27,5498187,6003393,10389073920,38162374656
2025-05-14 07:00:48,44.879,4.433,0,0,279.50,30555.80,31835.91,27,5498388,6003594,10389073920,38162374656
2025-05-14 07:00:48,43.706,4.380,0,0,289.50,30555.80,31835.91,27,5498587,6003793,10389073920,38162374656
2025-05-14 07:00:48,44.232,4.611,0,0,279.60,30555.80,31835.91,27,5498789,6003995,10389073920,38162374656
2025-05-14 07:00:48,44.963,4.359,0,0,229.60,30555.80,31835.91,27,5498989,6004195,10389073920,38162374656
2025-05-14 07:00:48,43.660,4.377,0,0,289.50,30555.80,31835.91,27,5499190,6004396,10389073920,38162374656
2025-05-14 07:00:49,45.399,4.474,0,0,259.70,30555.80,31835.91,27,5499384,6004590,10389073920,38162374656
2025-05-14 07:00:49,43.532,4.451,0,0,289.50,30555.80,31835.91,27,5499585,6004791,10389073920,38162374656
2025-05-14 07:00:49,45.192,4.503,0,0,269.50,30555.80,31835.91,27,5499786,6004992,10389073920,38162374656
2025-05-14 07:00:49,44.743,4.443,0,0,289.50,30555.80,31835.91,27,5499987,6005193,10389073920,38162374656
2025-05-14 07:00:49,44.656,4.407,0,0,329.50,30555.80,31835.91,27,5500188,6005394,10389073920,38162374656
2025-05-14 07:00:50,45.314,4.508,0,0,299.50,30555.80,31835.91,27,5500389,6005595,10389073920,38162374656
2025-05-14 07:00:50,44.944,4.438,0,12288,309.50,30555.80,31835.91,27,5500596,6005805,10389073920,38162386944
2025-05-14 07:00:50,44.566,4.428,0,0,319.50,30555.80,31835.91,27,5500797,6006006,10389073920,38162386944
2025-05-14 07:00:50,45.431,4.594,0,0,369.40,30555.80,31835.91,27,5500998,6006207,10389073920,38162386944
2025-05-14 07:00:50,45.124,4.775,0,0,319.30,30555.80,31835.91,27,5501201,6006411,10389073920,38162448384
2025-05-14 07:00:51,46.795,5.070,0,61440,459.10,30555.80,31835.91,27,5501411,6006621,10389073920,38162448384
2025-05-14 07:00:51,47.541,5.022,0,0,109.80,30555.80,31835.91,27,5501732,6006994,10389073920,38164094976
2025-05-14 07:00:51,42.246,4.244,0,1740800,339.40,30555.80,31835.91,27,5501990,6007262,10389086208,38164361216
2025-05-14 07:00:51,44.681,4.422,12288,348160,209.60,30555.80,31835.91,27,5502246,6007541,10389086208,38164680704
2025-05-14 07:00:51,45.563,3.931,0,208896,39.90,30555.80,31835.91,27,5502450,6007746,10389086208,38164746240
2025-05-14 07:00:52,39.674,3.694,0,0,69.90,30555.80,31835.91,27,5502651,6007947,10389086208,38164746240
2025-05-14 07:00:52,38.609,3.758,0,0,79.90,30555.80,31835.91,27,5502853,6008149,10389086208,38164746240
2025-05-14 07:00:52,41.190,3.983,0,0,109.80,30555.80,31835.91,27,5503054,6008350,10389086208,38164746240
2025-05-14 07:00:52,40.617,3.828,0,12288,49.90,30555.80,31835.91,27,5503260,6008558,10389086208,38164758528
2025-05-14 07:00:52,44.492,3.809,0,0,49.90,30555.80,31835.91,27,5503461,6008759,10389086208,38164758528
2025-05-14 07:00:53,39.273,3.707,0,0,59.90,30555.80,31835.91,27,5503663,6008961,10389086208,38164758528
2025-05-14 07:00:53,38.916,3.763,0,0,59.90,30555.80,31835.91,27,5503864,6009162,10389086208,38164758528
2025-05-14 07:00:53,38.014,3.711,0,0,49.90,30555.80,31835.91,27,5504065,6009363,10389086208,38164758528
2025-05-14 07:00:53,38.450,3.745,0,0,59.90,30555.80,31835.91,27,5504266,6009564,10389086208,38164758528
2025-05-14 07:00:53,39.843,3.743,0,0,69.90,30555.80,31835.91,27,5504467,6009765,10389086208,38164758528
2025-05-14 07:00:54,39.035,3.725,0,0,49.90,30555.80,31835.91,27,5504669,6009967,10389086208,38164758528
2025-05-14 07:00:54,38.557,3.691,0,0,69.90,30555.80,31835.91,27,5504870,6010168,10389086208,38164758528
2025-05-14 07:00:54,38.721,3.682,0,0,89.80,30555.80,31835.91,27,5505071,6010369,10389086208,38164758528
2025-05-14 07:00:54,40.983,3.773,0,53248,79.90,30555.80,31835.91,27,5505280,6010581,10389086208,38164877312
2025-05-14 07:00:54,39.967,3.724,0,65536,119.80,30555.80,31835.91,27,5505490,6010794,10389086208,38164996096
2025-05-14 07:00:55,38.787,3.742,0,184320,79.90,30555.80,31835.91,27,5505694,6010999,10389086208,38165061632
2025-05-14 07:00:55,41.758,3.801,0,4096,69.90,30555.80,31835.91,27,5505898,6011204,10389086208,38165065728
2025-05-14 07:00:55,37.451,3.715,0,0,59.90,30555.80,31835.91,27,5506100,6011406,10389086208,38165065728
2025-05-14 07:00:55,38.085,3.761,0,0,59.90,30555.80,31835.91,27,5506301,6011607,10389086208,38165065728
2025-05-14 07:00:55,39.415,3.753,0,0,69.90,30555.80,31835.91,27,5506502,6011808,10389086208,38165065728
2025-05-14 07:00:56,37.480,3.664,0,0,99.80,30555.80,31835.91,27,5506703,6012009,10389086208,38165065728
2025-05-14 07:00:56,39.634,3.740,0,0,69.90,30555.80,31835.91,27,5506905,6012211,10389086208,38165065728
2025-05-14 07:00:56,39.260,3.715,0,0,169.70,30555.80,31835.91,27,5507220,6012561,10389086208,38166831104
2025-05-14 07:00:56,39.658,3.766,0,1830912,59.90,30555.80,31835.91,27,5507423,6012765,10389086208,38166896640
2025-05-14 07:00:56,39.656,3.777,0,0,79.90,30555.80,31835.91,27,5507624,6012966,10389086208,38166896640
2025-05-14 07:00:57,37.822,3.670,0,0,49.90,30555.80,31835.91,27,5507826,6013168,10389086208,38166896640
2025-05-14 07:00:57,39.202,3.715,0,0,59.90,30555.80,31835.91,27,5508024,6013366,10389086208,38166896640
2025-05-14 07:00:57,39.815,3.779,0,0,59.90,30555.80,31835.91,27,5508225,6013567,10389086208,38166896640
2025-05-14 07:00:57,41.122,3.862,0,0,99.90,30555.80,31835.91,27,5508423,6013765,10389086208,38166896640
2025-05-14 07:00:57,45.761,4.014,0,0,49.90,30555.80,31835.91,27,5508616,6013958,10389086208,38166896640
2025-05-14 07:00:58,38.882,3.764,0,0,69.90,30555.80,31835.91,27,5508817,6014159,10389086208,38166896640
2025-05-14 07:00:58,38.802,3.671,0,0,49.90,30555.80,31835.91,27,5509019,6014361,10389086208,38166896640
2025-05-14 07:00:58,38.297,3.740,0,0,59.90,30555.80,31835.91,27,5509220,6014562,10389086208,38166896640
2025-05-14 07:00:58,38.897,3.776,0,0,69.90,30555.80,31835.91,27,5509416,6014758,10389086208,38166896640
2025-05-14 07:00:58,40.704,3.747,0,0,69.90,30555.80,31835.91,27,5509617,6014959,10389086208,38166896640
2025-05-14 07:00:59,39.203,3.716,0,0,69.90,30555.80,31835.91,27,5509818,6015160,10389086208,38166896640
2025-05-14 07:00:59,38.962,3.764,0,0,59.90,30555.80,31835.91,27,5510019,6015361,10389086208,38166896640
2025-05-14 07:00:59,38.366,3.704,0,0,89.80,30555.80,31835.91,27,5510221,6015563,10389086208,38166896640
2025-05-14 07:00:59,41.481,3.826,0,0,49.90,30555.80,31835.91,27,5510422,6015764,10389086208,38166896640
2025-05-14 07:00:59,38.804,3.795,0,0,39.90,30555.80,31835.91,27,5510623,6015965,10389086208,38166896640
2025-05-14 07:01:00,40.964,3.710,0,0,49.90,30555.80,31835.91,27,5510827,6016169,10389086208,38166896640
2025-05-14 07:01:00,40.229,3.668,0,0,59.90,30555.80,31835.91,27,5511036,6016381,10389086208,38166908928
2025-05-14 07:01:00,38.432,3.685,0,12288,49.90,30555.80,31835.91,27,5511238,6016583,10389086208,38166908928
2025-05-14 07:01:00,44.828,3.787,0,0,49.90,30555.80,31835.91,27,5511438,6016783,10389086208,38166908928
2025-05-14 07:01:00,44.715,3.790,0,0,59.90,30555.80,31835.91,27,5511640,6016985,10389086208,38166908928
2025-05-14 07:01:01,44.661,3.912,0,0,59.90,30555.80,31835.91,27,5511841,6017186,10389086208,38166908928
2025-05-14 07:01:01,40.024,3.811,0,1060864,59.90,30555.80,31835.91,27,5512081,6017431,10389086208,38168035328
2025-05-14 07:01:01,40.647,3.957,0,65536,59.90,30555.80,31835.91,27,5512283,6017633,10389086208,38168035328
2025-05-14 07:01:01,42.057,3.807,0,0,50.00,30555.80,31835.91,27,5512484,6017834,10389086208,38168035328
2025-05-14 07:01:01,38.818,3.736,0,0,59.90,30555.80,31835.91,27,5512685,6018035,10389086208,38168035328
2025-05-14 07:01:02,39.048,3.740,0,0,39.90,30555.80,31835.91,27,5512886,6018236,10389086208,38168035328
2025-05-14 07:01:02,39.505,3.744,0,0,89.90,30555.80,31835.91,27,5513085,6018435,10389086208,38168035328
2025-05-14 07:01:02,38.942,3.784,0,0,49.90,30555.80,31835.91,27,5513285,6018635,10389086208,38168035328
2025-05-14 07:01:02,40.220,3.735,0,0,59.90,30555.80,31835.91,27,5513486,6018836,10389086208,38168035328
2025-05-14 07:01:03,42.032,3.775,0,0,79.90,30555.80,31835.91,27,5513707,6019071,10389086208,38169694208
2025-05-14 07:01:03,42.107,3.687,0,1921024,49.90,30555.80,31835.91,27,5513914,6019282,10389086208,38169956352
2025-05-14 07:01:03,41.806,3.754,0,0,59.90,30555.80,31835.91,27,5514116,6019484,10389086208,38169956352
2025-05-14 07:01:03,39.924,3.697,0,0,59.90,30555.80,31835.91,27,5514317,6019685,10389086208,38169956352
2025-05-14 07:01:03,40.278,3.729,0,0,49.90,30555.80,31835.91,27,5514517,6019885,10389086208,38169956352
2025-05-14 07:01:04,46.507,3.912,0,0,49.90,30555.80,31835.91,27,5514714,6020082,10389086208,38169956352
2025-05-14 07:01:04,47.119,3.949,0,0,49.90,30555.80,31835.91,27,5514913,6020281,10389086208,38169956352
2025-05-14 07:01:04,42.615,3.825,0,0,79.80,30555.80,31835.91,27,5515114,6020482,10389086208,38169956352
2025-05-14 07:01:04,42.397,4.208,0,0,69.90,30555.80,31835.91,27,5515311,6020679,10389086208,38169956352
2025-05-14 07:01:04,46.065,4.091,0,0,49.90,30555.80,31835.91,27,5515511,6020879,10389086208,38169956352
2025-05-14 07:01:05,46.196,3.891,0,0,59.90,30555.80,31835.91,27,5515712,6021080,10389086208,38169956352
2025-05-14 07:01:05,39.914,3.880,0,0,69.90,30555.80,31835.91,27,5515913,6021281,10389086208,38169956352
2025-05-14 07:01:05,37.714,3.803,0,0,69.90,30555.80,31835.91,27,5516115,6021483,10389086208,38169956352
2025-05-14 07:01:05,37.721,3.835,0,0,349.30,30555.80,31835.91,27,5516316,6021684,10389086208,38169956352
2025-05-14 07:01:05,44.052,4.057,0,0,109.80,30555.80,31835.91,27,5516515,6021883,10389086208,38169956352
2025-05-14 07:01:06,48.830,4.304,0,0,169.70,30555.80,31835.91,27,5516719,6022087,10389086208,38169956352
2025-05-14 07:01:06,44.165,4.124,0,0,149.70,30555.80,31835.91,27,5516920,6022288,10389086208,38169956352
2025-05-14 07:01:06,42.787,4.038,0,0,149.70,30555.80,31835.91,27,5517121,6022489,10389086208,38169956352
2025-05-14 07:01:06,41.866,3.841,0,0,159.70,30555.80,31835.91,27,5517321,6022689,10389086208,38169956352
2025-05-14 07:01:06,43.294,4.007,0,0,149.70,30555.80,31835.91,27,5517523,6022891,10389086208,38169956352
2025-05-14 07:01:07,44.501,3.948,0,0,159.70,30555.80,31835.91,27,5517724,6023092,10389086208,38169956352
2025-05-14 07:01:07,41.843,3.901,0,0,159.70,30555.80,31835.91,27,5517925,6023293,10389086208,38169956352
2025-05-14 07:01:07,42.642,3.910,0,0,159.70,30555.80,31835.91,27,5518127,6023495,10389086208,38169956352
2025-05-14 07:01:07,40.789,3.845,0,0,159.70,30555.80,31835.91,27,5518328,6023696,10389086208,38169956352
2025-05-14 07:01:07,43.291,4.020,0,0,159.70,30555.80,31835.91,27,5518529,6023897,10389086208,38169956352
2025-05-14 07:01:08,42.387,3.896,0,0,159.80,30555.80,31835.91,27,5518730,6024098,10389086208,38169956352
2025-05-14 07:01:08,42.209,3.904,0,0,149.70,30555.80,31835.91,27,5518931,6024299,10389086208,38169956352
2025-05-14 07:01:08,45.021,4.131,0,0,159.70,30555.80,31835.91,27,5519132,6024500,10389086208,38169956352
2025-05-14 07:01:08,43.833,3.985,0,0,169.70,30555.80,31835.91,27,5519332,6024700,10389086208,38169956352
2025-05-14 07:01:08,44.881,4.077,0,0,49.90,30555.80,31835.91,27,5519532,6024900,10389086208,38169956352
2025-05-14 07:01:09,42.832,3.802,0,0,149.70,30555.80,31835.91,27,5519733,6025101,10389086208,38169956352
2025-05-14 07:01:09,42.898,4.295,0,0,159.70,30555.80,31835.91,27,5519934,6025302,10389086208,38169956352
2025-05-14 07:01:09,43.011,4.100,0,0,159.70,30555.80,31835.91,27,5520135,6025503,10389086208,38169956352
2025-05-14 07:01:09,42.194,3.911,0,0,149.80,30555.80,31835.91,27,5520336,6025704,10389086208,38169956352
2025-05-14 07:01:09,42.848,3.946,0,0,49.90,30555.80,31835.91,27,5520538,6025906,10389086208,38169956352
2025-05-14 07:01:10,45.345,4.222,0,0,299.50,30555.80,31835.91,27,5520797,6026176,10389086208,38171152384
2025-05-14 07:01:10,44.087,4.288,0,1273856,79.90,30555.80,31835.91,27,5521005,6026387,10389086208,38171295744
2025-05-14 07:01:10,43.391,4.339,0,65536,69.80,30555.80,31835.91,27,5521208,6026590,10389086208,38171295744
2025-05-14 07:01:10,43.273,4.023,0,0,39.90,30555.80,31835.91,27,5521408,6026790,10389086208,38171295744
2025-05-14 07:01:10,43.230,3.907,0,0,59.90,30555.80,31835.91,27,5521607,6026989,10389086208,38171295744
2025-05-14 07:01:11,40.982,3.790,0,0,59.90,30555.80,31835.91,27,5521808,6027190,10389086208,38171295744
2025-05-14 07:01:11,38.598,3.822,0,0,109.80,30555.80,31835.91,27,5522040,6027432,10389086208,38171455488
2025-05-14 07:01:11,43.206,4.249,0,225280,409.20,30555.80,31835.91,27,5522246,6027638,10389086208,38171521024
2025-05-14 07:01:11,48.498,4.919,0,0,179.70,30555.80,31835.91,27,5522437,6027829,10389086208,38171521024
2025-05-14 07:01:11,43.068,4.178,0,0,209.60,30555.80,31835.91,27,5522638,6028030,10389086208,38171521024
2025-05-14 07:01:12,44.757,4.441,0,0,389.20,30555.80,31835.91,27,5522830,6028222,10389086208,38171521024
2025-05-14 07:01:12,47.741,4.756,0,0,359.30,30555.80,31835.91,27,5523038,6028430,10389086208,38171521024
2025-05-14 07:01:12,42.643,4.236,0,0,79.90,30555.80,31835.91,27,5523240,6028632,10389086208,38171521024
2025-05-14 07:01:12,40.083,3.787,0,0,59.90,30555.80,31835.91,27,5523440,6028832,10389086208,38171521024
2025-05-14 07:01:12,38.609,3.764,0,0,59.90,30555.80,31835.91,27,5523641,6029033,10389086208,38171521024
2025-05-14 07:01:13,38.713,3.753,0,0,59.90,30555.80,31835.91,27,5523843,6029235,10389086208,38171521024
2025-05-14 07:01:13,39.217,3.735,0,0,59.90,30555.80,31835.91,27,5524044,6029436,10389086208,38171521024
2025-05-14 07:01:13,38.246,3.716,0,0,59.90,30555.80,31835.91,27,5524245,6029637,10389086208,38171521024
2025-05-14 07:01:13,41.059,3.768,0,0,59.90,30555.80,31835.91,27,5524446,6029838,10389086208,38171521024
2025-05-14 07:01:13,40.950,3.842,0,0,59.90,30555.80,31835.91,27,5524648,6030040,10389086208,38171521024
2025-05-14 07:01:14,40.064,3.760,0,0,49.90,30555.80,31835.91,27,5524849,6030241,10389086208,38171521024
2025-05-14 07:01:14,37.548,3.766,0,0,49.90,30555.80,31835.91,27,5525050,6030442,10389086208,38171521024
2025-05-14 07:01:14,38.541,3.749,0,0,59.90,30555.80,31835.91,27,5525251,6030643,10389086208,38171521024
2025-05-14 07:01:14,37.916,3.740,0,0,109.80,30555.80,31835.91,27,5525542,6030958,10389086208,38172860416
2025-05-14 07:01:14,40.934,3.847,0,1404928,59.90,30555.80,31835.91,27,5525746,6031163,10389086208,38172925952
2025-05-14 07:01:15,36.915,3.759,0,0,59.90,30555.80,31835.91,27,5525948,6031365,10389086208,38172925952
2025-05-14 07:01:15,38.667,3.740,0,0,59.90,30555.80,31835.91,27,5526149,6031566,10389086208,38172925952
2025-05-14 07:01:15,39.448,3.731,0,0,39.90,30555.80,31835.91,27,5526350,6031767,10389086208,38172925952
2025-05-14 07:01:15,39.340,3.757,0,0,69.90,30555.80,31835.91,27,5526551,6031968,10389086208,38172925952
2025-05-14 07:01:15,40.621,4.003,0,0,289.50,30555.80,31835.91,27,5526748,6032165,10389086208,38172925952
2025-05-14 07:01:16,43.753,4.231,0,0,169.70,30555.80,31835.91,27,5526954,6032371,10389086208,38172925952
2025-05-14 07:01:16,39.334,3.956,0,0,59.90,30555.80,31835.91,27,5527155,6032572,10389086208,38172925952
2025-05-14 07:01:16,38.844,3.782,0,0,59.90,30555.80,31835.91,27,5527356,6032773,10389086208,38172925952
2025-05-14 07:01:16,37.593,3.718,0,0,59.90,30555.80,31835.91,27,5527556,6032973,10389086208,38172925952
2025-05-14 07:01:16,40.268,3.764,0,0,59.90,30555.80,31835.91,27,5527758,6033175,10389086208,38172925952
2025-05-14 07:01:17,39.566,3.887,0,0,49.90,30555.80,31835.91,27,5527959,6033376,10389086208,38172925952
2025-05-14 07:01:17,39.038,3.799,0,0,59.90,30555.80,31835.91,27,5528160,6033577,10389086208,38172925952
2025-05-14 07:01:17,36.523,3.747,0,0,49.90,30555.80,31835.91,27,5528361,6033778,10389086208,38172925952
2025-05-14 07:01:17,39.450,3.764,0,0,69.90,30555.80,31835.91,27,5528563,6033980,10389086208,38172925952
2025-05-14 07:01:17,42.991,3.767,0,0,69.90,30555.80,31835.91,27,5528763,6034180,10389086208,38172925952
2025-05-14 07:01:18,38.961,3.766,0,0,59.90,30555.80,31835.91,27,5528964,6034381,10389086208,38172925952
2025-05-14 07:01:18,41.004,3.783,0,0,59.90,30555.80,31835.91,27,5529165,6034582,10389086208,38172925952
2025-05-14 07:01:18,37.393,3.742,0,0,219.60,30555.80,31835.91,27,5529365,6034782,10389086208,38172925952
2025-05-14 07:01:18,43.399,4.171,0,0,179.70,30555.80,31835.91,27,5529575,6034997,10389086208,38173147136
2025-05-14 07:01:18,43.222,3.958,0,1675264,149.70,30555.80,31835.91,27,5529853,6035294,10389086208,38174683136
2025-05-14 07:01:19,42.075,3.931,0,147456,149.70,30555.80,31835.91,27,5530057,6035499,10389086208,38174748672
2025-05-14 07:01:19,42.390,3.965,0,0,159.70,30555.80,31835.91,27,5530258,6035700,10389086208,38174748672
2025-05-14 07:01:19,41.810,3.917,0,0,169.70,30555.80,31835.91,27,5530459,6035901,10389086208,38174748672
2025-05-14 07:01:19,40.638,3.950,0,12288,149.70,30555.80,31835.91,27,5530654,6036098,10389086208,38174826496
2025-05-14 07:01:19,42.085,4.003,0,65536,69.90,30555.80,31835.91,27,5530855,6036299,10389086208,38174826496
2025-05-14 07:01:20,37.145,3.805,0,0,59.90,30555.80,31835.91,27,5531056,6036500,10389086208,38174826496
2025-05-14 07:01:20,38.066,3.788,0,0,129.80,30555.80,31835.91,27,5531257,6036701,10389086208,38174826496
2025-05-14 07:01:20,42.511,4.101,0,12288,209.70,30555.80,31835.91,27,5531479,6036930,10389086208,38174961664
2025-05-14 07:01:20,46.726,4.257,0,188416,159.70,30555.80,31835.91,27,5531685,6037137,10389086208,38175027200
2025-05-14 07:01:20,46.932,4.221,0,0,149.70,30555.80,31835.91,27,5531884,6037336,10389086208,38175027200
2025-05-14 07:01:21,44.649,4.038,0,0,149.70,30555.80,31835.91,27,5532085,6037537,10389086208,38175027200
2025-05-14 07:01:21,45.029,4.019,0,0,179.70,30555.80,31835.91,27,5532302,6037759,10389086208,38175211520
2025-05-14 07:01:21,45.417,4.299,0,598016,589.00,30555.80,31835.91,27,5532625,6038112,10389086208,38176673792
2025-05-14 07:01:21,49.881,5.396,0,2002944,469.10,30555.80,31835.91,27,5532933,6038458,10389086208,38178209792
2025-05-14 07:01:21,50.189,5.291,0,1155072,429.20,30555.80,31835.91,27,5533192,6038746,10389086208,38179110912
2025-05-14 07:01:22,47.830,4.828,0,692224,399.40,30555.80,31835.91,27,5533447,6039020,10389086208,38179766272
2025-05-14 07:01:22,44.815,4.861,0,356352,459.30,30555.80,31835.91,27,5533657,6039232,10389086208,38179860480
2025-05-14 07:01:22,45.520,4.679,0,159744,409.40,30555.80,31835.91,27,5533869,6039448,10389086208,38180057088
2025-05-14 07:01:22,44.814,4.741,0,69632,339.40,30555.80,31835.91,27,5534083,6039668,10389086208,38180200448
2025-05-14 07:01:22,44.679,4.775,0,208896,459.20,30555.80,31835.91,27,5534816,6040551,10389086208,38185013248
2025-05-14 07:01:23,46.444,4.734,0,4808704,429.30,30555.80,31835.91,27,5535029,6040768,10389086208,38185189376
2025-05-14 07:01:23,45.457,4.671,0,204800,429.30,30555.80,31835.91,27,5535256,6041005,10389086208,38185418752
2025-05-14 07:01:23,45.311,4.549,0,200704,379.40,30555.80,31835.91,27,5535460,6041210,10389086208,38185484288
2025-05-14 07:01:23,45.569,4.526,0,0,369.40,30555.80,31835.91,27,5535664,6041415,10389086208,38185488384
2025-05-14 07:01:23,44.533,4.755,0,69632,329.40,30555.80,31835.91,27,5535873,6041629,10389086208,38185656320
2025-05-14 07:01:24,45.724,4.800,0,294912,598.90,30555.80,31835.91,27,5536157,6041942,10389086208,38186278912
2025-05-14 07:01:24,47.966,5.214,0,704512,449.60,30555.80,31835.91,27,5536402,6042203,10389086208,38186618880
2025-05-14 07:01:24,45.416,4.600,0,77824,379.30,30555.80,31835.91,27,5536613,6042417,10389086208,38186704896
2025-05-14 07:01:24,45.360,4.681,0,139264,409.40,30555.80,31835.91,27,5536819,6042625,10389086208,38186770432
2025-05-14 07:01:24,45.482,4.405,0,0,409.30,30555.80,31835.91,27,5537020,6042826,10389086208,38186770432
2025-05-14 07:01:25,45.291,4.510,0,0,349.50,30555.80,31835.91,27,5537226,6043032,10389086208,38186770432
2025-05-14 07:01:25,45.129,4.578,0,0,279.60,30555.80,31835.91,27,5537427,6043233,10389086208,38186770432
2025-05-14 07:01:25,44.293,4.453,0,12288,389.40,30555.80,31835.91,27,5537651,6043466,10389086208,38186901504
2025-05-14 07:01:25,46.602,4.639,0,352256,349.40,30555.80,31835.91,27,5537890,6043717,10389086208,38187266048
2025-05-14 07:01:25,45.523,4.555,0,221184,329.40,30555.80,31835.91,27,5538125,6043962,10389086208,38187732992
2025-05-14 07:01:26,47.096,4.715,0,512000,369.30,30555.80,31835.91,27,5538369,6044229,10389086208,38188044288
2025-05-14 07:01:26,46.381,4.614,0,241664,349.40,30555.80,31835.91,27,5538600,6044468,10389086208,38188515328
2025-05-14 07:01:26,45.708,4.711,0,589824,349.40,30555.80,31835.91,27,5538829,6044706,10389086208,38188929024
2025-05-14 07:01:26,46.220,4.688,0,512000,249.60,30555.80,31835.91,27,5539049,6044935,10389086208,38189379584
2025-05-14 07:01:26,46.322,4.689,0,339968,319.50,30555.80,31835.91,27,5539271,6045164,10389086208,38189731840
2025-05-14 07:01:27,46.688,4.750,0,4976640,289.50,30555.80,31835.91,27,5539936,6045899,10389086208,38194720768
2025-05-14 07:01:27,44.951,4.521,0,376832,289.50,30555.80,31835.91,27,5540153,6046120,10389086208,38195064832
2025-05-14 07:01:27,44.951,4.552,0,225280,279.50,30555.80,31835.91,27,5540365,6046336,10389086208,38195302400
2025-05-14 07:01:27,44.456,4.509,0,282624,309.50,30555.80,31835.91,27,5540569,6046545,10389086208,38195531776
2025-05-14 07:01:27,46.573,4.858,0,245760,399.20,30555.80,31835.91,27,5541232,6047363,10389086208,38196404224
2025-05-14 07:01:28,46.368,4.613,0,1466368,389.40,30555.80,31835.91,27,5542218,6048622,10389086208,38197723136
2025-05-14 07:01:28,46.058,4.494,0,1335296,459.20,30555.80,31835.91,27,5543260,6049950,10389086208,38199107584
2025-05-14 07:01:28,47.080,4.716,0,1409024,419.20,30555.80,31835.91,27,5544319,6051306,10389086208,38200639488
2025-05-14 07:01:28,46.839,4.544,0,1560576,439.30,30555.80,31835.91,27,5545409,6052706,10389086208,38202122240
2025-05-14 07:01:28,46.523,4.800,0,1429504,429.30,30555.80,31835.91,27,5546428,6054012,10389086208,38203576320
2025-05-14 07:01:29,46.686,4.619,0,1507328,349.50,30555.80,31835.91,27,5547557,6055469,10389086208,38205177856
2025-05-14 07:01:29,46.279,4.587,0,1560576,409.30,30555.80,31835.91,27,5548593,6056801,10389086208,38206611456
2025-05-14 07:01:29,46.424,4.661,0,1433600,359.60,30555.80,31835.91,27,5549688,6058222,10389086208,38208122880
2025-05-14 07:01:29,45.542,4.534,0,1527808,379.30,30555.80,31835.91,27,5550794,6059643,10389086208,38209671168
2025-05-14 07:01:29,46.358,4.595,0,1617920,339.40,30555.80,31835.91,27,5551981,6061172,10389086208,38211502080
2025-05-14 07:01:30,45.820,4.434,0,1970176,409.30,30555.80,31835.91,27,5553095,6062608,10389086208,38213369856
2025-05-14 07:01:30,46.302,4.582,0,1908736,329.40,30555.80,31835.91,27,5554338,6064216,10389086208,38215487488
2025-05-14 07:01:30,45.750,4.498,0,2256896,359.30,30555.80,31835.91,27,5555570,6065807,10389086208,38217666560
2025-05-14 07:01:30,46.024,4.440,0,2138112,419.20,30555.80,31835.91,27,5556774,6067373,10389086208,38219784192
2025-05-14 07:01:30,46.539,4.600,0,2019328,439.30,30555.80,31835.91,27,5557887,6068800,10389086208,38221697024
2025-05-14 07:01:31,46.356,4.937,0,1916928,349.40,30555.80,31835.91,27,5559159,6070458,10389086208,38226505728
2025-05-14 07:01:31,46.256,4.668,0,4673536,359.40,30555.80,31835.91,27,5560244,6071863,10389086208,38228463616
2025-05-14 07:01:31,46.748,4.592,0,1978368,369.30,30555.80,31835.91,27,5561382,6073327,10389086208,38230376448
2025-05-14 07:01:31,46.943,4.724,0,1806336,379.30,30555.80,31835.91,27,5562360,6074586,10389086208,38232104960
2025-05-14 07:01:31,47.185,4.800,0,1789952,369.40,30555.80,31835.91,27,5563417,6075946,10389086208,38233911296
2025-05-14 07:01:32,46.702,4.807,0,1961984,379.30,30555.80,31835.91,27,5564590,6077457,10389086208,38235922432
2025-05-14 07:01:32,45.639,4.632,0,2011136,429.20,30555.80,31835.91,27,5565668,6078849,10389086208,38237691904
2025-05-14 07:01:32,45.920,4.900,0,1617920,429.30,30555.80,31835.91,27,5566688,6080154,10389086208,38239453184
2025-05-14 07:01:32,46.443,4.733,0,1847296,389.30,30555.80,31835.91,27,5567799,6081596,10389086208,38241361920
2025-05-14 07:01:32,46.797,4.684,0,1888256,339.40,30555.80,31835.91,27,5569027,6083186,10389086208,38243401728
2025-05-14 07:01:33,44.947,4.768,0,2125824,419.30,30555.80,31835.91,27,5570169,6084665,10389086208,38245335040
2025-05-14 07:01:33,46.787,4.730,0,1560576,369.40,30555.80,31835.91,27,5571242,6086039,10389086208,38247092224
2025-05-14 07:01:33,45.529,4.692,0,2101248,349.30,30555.80,31835.91,27,5572490,6087656,10389086208,38249279488
2025-05-14 07:01:33,45.103,4.531,0,1724416,329.40,30555.80,31835.91,27,5572930,6088181,10389086208,38249877504
2025-05-14 07:01:33,44.410,4.534,0,73728,259.50,30555.80,31835.91,27,5573132,6088383,10389086208,38249877504
2025-05-14 07:01:34,44.577,4.507,0,0,279.50,30555.80,31835.91,27,5573332,6088583,10389086208,38249877504
2025-05-14 07:01:34,44.708,4.352,0,24576,289.60,30555.80,31835.91,27,5573539,6088792,10389086208,38249967616
2025-05-14 07:01:34,44.689,4.383,0,81920,259.60,30555.80,31835.91,27,5573748,6089004,10389086208,38249984000
2025-05-14 07:01:34,44.396,4.301,0,0,259.60,30555.80,31835.91,27,5573949,6089205,10389086208,38249984000
2025-05-14 07:01:35,43.301,4.554,0,0,279.50,30555.80,31835.91,27,5574150,6089406,10389086208,38249984000
2025-05-14 07:01:35,44.536,4.318,0,0,259.60,30555.80,31835.91,27,5574351,6089607,10389086208,38249984000
2025-05-14 07:01:35,44.231,4.309,0,0,249.60,30555.80,31835.91,27,5574556,6089812,10389086208,38249984000
2025-05-14 07:01:35,44.440,4.431,0,0,289.50,30555.80,31835.91,27,5574757,6090013,10389086208,38249984000
2025-05-14 07:01:35,44.383,4.424,0,0,309.40,30555.80,31835.91,27,5574958,6090214,10389086208,38249984000
2025-05-14 07:01:36,45.001,4.395,0,4345856,259.50,30555.80,31835.91,27,5575330,6090611,10389086208,38254329856
2025-05-14 07:01:36,44.572,4.428,0,8192,299.50,30555.80,31835.91,27,5575555,6090844,10389086208,38254465024
2025-05-14 07:01:36,45.128,4.500,0,126976,249.50,30555.80,31835.91,27,5575757,6091046,10389086208,38254465024
2025-05-14 07:01:36,44.280,4.395,0,0,299.50,30555.80,31835.91,27,5575957,6091246,10389086208,38254465024
2025-05-14 07:01:36,44.594,4.588,0,135168,299.50,30555.84,31835.91,27,5576171,6091463,10389086208,38254600192
2025-05-14 07:01:37,45.247,4.554,0,0,299.50,30555.84,31835.91,27,5576370,6091662,10389086208,38254600192
2025-05-14 07:01:37,45.523,4.500,0,0,319.50,30555.84,31835.91,27,5576569,6091861,10389086208,38254600192
2025-05-14 07:01:37,44.568,4.521,0,0,319.40,30555.84,31835.91,27,5576772,6092064,10389086208,38254600192
2025-05-14 07:01:37,44.663,4.436,0,0,339.30,30555.84,31835.91,27,5576973,6092265,10389086208,38254600192
2025-05-14 07:01:37,45.721,4.485,0,0,279.50,30555.84,31835.91,27,5577175,6092467,10389086208,38254600192
2025-05-14 07:01:38,45.299,4.584,0,0,299.50,30555.84,31835.91,27,5577376,6092668,10389086208,38254600192
2025-05-14 07:01:38,45.519,4.729,0,0,259.50,30555.84,31835.91,27,5577577,6092869,10389086208,38254600192
2025-05-14 07:01:38,45.528,4.648,0,0,269.50,30555.84,31835.91,27,5577786,6093078,10389086208,38254600192
2025-05-14 07:01:38,44.556,4.511,0,0,309.50,30555.84,31835.91,27,5577987,6093279,10389086208,38254600192
2025-05-14 07:01:38,45.495,4.510,0,0,279.50,30555.84,31835.91,27,5578186,6093478,10389086208,38254600192
2025-05-14 07:01:39,47.925,4.512,0,0,309.40,30555.84,31835.91,27,5578380,6093672,10389086208,38254600192
2025-05-14 07:01:39,45.238,4.657,0,0,309.70,30555.89,31835.91,27,5578584,6093877,10389086208,38254661632
2025-05-14 07:01:39,45.188,4.608,0,258048,279.50,30555.94,31835.91,27,5578793,6094091,10389086208,38254862336
2025-05-14 07:01:39,43.785,4.608,0,4096,309.50,30555.94,31835.91,27,5578994,6094292,10389086208,38254862336
2025-05-14 07:01:39,46.225,4.701,0,57344,279.50,30555.98,31835.91,27,5579236,6094543,10389086208,38255308800
2025-05-14 07:01:40,48.247,4.847,0,389120,329.40,30555.98,31835.91,27,5579442,6094749,10389086208,38255308800
2025-05-14 07:01:40,44.511,4.489,0,0,329.50,30555.98,31835.91,27,5579647,6094954,10389086208,38255308800
2025-05-14 07:01:40,45.245,4.506,0,0,319.50,30555.98,31835.91,27,5579848,6095155,10389086208,38255308800
2025-05-14 07:01:40,45.103,4.558,0,0,269.50,30555.98,31835.91,27,5580047,6095354,10389086208,38255308800
2025-05-14 07:01:40,44.522,4.585,0,0,269.50,30555.98,31835.91,27,5580250,6095558,10389086208,38255374336
2025-05-14 07:01:41,44.421,4.560,0,679936,339.30,30555.98,31835.91,27,5580711,6096068,10389086208,38258733056
2025-05-14 07:01:41,44.052,4.626,0,2744320,299.50,30555.98,31835.91,27,5580927,6096287,10389086208,38258827264
2025-05-14 07:01:41,43.617,4.716,0,274432,279.50,30555.98,31835.91,27,5581178,6096557,10389086208,38259326976
2025-05-14 07:01:41,45.349,4.515,0,602112,329.50,30555.98,31835.91,27,5581425,6096819,10389086208,38259847168
2025-05-14 07:01:41,45.358,4.648,0,561152,329.50,30555.98,31835.91,27,5581681,6097093,10389086208,38260330496
2025-05-14 07:01:42,44.815,4.589,0,368640,339.40,30555.98,31835.91,27,5581906,6097326,10389086208,38260756480
2025-05-14 07:01:42,44.760,4.732,0,417792,299.40,30555.98,31835.91,27,5582136,6097568,10389086208,38261174272
2025-05-14 07:01:42,44.973,4.512,0,339968,349.40,30555.98,31835.91,27,5582388,6097836,10389086208,38261518336
2025-05-14 07:01:42,45.560,4.569,0,319488,319.40,30555.98,31835.91,27,5582614,6098072,10389086208,38261747712
2025-05-14 07:01:42,45.563,4.520,0,233472,309.40,30555.98,31835.91,27,5582833,6098297,10389086208,38261915648
2025-05-14 07:01:43,44.743,4.535,0,65536,299.50,30555.98,31835.91,27,5583040,6098506,10389086208,38262038528
2025-05-14 07:01:43,44.296,4.450,0,208896,329.50,30555.98,31835.91,27,5583250,6098719,10389086208,38262124544
2025-05-14 07:01:43,46.279,4.515,0,4096,239.60,30555.98,31835.91,27,5583457,6098928,10389086208,38262194176
2025-05-14 07:01:43,44.156,4.576,0,65536,269.50,30555.98,31835.91,27,5583658,6099129,10389086208,38262194176
2025-05-14 07:01:43,46.060,4.595,0,16384,379.30,30555.98,31835.91,27,5583875,6099352,10389086208,38262280192
2025-05-14 07:01:44,45.273,4.632,0,143360,339.40,30555.98,31835.91,27,5584083,6099562,10389086208,38262353920
2025-05-14 07:01:44,44.942,4.508,0,73728,339.50,30555.98,31835.91,27,5584290,6099771,10389086208,38262427648
2025-05-14 07:01:44,45.020,4.540,0,0,379.30,30555.98,31835.91,27,5584491,6099972,10389086208,38262427648
2025-05-14 07:01:44,44.813,4.720,0,12288,369.30,30555.98,31835.91,27,5584700,6100184,10389086208,38262439936
2025-05-14 07:01:44,44.841,4.722,0,57344,379.40,30555.98,31835.91,27,5584908,6100394,10389086208,38262562816
2025-05-14 07:01:45,45.940,4.727,0,249856,409.30,30555.98,31835.91,27,5585265,6100797,10389086208,38264176640
2025-05-14 07:01:45,45.981,4.677,0,4661248,409.30,30555.98,31835.91,27,5585772,6101385,10389086208,38267408384
2025-05-14 07:01:45,45.832,4.789,0,0,459.20,30555.98,31835.91,27,5585971,6101584,10389086208,38267408384
2025-05-14 07:01:45,47.733,4.937,0,479232,479.10,30555.98,31835.91,27,5586309,6101968,10389090304,38268059648
2025-05-14 07:01:45,47.289,4.859,4096,270336,409.30,30555.98,31835.91,27,5586544,6102217,10389090304,38268256256
2025-05-14 07:01:46,47.117,4.968,0,188416,449.30,30555.98,31835.91,27,5586777,6102463,10389090304,38268465152
2025-05-14 07:01:46,47.198,4.712,0,262144,409.30,30555.98,31835.91,27,5587011,6102708,10389090304,38268608512
2025-05-14 07:01:46,45.487,4.522,0,0,359.40,30555.98,31835.91,27,5587209,6102906,10389090304,38268608512
2025-05-14 07:01:46,45.044,4.295,0,86016,339.40,30555.98,31835.91,27,5587425,6103128,10389090304,38268694528
2025-05-14 07:01:46,45.223,4.555,0,0,319.50,30555.98,31835.91,27,5587625,6103328,10389090304,38268694528
2025-05-14 07:01:47,44.567,4.476,0,90112,369.40,30555.98,31835.91,27,5587848,6103558,10389090304,38268858368
2025-05-14 07:01:47,44.793,4.724,0,143360,339.40,30555.98,31835.91,27,5588058,6103771,10389090304,38268948480
2025-05-14 07:01:47,43.220,4.612,0,90112,469.20,30555.98,31835.91,27,5588295,6104020,10389090304,38269181952
2025-05-14 07:01:47,46.452,4.757,0,307200,469.20,30555.98,31835.91,27,5588524,6104258,10389090304,38269403136
2025-05-14 07:01:47,46.814,4.904,12288,204800,439.30,30555.98,31835.91,27,5588755,6104497,10389102592,38269644800
2025-05-14 07:01:48,47.531,4.876,0,225280,519.10,30555.98,31835.91,27,5589004,6104763,10389102592,38269943808
2025-05-14 07:01:48,47.536,4.929,0,307200,489.10,30555.98,31835.91,27,5589241,6105012,10389102592,38270177280
2025-05-14 07:01:48,46.507,4.716,0,196608,409.40,30555.98,31835.91,27,5589458,6105236,10389102592,38270296064
2025-05-14 07:01:48,46.075,4.626,0,155648,379.40,30555.98,31835.91,27,5589694,6105484,10389102592,38270525440
2025-05-14 07:01:48,45.158,4.723,0,188416,349.40,30555.98,31835.91,27,5589984,6105805,10389102592,38270783488
2025-05-14 07:01:49,45.212,4.801,0,180224,349.40,30555.98,31835.91,27,5590189,6106012,10389102592,38270861312
2025-05-14 07:01:49,44.445,4.871,0,5304320,379.40,30555.98,31835.91,27,5590864,6106790,10389102592,38276165632
2025-05-14 07:01:49,45.217,4.669,0,163840,429.10,30555.98,31835.91,27,5591092,6107026,10389102592,38276333568
2025-05-14 07:01:49,45.495,4.439,0,155648,389.40,30555.98,31835.91,27,5591316,6107258,10389102592,38276530176
2025-05-14 07:01:49,45.661,4.497,0,126976,399.40,30555.98,31835.91,27,5591522,6107466,10389102592,38276599808
2025-05-14 07:01:50,45.417,4.540,0,65536,369.30,30555.98,31835.91,27,5591723,6107667,10389102592,38276599808
2025-05-14 07:01:50,44.392,4.664,0,12288,319.30,30555.98,31835.91,27,5591930,6107876,10389102592,38276612096
2025-05-14 07:01:50,44.677,4.497,0,0,379.40,30555.98,31835.91,27,5592134,6108080,10389102592,38276612096
2025-05-14 07:01:50,44.233,4.752,0,0,379.70,30555.98,31835.91,27,5592339,6108285,10389102592,38276612096
2025-05-14 07:01:50,45.401,4.711,0,0,409.30,30555.98,31835.91,27,5592544,6108491,10389102592,38276620288
2025-05-14 07:01:51,45.498,4.605,0,77824,399.70,30555.98,31835.91,27,5592762,6108712,10389102592,38276755456
2025-05-14 07:01:51,45.576,4.929,0,86016,359.40,30555.98,31835.91,27,5592974,6108928,10389102592,38276857856
2025-05-14 07:01:51,45.983,4.789,4096,163840,449.20,30555.98,31835.91,27,5593199,6109161,10389106688,38277021696
2025-05-14 07:01:51,46.346,4.768,0,499712,449.20,30555.98,31835.91,27,5593531,6109549,10389106688,38277578752
2025-05-14 07:01:51,46.135,4.735,0,208896,399.40,30555.98,31835.91,27,5593750,6109774,10389106688,38277758976
2025-05-14 07:01:52,45.904,4.806,0,196608,429.20,30555.98,31835.91,27,5593977,6110010,10389106688,38277959680
2025-05-14 07:01:52,45.201,4.705,0,188416,419.70,30555.98,31835.91,27,5594186,6110223,10389106688,38278098944
2025-05-14 07:01:52,46.030,4.790,0,65536,339.50,30555.98,31835.91,27,5594387,6110424,10389106688,38278098944
2025-05-14 07:01:52,45.433,4.477,0,0,349.30,30555.98,31835.91,27,5594587,6110624,10389106688,38278098944
2025-05-14 07:01:52,43.988,4.502,0,0,469.20,30555.98,31835.91,27,5594786,6110823,10389106688,38278098944
2025-05-14 07:01:53,45.182,4.974,0,0,389.30,30555.98,31835.91,27,5594990,6111028,10389106688,38278111232
2025-05-14 07:01:53,44.357,4.981,0,77824,399.30,30555.98,31835.91,27,5595197,6111237,10389106688,38278180864
2025-05-14 07:01:53,45.364,4.927,0,3133440,389.30,30555.98,31835.91,27,5595552,6111702,10389106688,38281314304
2025-05-14 07:01:53,44.866,4.820,0,77824,429.30,30555.98,31835.91,27,5595766,6111920,10389106688,38281457664
2025-05-14 07:01:53,46.251,4.596,0,143360,309.50,30555.98,31835.91,27,5595983,6112142,10389106688,38281596928
2025-05-14 07:01:54,45.877,4.710,0,167936,299.40,30555.98,31835.91,27,5596205,6112371,10389106688,38281768960
2025-05-14 07:01:54,44.873,4.640,0,139264,329.40,30555.98,31835.91,27,5596418,6112588,10389106688,38281912320
2025-05-14 07:01:54,44.970,4.490,0,147456,289.40,30555.98,31835.91,27,5596629,6112802,10389106688,38282051584
2025-05-14 07:01:54,43.947,4.432,0,73728,309.50,30555.98,31835.91,27,5596834,6113009,10389106688,38282125312
2025-05-14 07:01:54,44.746,4.382,0,73728,329.40,30555.98,31835.91,27,5597061,6113244,10389106688,38282293248
2025-05-14 07:01:55,43.141,4.404,0,327680,299.50,30555.98,31835.91,27,5597270,6113456,10389106688,38282469376
2025-05-14 07:01:55,44.971,4.343,0,28672,249.60,30555.98,31835.91,27,5597486,6113677,10389106688,38282559488
2025-05-14 07:01:55,42.954,4.365,0,135168,329.40,30555.98,31835.91,27,5597691,6113883,10389106688,38282625024
2025-05-14 07:01:55,45.340,4.502,0,45056,319.40,30555.98,31835.91,27,5597945,6114156,10389106688,38282948608
2025-05-14 07:01:55,44.984,4.691,0,471040,329.50,30555.98,31835.91,27,5598200,6114429,10389106688,38283296768
2025-05-14 07:01:56,45.078,4.362,0,274432,379.40,30555.98,31835.91,27,5598439,6114680,10389106688,38283530240
2025-05-14 07:01:56,45.215,4.464,0,217088,269.60,30555.98,31835.91,27,5598661,6114910,10389106688,38283706368
2025-05-14 07:01:56,44.329,4.454,0,184320,319.40,30555.98,31835.91,27,5598882,6115136,10389106688,38283829248
2025-05-14 07:01:56,44.515,4.299,0,81920,299.50,30555.98,31835.91,27,5599090,6115347,10389106688,38283964416
2025-05-14 07:01:56,43.855,4.450,0,65536,349.40,30555.98,31835.91,27,5599297,6115556,10389106688,38284038144
2025-05-14 07:01:57,45.327,4.524,0,73728,279.50,30555.98,31835.91,27,5599501,6115761,10389106688,38284042240
2025-05-14 07:01:57,45.010,4.485,0,69632,289.50,30555.98,31835.91,27,5599705,6115966,10389106688,38284107776
2025-05-14 07:01:57,44.943,4.483,0,0,399.40,30555.98,31835.91,27,5599906,6116167,10389106688,38284107776
2025-05-14 07:01:57,45.753,4.450,0,0,369.30,30555.98,31835.91,27,5600111,6116372,10389106688,38284107776
2025-05-14 07:01:57,45.217,4.526,0,0,349.40,30555.98,31835.91,27,5600503,6116813,10389106688,38287597568
2025-05-14 07:01:58,45.351,4.560,0,3555328,389.20,30555.98,31835.91,27,5600703,6117014,10389106688,38287663104
2025-05-14 07:01:58,45.733,4.436,0,0,329.40,30555.98,31835.91,27,5600904,6117215,10389106688,38287663104
2025-05-14 07:01:58,45.193,4.449,0,4096,409.20,30555.98,31835.91,27,5601112,6117425,10389106688,38287732736
2025-05-14 07:01:58,44.906,4.563,0,65536,309.50,30555.98,31835.91,27,5601316,6117629,10389106688,38287732736
2025-05-14 07:01:58,44.505,4.687,0,0,289.50,30555.98,31835.91,27,5601511,6117824,10389106688,38287732736
2025-05-14 07:01:59,44.174,4.690,0,0,339.40,30555.98,31835.91,27,5601716,6118029,10389106688,38287732736
2025-05-14 07:01:59,45.069,4.746,0,0,379.40,30555.98,31835.91,27,5601918,6118231,10389106688,38287732736
2025-05-14 07:01:59,45.026,4.701,0,16384,259.50,30555.98,31835.91,27,5602125,6118440,10389106688,38287814656
2025-05-14 07:01:59,42.567,4.435,0,65536,279.50,30555.98,31835.91,27,5602329,6118645,10389106688,38287818752
2025-05-14 07:01:59,43.927,4.413,0,73728,329.40,30555.98,31835.91,27,5602545,6118866,10389106688,38287937536
2025-05-14 07:02:00,43.685,4.488,0,65536,319.30,30555.98,31835.91,27,5602757,6119081,10389106688,38288019456
2025-05-14 07:02:00,44.027,4.654,0,65536,299.50,30555.98,31835.91,27,5602979,6119310,10389106688,38288171008
2025-05-14 07:02:00,44.958,4.597,0,217088,279.50,30555.98,31835.91,27,5603184,6119516,10389106688,38288236544
2025-05-14 07:02:00,44.600,4.618,0,1232896,259.60,30555.98,31835.91,27,5603417,6119767,10389106688,38289534976
2025-05-14 07:02:00,43.346,4.586,0,65536,289.50,30555.98,31835.91,27,5603620,6119970,10389106688,38289534976
2025-05-14 07:02:01,44.589,4.487,0,0,299.50,30555.98,31835.91,27,5603824,6120175,10389106688,38289543168
2025-05-14 07:02:01,45.295,4.524,0,73728,309.50,30555.98,31835.91,27,5604043,6120398,10389106688,38289678336
2025-05-14 07:02:01,45.132,4.540,0,135168,269.60,30555.98,31835.91,27,5604249,6120606,10389106688,38289747968
2025-05-14 07:02:01,43.696,4.320,0,69632,259.50,30555.98,31835.91,27,5604454,6120812,10389106688,38289813504
2025-05-14 07:02:01,43.950,4.314,0,0,279.50,30555.98,31835.91,27,5604655,6121013,10389106688,38289813504
2025-05-14 07:02:02,44.830,4.456,0,0,289.50,30555.98,31835.91,27,5604856,6121214,10389106688,38289813504
2025-05-14 07:02:02,44.399,4.369,0,0,249.60,30555.98,31835.91,27,5605057,6121415,10389106688,38289813504
2025-05-14 07:02:02,42.646,4.398,0,2519040,299.50,30555.98,31835.91,27,5605343,6121733,10389106688,38292398080
2025-05-14 07:02:02,43.947,4.395,0,65536,239.60,30555.98,31835.91,27,5605541,6121931,10389106688,38292398080
2025-05-14 07:02:02,44.572,4.322,0,4096,309.50,30555.98,31835.91,27,5605757,6122152,10389106688,38292504576
2025-05-14 07:02:03,44.649,4.558,0,159744,289.50,30555.98,31835.91,27,5605970,6122369,10389106688,38292692992
2025-05-14 07:02:03,44.317,4.304,0,135168,249.60,30555.98,31835.91,27,5606178,6122579,10389106688,38292762624
2025-05-14 07:02:03,44.166,4.381,4096,221184,309.40,30555.98,31835.91,27,5606431,6122863,10389110784,38292922368
2025-05-14 07:02:03,44.508,4.390,0,73728,309.50,30555.98,31835.91,27,5606641,6123076,10389110784,38293057536
2025-05-14 07:02:03,44.569,4.408,0,65536,249.50,30555.98,31835.91,27,5606844,6123280,10389110784,38293069824
2025-05-14 07:02:04,44.375,4.396,0,266240,309.40,30555.98,31835.91,27,5607061,6123504,10389110784,38293393408
2025-05-14 07:02:04,43.355,4.355,0,159744,359.40,30555.98,31835.91,27,5607298,6123754,10389110784,38293655552
2025-05-14 07:02:04,44.308,4.385,0,282624,329.50,30555.98,31835.91,27,5607514,6123975,10389110784,38293774336
2025-05-14 07:02:04,44.945,4.332,0,12288,299.50,30555.98,31835.91,27,5607712,6124175,10389110784,38293843968
2025-05-14 07:02:04,44.261,4.271,0,139264,299.50,30555.98,31835.91,27,5607929,6124397,10389110784,38294056960
2025-05-14 07:02:05,44.482,4.323,0,229376,239.60,30555.98,31835.91,27,5608141,6124613,10389110784,38294147072
2025-05-14 07:02:05,44.715,4.318,0,0,299.50,30555.98,31835.91,27,5608344,6124818,10389110784,38294216704
2025-05-14 07:02:05,44.429,4.347,0,69632,289.50,30555.98,31835.91,27,5608558,6125035,10389110784,38294458368
2025-05-14 07:02:05,45.177,4.395,0,241664,259.50,30555.98,31835.91,27,5608771,6125252,10389110784,38294552576
2025-05-14 07:02:05,45.052,4.364,0,110592,349.40,30555.98,31835.91,27,5608979,6125466,10389110784,38294642688
2025-05-14 07:02:06,43.342,4.515,0,143360,359.40,30555.98,31835.91,27,5609186,6125675,10389110784,38294712320
2025-05-14 07:02:06,44.813,4.500,0,16384,349.40,30555.98,31835.91,27,5609396,6125888,10389110784,38294798336
2025-05-14 07:02:06,45.354,4.500,0,135168,339.70,30555.98,31835.91,27,5609613,6126109,10389110784,38294953984
2025-05-14 07:02:06,45.501,4.278,0,90112,339.40,30555.98,31835.91,27,5610021,6126560,10389110784,38298341376
2025-05-14 07:02:06,44.899,4.395,0,3452928,309.50,30555.98,31835.91,27,5610225,6126765,10389110784,38298406912
2025-05-14 07:02:07,45.249,4.246,0,73728,309.40,30555.98,31835.91,27,5610438,6126982,10389110784,38298488832
2025-05-14 07:02:07,44.646,4.355,0,77824,259.60,30555.98,31835.91,27,5610659,6127211,10389110784,38298869760
2025-05-14 07:02:07,43.676,4.343,0,311296,289.80,30555.98,31835.91,27,5610860,6127412,10389110784,38298869760
2025-05-14 07:02:07,42.978,4.415,0,86016,339.50,30555.98,31835.91,27,5611076,6127634,10389110784,38299033600
2025-05-14 07:02:08,44.785,4.426,0,151552,269.50,30555.98,31835.91,27,5611286,6127849,10389110784,38299295744
2025-05-14 07:02:08,44.319,4.462,0,495616,299.60,30555.98,31835.91,27,5611508,6128078,10389110784,38299721728
2025-05-14 07:02:08,44.528,4.320,0,122880,399.30,30555.98,31835.91,27,5611754,6128339,10389110784,38300192768
2025-05-14 07:02:08,45.558,4.609,0,589824,399.30,30555.98,31835.91,27,5612011,6128620,10389110784,38300860416
2025-05-14 07:02:08,44.572,4.719,0,864256,299.70,30555.98,31835.91,27,5612244,6128861,10389110784,38301257728
2025-05-14 07:02:09,44.647,4.505,0,360448,309.50,30555.98,31835.91,27,5612481,6129108,10389110784,38301622272
2025-05-14 07:02:09,43.167,4.552,0,323584,339.50,30555.98,31835.91,27,5612722,6129362,10389110784,38302076928
2025-05-14 07:02:09,45.095,4.491,0,331776,349.40,30555.98,31835.91,27,5612964,6129619,10389110784,38302564352
2025-05-14 07:02:09,45.342,4.592,0,573440,329.40,30555.98,31835.91,27,5613204,6129881,10389110784,38303330304
2025-05-14 07:02:09,44.575,4.461,0,638976,349.40,30555.98,31835.91,27,5613418,6130099,10389110784,38303444992
2025-05-14 07:02:10,45.369,4.667,0,389120,379.30,30555.98,31835.91,27,5613662,6130357,10389110784,38303916032
2025-05-14 07:02:10,45.038,4.867,0,376832,399.30,30555.98,31835.91,27,5613896,6130602,10389110784,38304333824
2025-05-14 07:02:10,46.000,4.675,0,294912,409.20,30555.98,31835.91,27,5614134,6130851,10389110784,38304677888
2025-05-14 07:02:10,45.932,4.931,0,372736,389.30,30555.98,31835.91,27,5614349,6131074,10389110784,38304931840
2025-05-14 07:02:10,46.138,4.874,0,90112,449.30,30555.98,31835.91,27,5614591,6131329,10389110784,38305476608
2025-05-14 07:02:11,46.902,5.033,0,4743168,389.30,30555.98,31835.91,27,5615142,6131953,10389110784,38309969920
2025-05-14 07:02:11,47.357,4.924,0,569344,339.30,30555.98,31835.91,27,5615385,6132209,10389110784,38310449152
2025-05-14 07:02:11,46.923,4.822,0,335872,329.40,30555.98,31835.91,27,5615594,6132421,10389110784,38310645760
2025-05-14 07:02:11,44.397,4.736,0,229376,379.40,30555.98,31835.91,27,5615816,6132650,10389110784,38310965248
2025-05-14 07:02:11,46.896,4.640,0,311296,349.40,30555.98,31835.91,27,5616048,6132894,10389110784,38311325696
2025-05-14 07:02:12,46.582,4.580,0,335872,409.30,30555.98,31835.91,27,5616269,6133123,10389110784,38311596032
2025-05-14 07:02:12,46.404,4.758,0,139264,399.30,30555.98,31835.91,27,5616475,6133332,10389110784,38311686144
2025-05-14 07:02:12,46.208,4.808,0,258048,359.40,30555.98,31835.91,27,5616690,6133553,10389110784,38311854080
2025-05-14 07:02:12,46.698,4.776,0,135168,359.30,30555.98,31835.91,27,5616910,6133780,10389110784,38312062976
2025-05-14 07:02:12,46.342,4.825,0,241664,409.20,30555.98,31835.91,27,5617145,6134028,10389110784,38312427520
2025-05-14 07:02:13,46.330,4.675,0,270336,429.20,30555.98,31835.91,27,5617370,6134260,10389110784,38312640512
2025-05-14 07:02:13,45.922,4.607,0,139264,419.30,30555.98,31835.91,27,5617589,6134483,10389110784,38312824832
2025-05-14 07:02:13,45.797,4.695,0,184320,399.30,30555.98,31835.91,27,5617790,6134684,10389110784,38312824832
2025-05-14 07:02:13,46.270,4.739,0,151552,409.30,30555.98,31835.91,27,5618000,6134897,10389110784,38312976384
2025-05-14 07:02:13,46.049,4.760,0,0,439.30,30555.98,31835.91,27,5618207,6135106,10389110784,38313074688
2025-05-14 07:02:14,46.512,4.841,0,249856,459.20,30555.98,31835.91,27,5618431,6135337,10389110784,38313381888
2025-05-14 07:02:14,46.329,4.731,0,335872,449.20,30555.98,31835.91,27,5618662,6135578,10389110784,38313771008
2025-05-14 07:02:14,46.504,4.487,0,290816,369.40,30555.98,31835.91,27,5618873,6135794,10389110784,38313926656
2025-05-14 07:02:14,46.279,4.434,0,237568,289.50,30555.98,31835.91,27,5619096,6136027,10389110784,38314127360
2025-05-14 07:02:14,45.247,4.385,0,180224,329.50,30555.98,31835.91,27,5619318,6136256,10389110784,38314340352
2025-05-14 07:02:15,45.104,4.335,0,69632,289.50,30555.98,31835.91,27,5619527,6136468,10389110784,38314352640
2025-05-14 07:02:15,45.040,4.464,0,4112384,319.40,30555.98,31835.91,27,5620071,6137055,10389110784,38318452736
2025-05-14 07:02:15,44.927,4.350,0,81920,289.50,30555.98,31835.91,27,5620277,6137264,10389110784,38318534656
2025-05-14 07:02:15,44.756,4.425,0,0,319.50,30555.98,31835.91,27,5620478,6137465,10389110784,38318534656
2025-05-14 07:02:15,44.926,4.440,0,0,299.50,30555.98,31835.91,27,5620684,6137671,10389110784,38318534656
2025-05-14 07:02:16,45.010,4.433,0,0,309.50,30555.98,31835.91,27,5620886,6137873,10389110784,38318534656
2025-05-14 07:02:16,45.212,4.452,0,143360,299.50,30555.98,31835.91,27,5621113,6138110,10389110784,38318743552
2025-05-14 07:02:16,45.133,4.476,0,65536,319.50,30555.98,31835.91,27,5621314,6138311,10389110784,38318743552
2025-05-14 07:02:16,44.327,4.481,0,0,299.40,30555.98,31835.91,27,5621514,6138511,10389110784,38318743552
2025-05-14 07:02:16,44.883,4.402,0,0,339.40,30555.98,31835.91,27,5621715,6138712,10389110784,38318743552
2025-05-14 07:02:17,45.468,4.376,0,0,329.30,30555.98,31835.91,27,5621920,6138917,10389110784,38318743552
2025-05-14 07:02:17,44.274,4.437,0,0,329.50,30555.98,31835.91,27,5622121,6139118,10389110784,38318743552
2025-05-14 07:02:17,45.205,4.368,0,0,309.50,30555.98,31835.91,27,5622322,6139319,10389110784,38318743552
2025-05-14 07:02:17,45.662,4.514,0,0,299.50,30555.98,31835.91,27,5622524,6139521,10389110784,38318743552
2025-05-14 07:02:17,44.839,4.425,0,12288,339.40,30555.98,31835.91,27,5622731,6139730,10389110784,38318755840
2025-05-14 07:02:18,45.488,4.556,0,0,289.50,30555.98,31835.91,27,5622932,6139931,10389110784,38318755840
2025-05-14 07:02:18,43.833,4.563,0,0,329.50,30555.98,31835.91,27,5623132,6140131,10389110784,38318755840
2025-05-14 07:02:18,45.267,4.462,0,0,299.50,30555.98,31835.91,27,5623333,6140332,10389110784,38318755840
2025-05-14 07:02:18,45.069,4.477,0,0,299.50,30555.98,31835.91,27,5623534,6140533,10389110784,38318755840
2025-05-14 07:02:18,45.020,4.372,0,0,329.50,30555.98,31835.91,27,5623735,6140734,10389110784,38318755840
2025-05-14 07:02:19,45.214,4.321,0,0,309.50,30555.98,31835.91,27,5623936,6140935,10389110784,38318755840
2025-05-14 07:02:19,45.145,4.346,0,0,339.40,30555.98,31835.91,27,5624137,6141136,10389110784,38318755840
2025-05-14 07:02:19,45.054,4.383,0,0,309.50,30555.98,31835.91,27,5624338,6141337,10389110784,38318755840
2025-05-14 07:02:19,44.957,4.327,0,0,329.40,30555.98,31835.91,27,5624539,6141538,10389110784,38318755840
2025-05-14 07:02:19,45.209,4.330,0,0,329.50,30555.98,31835.91,27,5624740,6141739,10389110784,38318755840
2025-05-14 07:02:20,45.051,4.300,0,0,289.50,30555.98,31835.91,27,5624941,6141940,10389110784,38318755840
2025-05-14 07:02:20,45.431,4.399,0,4096,289.50,30555.98,31835.91,27,5625146,6142146,10389110784,38318759936
2025-05-14 07:02:20,44.943,4.423,0,0,259.60,30555.98,31835.91,27,5625353,6142353,10389110784,38318759936
2025-05-14 07:02:20,44.574,4.524,0,36864,299.50,30555.98,31835.91,27,5625561,6142571,10389110784,38318796800
2025-05-14 07:02:20,45.055,4.386,0,0,309.40,30555.98,31835.91,27,5625762,6142772,10389110784,38318796800
2025-05-14 07:02:21,44.972,4.511,0,3395584,309.40,30555.98,31835.91,27,5626239,6143383,10389110784,38322249728
2025-05-14 07:02:21,44.954,4.450,0,73728,329.50,30555.98,31835.91,27,5626446,6143592,10389110784,38322266112
2025-05-14 07:02:21,44.797,4.427,0,57344,319.50,30555.98,31835.91,27,5626684,6143842,10389110784,38322356224
2025-05-14 07:02:21,44.290,4.503,0,45056,339.40,30555.98,31835.91,27,5626891,6144051,10389110784,38322368512
2025-05-14 07:02:21,45.002,4.422,0,0,309.40,30555.98,31835.91,27,5627092,6144252,10389110784,38322368512
2025-05-14 07:02:22,45.089,4.423,0,57344,299.50,30555.98,31835.91,27,5627297,6144460,10389110784,38322425856
2025-05-14 07:02:22,45.027,4.478,0,0,329.50,30555.98,31835.91,27,5627497,6144660,10389110784,38322425856
2025-05-14 07:02:22,44.979,4.426,0,0,309.60,30555.98,31835.91,27,5627698,6144861,10389110784,38322425856
2025-05-14 07:02:22,44.596,4.473,0,0,299.50,30555.98,31835.91,27,5627898,6145061,10389110784,38322425856
2025-05-14 07:02:22,45.007,4.423,0,0,289.50,30555.98,31835.91,27,5628099,6145262,10389110784,38322425856
2025-05-14 07:02:23,44.739,4.492,0,0,339.40,30555.98,31835.91,27,5628300,6145463,10389110784,38322425856
2025-05-14 07:02:23,44.732,4.608,0,0,309.30,30555.98,31835.91,27,5628501,6145664,10389110784,38322425856
2025-05-14 07:02:23,44.525,4.465,0,0,319.50,30555.98,31835.91,27,5628698,6145861,10389110784,38322425856
2025-05-14 07:02:23,45.424,4.499,0,0,309.50,30555.98,31835.91,27,5628899,6146062,10389110784,38322425856
2025-05-14 07:02:23,45.014,4.464,0,0,359.40,30555.98,31835.91,27,5629101,6146264,10389110784,38322425856
2025-05-14 07:02:24,45.598,4.431,0,0,299.50,30555.98,31835.91,27,5629302,6146465,10389110784,38322425856
2025-05-14 07:02:24,44.958,4.393,0,0,299.40,30555.98,31835.91,27,5629503,6146666,10389110784,38322425856
2025-05-14 07:02:24,45.299,4.312,0,0,279.60,30555.98,31835.91,27,5629704,6146867,10389110784,38322425856
2025-05-14 07:02:24,44.679,4.309,0,0,319.50,30555.98,31835.91,27,5629904,6147067,10389110784,38322425856
2025-05-14 07:02:24,45.279,4.390,0,0,309.60,30555.98,31835.91,27,5630105,6147268,10389110784,38322425856
2025-05-14 07:02:25,43.342,4.248,0,0,129.80,30555.98,31835.91,27,5630306,6147469,10389110784,38322425856
2025-05-14 07:02:25,38.606,3.854,0,2428928,69.90,30555.98,31835.91,27,5630673,6148075,10389110784,38324862976
2025-05-14 07:02:25,36.651,3.795,0,20480,79.90,30555.98,31835.91,27,5630882,6148287,10389110784,38324875264
2025-05-14 07:02:25,36.205,3.764,0,0,69.90,30555.98,31835.91,27,5631083,6148488,10389110784,38324875264
2025-05-14 07:02:25,36.496,3.742,0,0,69.90,30555.98,31835.91,27,5631284,6148689,10389110784,38324875264
2025-05-14 07:02:26,36.397,3.745,0,0,49.90,30555.98,31835.91,27,5631485,6148890,10389110784,38324875264
2025-05-14 07:02:26,36.745,3.728,0,12288,79.90,30555.98,31835.91,27,5631695,6149103,10389110784,38324895744
2025-05-14 07:02:26,36.480,3.724,0,8192,69.90,30555.98,31835.91,27,5631897,6149305,10389110784,38324895744
2025-05-14 07:02:26,37.025,3.782,0,0,159.70,30555.98,31835.91,27,5632097,6149505,10389110784,38324895744
2025-05-14 07:02:26,40.882,3.845,0,0,79.90,30555.98,31835.91,27,5632298,6149706,10389110784,38324895744
2025-05-14 07:02:27,36.239,3.771,0,0,79.90,30555.98,31835.91,27,5632499,6149907,10389110784,38324895744
2025-05-14 07:02:27,36.132,3.731,0,0,69.90,30555.98,31835.91,27,5632700,6150108,10389110784,38324895744
2025-05-14 07:02:27,36.316,3.779,0,0,79.90,30555.98,31835.91,27,5632904,6150313,10389114880,38324920320
2025-05-14 07:02:27,36.226,3.746,4096,24576,69.90,30555.98,31835.91,27,5633105,6150514,10389114880,38324920320
2025-05-14 07:02:27,36.395,3.756,0,0,89.90,30555.98,31835.91,27,5633306,6150715,10389114880,38324920320
2025-05-14 07:02:28,36.982,3.788,0,0,79.90,30555.98,31835.91,27,5633507,6150916,10389114880,38324920320
2025-05-14 07:02:28,36.346,3.737,0,0,59.90,30555.98,31835.91,27,5633707,6151116,10389114880,38324920320
2025-05-14 07:02:28,37.962,3.792,0,0,239.60,30555.98,31835.91,27,5633908,6151317,10389114880,38324920320
2025-05-14 07:02:28,43.018,3.994,0,0,59.90,30555.98,31835.91,27,5634108,6151517,10389114880,38324920320
2025-05-14 07:02:28,36.782,3.688,0,0,59.90,30555.98,31835.91,27,5634310,6151719,10389114880,38324920320
2025-05-14 07:02:29,36.516,3.703,0,0,59.90,30555.98,31835.91,27,5634511,6151920,10389114880,38324920320
2025-05-14 07:02:29,36.438,3.741,0,0,79.90,30555.98,31835.91,27,5634712,6152121,10389114880,38324920320
2025-05-14 07:02:29,36.148,3.782,0,0,79.90,30555.98,31835.91,27,5634913,6152322,10389114880,38324920320
2025-05-14 07:02:29,35.989,3.745,0,0,59.90,30555.98,31835.91,27,5635114,6152523,10389114880,38324920320
2025-05-14 07:02:29,36.968,3.711,0,0,69.90,30555.98,31835.91,27,5635320,6152732,10389114880,38324932608
2025-05-14 07:02:30,36.382,3.730,0,12288,79.90,30555.98,31835.91,27,5635521,6152933,10389114880,38324932608
2025-05-14 07:02:30,36.089,3.658,0,0,69.90,30555.98,31835.91,27,5635722,6153134,10389114880,38324932608
2025-05-14 07:02:30,36.570,3.717,0,0,59.90,30555.98,31835.91,27,5635923,6153335,10389114880,38324932608
2025-05-14 07:02:30,36.442,3.721,0,0,79.90,30555.98,31835.91,27,5636127,6153539,10389114880,38324932608
2025-05-14 07:02:30,37.913,3.711,0,0,59.90,30555.98,31835.91,27,5636328,6153740,10389114880,38324932608
2025-05-14 07:02:31,37.291,3.749,0,0,79.90,30555.98,31835.91,27,5636530,6153942,10389114880,38324932608
2025-05-14 07:02:31,36.883,3.770,0,0,79.90,30555.98,31835.91,27,5636731,6154143,10389114880,38324932608
2025-05-14 07:02:31,38.784,3.739,0,0,59.90,30555.98,31835.91,27,5636932,6154344,10389114880,38324932608
2025-05-14 07:02:31,37.442,3.730,0,0,69.90,30555.98,31835.91,27,5637133,6154545,10389114880,38324932608
2025-05-14 07:02:31,38.359,3.726,0,0,159.70,30555.98,31835.91,27,5637335,6154747,10389114880,38324932608
2025-05-14 07:02:32,39.441,3.685,0,0,69.90,30555.98,31835.91,27,5637536,6154948,10389114880,38324932608
2025-05-14 07:02:32,36.336,3.697,0,0,89.90,30555.98,31835.91,27,5637737,6155149,10389114880,38324932608
2025-05-14 07:02:32,36.478,3.741,0,0,69.90,30555.98,31835.91,27,5637938,6155350,10389114880,38324932608
2025-05-14 07:02:32,36.216,3.714,0,0,79.90,30555.98,31835.91,27,5638138,6155550,10389114880,38324932608
2025-05-14 07:02:32,36.599,3.731,0,8192,69.90,30555.98,31835.91,27,5638343,6155757,10389114880,38324940800
2025-05-14 07:02:33,36.415,3.750,0,16384,79.90,30555.98,31835.91,27,5638552,6155969,10389114880,38324957184
2025-05-14 07:02:33,36.111,3.749,0,0,59.90,30555.98,31835.91,27,5638753,6156170,10389114880,38324957184
2025-05-14 07:02:33,37.025,3.724,0,0,69.90,30555.98,31835.91,27,5638954,6156371,10389114880,38324957184
2025-05-14 07:02:33,36.095,3.713,0,0,69.90,30555.98,31835.91,27,5639156,6156573,10389114880,38324957184
2025-05-14 07:02:33,36.230,3.743,0,0,49.90,30555.98,31835.91,27,5639357,6156774,10389114880,38324957184
2025-05-14 07:02:34,36.821,3.739,0,0,69.90,30555.98,31835.91,27,5639558,6156975,10389114880,38324957184
2025-05-14 07:02:34,36.268,3.706,0,0,79.90,30555.98,31835.91,27,5639759,6157176,10389114880,38324957184
2025-05-14 07:02:34,36.558,3.781,0,0,89.90,30555.98,31835.91,27,5639960,6157377,10389114880,38324957184
2025-05-14 07:02:34,36.262,3.727,0,0,69.90,30555.98,31835.91,27,5640160,6157577,10389114880,38324957184
2025-05-14 07:02:34,36.279,3.724,0,0,79.90,30555.98,31835.91,27,5640361,6157778,10389114880,38324957184
2025-05-14 07:02:35,36.210,3.702,0,0,89.90,30555.98,31835.91,27,5640559,6157976,10389114880,38324957184
2025-05-14 07:02:35,36.328,3.700,0,0,69.90,30555.98,31835.91,27,5640760,6158177,10389114880,38324957184
2025-05-14 07:02:35,36.444,3.718,0,0,59.90,30555.98,31835.91,27,5640961,6158378,10389114880,38324957184
2025-05-14 07:02:35,37.732,3.818,0,1646592,79.90,30555.98,31835.91,27,5641186,6158618,10389114880,38326603776
2025-05-14 07:02:35,36.550,3.714,0,0,79.90,30555.98,31835.91,27,5641387,6158819,10389114880,38326603776
2025-05-14 07:02:36,36.302,3.719,0,0,89.80,30555.98,31835.91,27,5641589,6159021,10389114880,38326603776
2025-05-14 07:02:36,36.095,3.719,0,0,79.90,30555.98,31835.91,27,5641790,6159222,10389114880,38326603776
2025-05-14 07:02:36,36.268,3.706,0,0,69.90,30555.98,31835.91,27,5641991,6159423,10389114880,38326603776
2025-05-14 07:02:36,36.238,3.736,0,0,79.80,30555.98,31835.91,27,5642191,6159623,10389114880,38326603776
2025-05-14 07:02:36,36.122,3.757,0,0,79.90,30555.98,31835.91,27,5642392,6159824,10389114880,38326603776
2025-05-14 07:02:37,37.023,3.745,0,0,79.90,30555.98,31835.91,27,5642593,6160025,10389114880,38326603776
2025-05-14 07:02:37,36.027,3.732,0,0,79.90,30555.98,31835.91,27,5642794,6160226,10389114880,38326603776
2025-05-14 07:02:37,36.472,3.737,0,28672,69.90,30555.98,31835.91,27,5643006,6160445,10389114880,38326632448
2025-05-14 07:02:37,36.207,3.685,0,0,79.90,30555.98,31835.91,27,5643207,6160646,10389114880,38326632448
2025-05-14 07:02:37,36.772,3.722,0,0,69.90,30555.98,31835.91,27,5643409,6160848,10389114880,38326632448
2025-05-14 07:02:38,36.755,3.681,0,0,79.90,30555.98,31835.91,27,5643610,6161049,10389114880,38326632448
2025-05-14 07:02:38,36.312,3.735,0,12288,79.90,30555.98,31835.91,27,5643819,6161261,10389114880,38326644736
2025-05-14 07:02:38,36.153,3.713,0,0,69.90,30555.98,31835.91,27,5644020,6161462,10389114880,38326644736
2025-05-14 07:02:38,37.139,3.714,0,0,79.90,30555.98,31835.91,27,5644220,6161662,10389114880,38326644736
2025-05-14 07:02:38,36.180,3.708,0,0,79.90,30555.98,31835.91,27,5644421,6161863,10389114880,38326644736
2025-05-14 07:02:39,36.309,3.712,0,0,69.90,30555.98,31835.91,27,5644622,6162064,10389114880,38326644736
2025-05-14 07:02:39,36.109,3.644,0,0,89.90,30555.98,31835.91,27,5644823,6162265,10389114880,38326644736
2025-05-14 07:02:39,36.342,3.688,0,0,69.90,30555.98,31835.91,27,5645024,6162466,10389114880,38326644736
2025-05-14 07:02:39,36.757,3.721,0,0,69.90,30555.98,31835.91,27,5645226,6162668,10389114880,38326644736
2025-05-14 07:02:39,36.151,3.732,0,0,79.90,30555.98,31835.91,27,5645427,6162869,10389114880,38326644736
2025-05-14 07:02:40,36.186,3.716,0,0,69.90,30555.98,31835.91,27,5645628,6163070,10389114880,38326644736
2025-05-14 07:02:40,36.314,3.719,0,0,79.90,30555.98,31835.91,27,5645829,6163271,10389114880,38326644736
2025-05-14 07:02:40,36.475,3.776,0,0,79.90,30555.98,31835.91,27,5646030,6163472,10389114880,38326644736
2025-05-14 07:02:40,36.467,3.731,0,0,69.90,30555.98,31835.91,27,5646231,6163673,10389114880,38326644736
2025-05-14 07:02:40,36.842,3.703,0,0,59.90,30555.98,31835.91,27,5646436,6163878,10389114880,38326644736
2025-05-14 07:02:41,38.159,3.761,0,0,69.90,30555.98,31835.91,27,5646637,6164079,10389114880,38326644736
2025-05-14 07:02:41,36.621,3.747,0,0,69.90,30555.98,31835.91,27,5646838,6164280,10389114880,38326644736
2025-05-14 07:02:41,36.827,3.694,0,0,49.90,30555.98,31835.91,27,5647039,6164481,10389114880,38326644736
2025-05-14 07:02:41,38.150,3.781,0,0,79.90,30555.98,31835.91,27,5647240,6164682,10389114880,38326644736
2025-05-14 07:02:42,36.901,3.693,0,0,69.90,30555.98,31835.91,27,5647441,6164883,10389114880,38326644736
2025-05-14 07:02:42,36.544,3.663,0,0,79.90,30555.98,31835.91,27,5647643,6165085,10389114880,38326644736
2025-05-14 07:02:42,36.443,3.700,0,0,69.90,30555.98,31835.91,27,5647844,6165286,10389114880,38326644736
2025-05-14 07:02:42,37.015,3.708,0,0,49.90,30555.98,31835.91,27,5648044,6165486,10389114880,38326644736
2025-05-14 07:02:42,36.675,3.724,0,0,69.90,30555.98,31835.91,27,5648245,6165687,10389114880,38326644736
2025-05-14 07:02:43,36.160,3.688,0,0,79.90,30555.98,31835.91,27,5648446,6165888,10389114880,38326644736
2025-05-14 07:02:43,36.610,3.672,0,0,79.90,30555.98,31835.91,27,5648648,6166090,10389114880,38326644736
2025-05-14 07:02:43,36.342,3.701,0,0,99.80,30555.98,31835.91,27,5648849,6166291,10389114880,38326644736
2025-05-14 07:02:43,36.744,3.748,0,0,69.90,30555.98,31835.91,27,5649050,6166492,10389114880,38326644736
2025-05-14 07:02:43,36.642,3.699,0,0,69.90,30555.98,31835.91,27,5649251,6166693,10389114880,38326644736
2025-05-14 07:02:44,36.317,3.697,0,0,89.90,30555.98,31835.91,27,5649451,6166893,10389114880,38326644736
2025-05-14 07:02:44,36.715,3.668,0,0,89.90,30555.98,31835.91,27,5649653,6167095,10389114880,38326644736
2025-05-14 07:02:44,37.020,3.724,0,0,89.80,30555.98,31835.91,27,5649854,6167296,10389114880,38326644736
2025-05-14 07:02:44,36.964,3.752,0,0,69.90,30555.98,31835.91,27,5650054,6167496,10389114880,38326644736
2025-05-14 07:02:44,36.731,3.769,0,0,79.90,30555.98,31835.91,27,5650255,6167697,10389114880,38326644736
2025-05-14 07:02:45,36.247,3.753,0,0,79.90,30555.98,31835.91,27,5650456,6167898,10389114880,38326644736
2025-05-14 07:02:45,35.836,3.724,0,0,79.90,30555.98,31835.91,27,5650657,6168099,10389114880,38326644736
2025-05-14 07:02:45,36.639,3.692,0,0,79.90,30555.98,31835.91,27,5650859,6168301,10389114880,38326644736
2025-05-14 07:02:45,36.560,3.718,0,0,69.90,30555.98,31835.91,27,5651060,6168502,10389114880,38326644736
2025-05-14 07:02:45,36.210,3.658,0,0,69.90,30555.90,31795.89,22,5651261,6168703,10389114880,38326644736
2025-05-14 07:02:46,36.496,3.651,0,0,69.90,30555.90,31795.89,22,5651462,6168904,10389114880,38326644736
2025-05-14 07:02:46,36.846,3.729,0,0,49.90,30555.90,31795.89,22,5651663,6169105,10389114880,38326644736
2025-05-14 07:02:46,36.452,3.753,0,0,69.90,30555.90,31795.89,22,5651864,6169306,10389114880,38326644736
2025-05-14 07:02:46,36.722,3.745,0,0,79.90,30555.90,31795.89,22,5652065,6169507,10389114880,38326644736
2025-05-14 07:02:46,36.598,3.700,0,0,59.90,30555.90,31795.89,22,5652266,6169708,10389114880,38326644736
2025-05-14 07:02:47,36.721,3.680,0,0,69.90,30555.90,31795.89,22,5652466,6169908,10389114880,38326644736
2025-05-14 07:02:47,36.317,3.713,0,0,69.80,30555.90,31795.89,22,5652667,6170109,10389114880,38326644736
2025-05-14 07:02:47,36.079,3.743,0,0,79.90,30555.90,31795.89,22,5652868,6170310,10389114880,38326644736
2025-05-14 07:02:47,36.426,3.725,0,0,79.90,30555.73,31739.86,15,5653069,6170511,10389114880,38326644736
2025-05-14 07:02:47,36.465,3.696,0,0,69.90,30555.73,31739.86,15,5653270,6170712,10389114880,38326644736
2025-05-14 07:02:48,37.229,3.758,0,0,69.90,30555.73,31739.86,15,5653471,6170913,10389114880,38326644736
2025-05-14 07:02:48,36.545,3.732,0,0,59.90,30555.61,31707.85,11,5653672,6171114,10389114880,38326644736
2025-05-14 07:02:48,36.403,3.716,0,0,79.90,30555.61,31707.85,11,5653874,6171316,10389114880,38326644736
2025-05-14 07:02:48,36.393,3.766,0,0,69.90,30555.61,31707.85,11,5654074,6171516,10389114880,38326644736
2025-05-14 07:02:48,38.277,3.799,0,0,59.90,30555.61,31707.85,11,5654275,6171717,10389114880,38326644736
2025-05-14 07:02:49,36.611,3.695,0,0,69.90,30555.61,31707.85,11,5654476,6171918,10389114880,38326644736
2025-05-14 07:02:49,36.479,3.709,0,0,79.90,30555.61,31707.85,11,5654677,6172119,10389114880,38326644736
2025-05-14 07:02:49,36.635,3.708,0,0,79.90,30555.61,31707.85,11,5654878,6172320,10389114880,38326644736
2025-05-14 07:02:49,36.777,3.701,0,0,69.90,30555.61,31707.85,11,5655079,6172521,10389114880,38326644736
2025-05-14 07:02:49,36.588,3.694,0,0,39.90,30555.61,31707.85,11,5655278,6172720,10389114880,38326644736
2025-05-14 07:02:50,39.158,3.754,0,0,69.90,30555.61,31707.85,11,5655480,6172922,10389114880,38326644736
2025-05-14 07:02:50,36.946,3.716,0,0,59.90,30555.61,31707.85,11,5655686,6173128,10389114880,38326644736
2025-05-14 07:02:50,38.326,3.733,0,0,69.90,30555.61,31707.85,11,5655887,6173329,10389114880,38326644736
2025-05-14 07:02:50,37.498,3.742,0,0,69.90,30555.61,31707.85,11,5656088,6173530,10389114880,38326644736
2025-05-14 07:02:50,36.776,3.772,0,0,69.90,30555.61,31707.85,11,5656289,6173731,10389114880,38326644736
2025-05-14 07:02:51,37.136,3.719,0,0,69.90,30555.61,31707.85,11,5656490,6173932,10389114880,38326644736
2025-05-14 07:02:51,37.009,3.735,0,0,69.90,30555.61,31707.85,11,5656691,6174133,10389114880,38326644736
2025-05-14 07:02:51,36.532,3.729,0,0,79.90,30555.61,31707.85,11,5656893,6174335,10389114880,38326644736
2025-05-14 07:02:51,36.979,3.761,0,0,69.90,30555.61,31707.85,11,5657094,6174536,10389114880,38326644736
2025-05-14 07:02:51,37.667,3.785,0,0,69.90,30555.61,31707.85,11,5657295,6174737,10389114880,38326644736
2025-05-14 07:02:52,37.014,3.739,0,0,69.90,30555.61,31707.85,11,5657496,6174938,10389114880,38326644736
2025-05-14 07:02:52,36.694,3.766,0,0,79.90,30555.61,31707.85,11,5657697,6175139,10389114880,38326644736
2025-05-14 07:02:52,36.339,3.749,0,0,79.90,30555.61,31707.85,11,5657899,6175341,10389114880,38326644736
2025-05-14 07:02:52,36.767,3.737,0,0,69.90,30555.61,31707.85,11,5658099,6175541,10389114880,38326644736
2025-05-14 07:02:52,36.339,3.745,0,0,69.90,30555.61,31707.85,11,5658300,6175742,10389114880,38326644736
2025-05-14 07:02:53,36.871,3.764,0,0,69.90,30555.61,31707.85,11,5658501,6175943,10389114880,38326644736
2025-05-14 07:02:53,36.489,3.706,0,0,89.90,30555.61,31707.85,11,5658702,6176144,10389114880,38326644736
2025-05-14 07:02:53,36.453,3.722,0,0,59.90,30555.61,31707.85,11,5658903,6176345,10389114880,38326644736
2025-05-14 07:02:53,36.537,3.740,0,0,69.90,30555.61,31707.85,11,5659104,6176546,10389114880,38326644736
2025-05-14 07:02:53,36.291,3.686,0,0,59.90,30555.61,31707.85,11,5659306,6176748,10389114880,38326644736
2025-05-14 07:02:54,36.530,3.754,0,0,99.80,30555.61,31707.85,11,5659507,6176949,10389114880,38326644736
2025-05-14 07:02:54,37.249,3.759,0,0,79.90,30555.61,31707.85,11,5659708,6177150,10389114880,38326644736
2025-05-14 07:02:54,36.799,3.721,0,0,79.90,30555.61,31707.85,11,5659909,6177351,10389114880,38326644736
2025-05-14 07:02:54,37.129,3.753,0,0,79.90,30555.61,31707.85,11,5660109,6177551,10389114880,38326644736
2025-05-14 07:02:54,36.517,3.741,0,0,59.90,30555.61,31707.85,11,5660310,6177752,10389114880,38326644736
2025-05-14 07:02:55,36.629,3.706,0,0,69.90,30555.61,31707.85,11,5660511,6177953,10389114880,38326644736
2025-05-14 07:02:55,37.050,3.720,0,0,69.90,30555.61,31707.85,11,5660712,6178154,10389114880,38326644736
2025-05-14 07:02:55,37.173,3.747,0,0,59.90,30555.61,31707.85,11,5660913,6178355,10389114880,38326644736
2025-05-14 07:02:55,37.188,3.708,0,0,89.90,30555.61,31707.85,11,5661114,6178556,10389114880,38326644736
2025-05-14 07:02:55,36.120,3.695,0,0,59.90,30555.61,31707.85,11,5661315,6178757,10389114880,38326644736
2025-05-14 07:02:56,36.517,3.710,0,0,79.90,30555.61,31707.85,11,5661516,6178958,10389114880,38326644736
2025-05-14 07:02:56,36.788,3.694,0,0,69.90,30555.61,31707.85,11,5661717,6179159,10389114880,38326644736
2025-05-14 07:02:56,36.183,3.638,0,0,69.90,30555.61,31707.85,11,5661918,6179360,10389114880,38326644736
2025-05-14 07:02:56,36.544,3.721,0,0,69.90,30555.61,31707.85,11,5662118,6179560,10389114880,38326644736
2025-05-14 07:02:56,36.844,3.652,0,0,79.90,30555.61,31707.85,11,5662319,6179761,10389114880,38326644736
2025-05-14 07:02:57,36.217,3.693,0,0,69.90,30555.61,31707.85,11,5662520,6179962,10389114880,38326644736
2025-05-14 07:02:57,36.761,3.689,0,0,69.90,30555.61,31707.85,11,5662721,6180163,10389114880,38326644736
2025-05-14 07:02:57,36.638,3.665,0,0,79.90,30555.61,31707.85,11,5662922,6180364,10389114880,38326644736
2025-05-14 07:02:57,36.632,3.717,0,0,69.90,30555.61,31707.85,11,5663123,6180565,10389114880,38326644736
2025-05-14 07:02:57,36.412,3.735,0,0,69.90,30555.61,31707.85,11,5663324,6180766,10389114880,38326644736
2025-05-14 07:02:58,36.723,3.732,0,0,79.90,30555.61,31707.85,11,5663525,6180967,10389114880,38326644736
2025-05-14 07:02:58,36.383,3.696,0,0,69.90,30555.61,31707.85,11,5663726,6181168,10389114880,38326644736
2025-05-14 07:02:58,36.817,3.718,0,0,69.90,30555.61,31707.85,11,5663927,6181369,10389114880,38326644736
2025-05-14 07:02:58,36.560,3.744,0,0,59.90,30555.61,31707.85,11,5664127,6181569,10389114880,38326644736
2025-05-14 07:02:58,36.388,3.734,0,0,69.90,30555.61,31707.85,11,5664328,6181770,10389114880,38326644736
2025-05-14 07:02:59,36.615,3.746,0,0,59.90,30555.61,31707.85,11,5664529,6181971,10389114880,38326644736
2025-05-14 07:02:59,36.913,3.767,0,0,79.90,30555.61,31707.85,11,5664730,6182172,10389114880,38326644736
2025-05-14 07:02:59,36.131,3.690,0,0,79.90,30555.61,31707.85,11,5664931,6182373,10389114880,38326644736
2025-05-14 07:02:59,36.875,3.751,0,0,79.90,30555.61,31707.85,11,5665133,6182575,10389114880,38326644736
2025-05-14 07:02:59,36.193,3.721,0,0,79.90,30555.61,31707.85,11,5665334,6182776,10389114880,38326644736
2025-05-14 07:03:00,36.809,3.732,0,0,79.90,30555.61,31707.85,11,5665538,6182980,10389114880,38326644736
2025-05-14 07:03:00,36.766,3.721,0,0,59.90,30555.61,31707.85,11,5665739,6183181,10389114880,38326644736
2025-05-14 07:03:00,36.513,3.720,0,0,79.90,30555.61,31707.85,11,5665944,6183386,10389114880,38326644736
2025-05-14 07:03:00,38.084,3.688,0,0,59.90,30555.61,31707.85,11,5666144,6183586,10389114880,38326644736
2025-05-14 07:03:00,37.693,3.700,0,0,89.90,30555.61,31715.85,16,5666656,6184143,10389114880,38328979456
2025-05-14 07:03:01,37.951,3.767,0,2334720,79.90,30555.61,31715.85,16,5666856,6184343,10389114880,38328979456
2025-05-14 07:03:01,37.489,3.744,0,0,69.90,30555.61,31715.85,16,5667057,6184544,10389114880,38328979456
2025-05-14 07:03:01,36.581,3.726,0,0,79.90,30555.61,31715.85,16,5667258,6184745,10389114880,38328979456
2025-05-14 07:03:01,36.851,3.684,0,0,79.90,30555.61,31715.85,16,5667459,6184946,10389114880,38328979456
2025-05-14 07:03:01,37.362,3.789,0,0,79.90,30555.61,31715.85,16,5667660,6185147,10389114880,38328979456
2025-05-14 07:03:02,36.570,3.679,0,0,79.90,30555.61,31715.85,16,5667861,6185348,10389114880,38328979456
2025-05-14 07:03:02,36.542,3.706,0,0,79.90,30555.61,31715.85,16,5668062,6185549,10389114880,38328979456
2025-05-14 07:03:02,36.316,3.701,0,0,79.90,30555.61,31715.85,16,5668263,6185750,10389114880,38328979456
2025-05-14 07:03:02,36.575,3.715,0,0,69.90,30555.61,31715.85,16,5668463,6185950,10389114880,38328979456
2025-05-14 07:03:02,36.853,3.694,0,0,79.90,30555.61,31715.85,16,5668664,6186151,10389114880,38328979456
2025-05-14 07:03:03,36.232,3.718,0,0,89.90,30555.61,31715.85,16,5668865,6186352,10389114880,38328979456
2025-05-14 07:03:03,36.029,3.680,0,0,79.90,30555.61,31715.85,16,5669067,6186554,10389114880,38328979456
2025-05-14 07:03:03,35.934,3.694,0,0,89.90,30555.61,31715.85,16,5669267,6186754,10389114880,38328979456
2025-05-14 07:03:03,36.408,3.748,0,0,59.90,30555.61,31715.85,16,5669468,6186955,10389114880,38328979456
2025-05-14 07:03:03,37.035,3.717,0,0,79.90,30555.61,31715.85,16,5669672,6187161,10389114880,38329110528
2025-05-14 07:03:04,36.632,3.779,0,131072,89.90,30555.61,31715.85,16,5669873,6187362,10389114880,38329110528
2025-05-14 07:03:04,36.572,3.775,0,0,69.90,30555.61,31715.85,16,5670074,6187563,10389114880,38329110528
2025-05-14 07:03:04,36.254,3.744,0,0,99.80,30555.61,31715.85,16,5670275,6187764,10389114880,38329110528
2025-05-14 07:03:04,36.557,3.761,0,0,69.90,30555.61,31715.85,16,5670476,6187965,10389114880,38329110528
2025-05-14 07:03:04,36.448,3.736,0,0,89.90,30555.61,31715.85,16,5670676,6188165,10389114880,38329110528
2025-05-14 07:03:05,36.139,3.722,0,0,79.90,30555.61,31715.85,16,5670877,6188366,10389114880,38329110528
2025-05-14 07:03:05,36.273,3.758,0,0,79.90,30555.61,31715.85,16,5671078,6188567,10389114880,38329110528
2025-05-14 07:03:05,35.977,3.752,0,65536,79.90,30555.61,31715.85,16,5671281,6188771,10389114880,38329176064
2025-05-14 07:03:05,38.761,3.840,0,1777664,99.80,30555.61,31715.85,16,5671508,6189016,10389114880,38330953728
2025-05-14 07:03:05,37.181,3.760,0,0,69.90,30555.61,31715.85,16,5671709,6189217,10389114880,38330953728
2025-05-14 07:03:06,36.370,3.769,0,0,79.90,30555.61,31715.85,16,5671910,6189418,10389114880,38330953728
2025-05-14 07:03:06,36.197,3.714,0,0,79.90,30555.61,31715.85,16,5672111,6189619,10389114880,38330953728
2025-05-14 07:03:06,36.685,3.763,0,0,79.90,30555.61,31715.85,16,5672312,6189820,10389114880,38330953728
2025-05-14 07:03:06,36.353,3.777,0,0,69.90,30555.61,31715.85,16,5672512,6190020,10389114880,38330953728
2025-05-14 07:03:06,36.348,3.721,0,0,69.90,30555.61,31715.85,16,5672716,6190224,10389114880,38330953728
2025-05-14 07:03:07,36.435,3.763,0,0,69.90,30555.61,31715.85,16,5672917,6190425,10389114880,38330953728
2025-05-14 07:03:07,36.115,3.757,0,0,59.90,30555.61,31715.85,16,5673118,6190626,10389114880,38330953728
2025-05-14 07:03:07,36.353,3.780,0,0,79.90,30555.61,31715.85,16,5673320,6190828,10389114880,38330953728
2025-05-14 07:03:07,36.102,3.741,0,0,69.90,30555.61,31715.85,16,5673521,6191029,10389114880,38330953728
2025-05-14 07:03:07,36.695,3.790,0,0,69.90,30555.61,31715.85,16,5673722,6191230,10389114880,38330953728
2025-05-14 07:03:08,36.314,3.756,0,0,69.90,30555.61,31715.85,16,5673923,6191431,10389114880,38330953728
2025-05-14 07:03:08,36.383,3.743,0,0,89.80,30555.61,31715.85,16,5674124,6191632,10389114880,38330953728
2025-05-14 07:03:08,36.218,3.741,0,0,59.90,30555.61,31715.85,16,5674325,6191833,10389114880,38330953728
2025-05-14 07:03:08,36.749,3.737,0,0,69.90,30555.61,31715.85,16,5674526,6192034,10389114880,38330953728
2025-05-14 07:03:08,37.513,3.753,0,0,79.90,30555.61,31715.85,16,5674727,6192235,10389114880,38330953728
2025-05-14 07:03:09,36.536,3.759,0,0,69.90,30555.61,31715.85,16,5674928,6192436,10389114880,38330953728
2025-05-14 07:03:09,36.351,3.706,0,0,59.90,30555.61,31715.85,16,5675129,6192637,10389114880,38330953728
2025-05-14 07:03:09,36.763,3.725,0,0,49.90,30555.61,31715.85,16,5675330,6192838,10389114880,38330953728
2025-05-14 07:03:09,36.608,3.725,0,0,69.90,30555.61,31715.85,16,5675531,6193039,10389114880,38330953728
2025-05-14 07:03:09,36.480,3.756,0,0,59.90,30555.61,31715.85,16,5675732,6193240,10389114880,38330953728
2025-05-14 07:03:10,36.985,3.716,0,0,69.90,30555.61,31715.85,16,5675934,6193442,10389114880,38330953728
2025-05-14 07:03:10,36.730,3.786,0,0,59.90,30555.61,31715.85,16,5676135,6193643,10389114880,38330953728
2025-05-14 07:03:10,36.959,3.739,0,0,79.90,30555.61,31715.85,16,5676336,6193844,10389114880,38330953728
2025-05-14 07:03:10,36.160,3.720,0,0,59.90,30555.61,31715.85,16,5676538,6194046,10389114880,38330953728
2025-05-14 07:03:10,38.252,3.774,0,0,49.90,30555.61,31715.85,16,5676739,6194247,10389114880,38330953728
2025-05-14 07:03:11,37.366,3.747,0,0,79.90,30555.61,31715.85,16,5676940,6194448,10389114880,38330953728
2025-05-14 07:03:11,36.766,3.752,0,0,69.90,30555.61,31715.85,16,5677142,6194650,10389114880,38330953728
2025-05-14 07:03:11,36.492,3.763,0,28672,69.90,30555.61,31715.85,16,5677347,6194857,10389114880,38330982400
2025-05-14 07:03:11,36.479,3.737,0,0,69.90,30555.61,31715.85,16,5677548,6195058,10389114880,38330982400
2025-05-14 07:03:11,37.243,3.788,0,0,49.90,30555.61,31715.85,16,5677749,6195259,10389114880,38330982400
2025-05-14 07:03:12,37.927,3.838,0,0,69.90,30555.61,31715.85,16,5677950,6195460,10389114880,38330982400
2025-05-14 07:03:12,36.228,3.747,0,0,59.90,30555.61,31715.85,16,5678151,6195661,10389114880,38330982400
2025-05-14 07:03:12,36.479,3.798,0,0,79.90,30555.61,31715.85,16,5678352,6195862,10389114880,38330982400
2025-05-14 07:03:12,36.345,3.786,0,0,69.90,30555.61,31715.85,16,5678552,6196062,10389114880,38330982400
2025-05-14 07:03:12,36.598,3.752,0,0,69.90,30555.61,31715.85,16,5678753,6196263,10389114880,38330982400
2025-05-14 07:03:13,36.526,3.769,0,0,79.90,30555.61,31715.85,16,5678954,6196464,10389114880,38330982400
2025-05-14 07:03:13,36.285,3.719,0,0,69.90,30555.61,31715.85,16,5679155,6196665,10389114880,38330982400
2025-05-14 07:03:13,37.030,3.783,0,0,79.90,30555.61,31715.85,16,5679356,6196866,10389114880,38330982400
2025-05-14 07:03:13,36.355,3.697,0,0,59.90,30555.61,31715.85,16,5679560,6197070,10389114880,38330982400
2025-05-14 07:03:13,36.779,3.745,0,0,69.90,30555.61,31715.85,16,5679761,6197271,10389114880,38330982400
2025-05-14 07:03:14,36.989,3.792,0,0,59.90,30555.61,31715.85,16,5679961,6197471,10389114880,38330982400
2025-05-14 07:03:14,36.757,3.748,0,0,79.90,30555.61,31715.85,16,5680163,6197673,10389114880,38330982400
2025-05-14 07:03:14,36.912,3.708,0,0,79.90,30555.61,31715.85,16,5680364,6197874,10389114880,38330982400
2025-05-14 07:03:14,36.725,3.745,0,0,49.90,30555.61,31715.85,16,5680564,6198074,10389114880,38330982400
2025-05-14 07:03:14,36.944,3.746,0,0,69.90,30555.61,31715.85,16,5680765,6198275,10389114880,38330982400
2025-05-14 07:03:15,36.618,3.762,0,0,79.90,30555.61,31715.85,16,5680967,6198477,10389114880,38330982400
2025-05-14 07:03:15,36.293,3.744,0,0,59.90,30555.61,31715.85,16,5681168,6198678,10389114880,38330982400
2025-05-14 07:03:15,36.491,3.729,0,0,69.90,30555.61,31715.85,15,5681369,6198879,10389114880,38330982400
2025-05-14 07:03:15,37.254,3.771,0,0,59.90,30555.61,31715.85,13,5681570,6199080,10389114880,38330982400
2025-05-14 07:03:15,36.618,3.745,0,0,79.90,30555.61,31715.85,13,5681771,6199281,10389114880,38330982400
2025-05-14 07:03:16,36.339,3.736,0,0,89.90,30555.61,31715.85,13,5681971,6199481,10389114880,38330982400
2025-05-14 07:03:16,36.257,3.720,0,0,79.90,30555.61,31715.85,13,5682172,6199682,10389114880,38330982400
2025-05-14 07:03:16,36.330,3.706,0,0,69.90,30555.61,31715.85,13,5682373,6199883,10389114880,38330982400
2025-05-14 07:03:16,36.738,3.724,0,0,79.90,30555.61,31715.85,13,5682573,6200083,10389114880,38330982400
2025-05-14 07:03:16,35.924,3.730,0,0,69.90,30555.61,31715.85,13,5682774,6200284,10389114880,38330982400
2025-05-14 07:03:17,36.564,3.777,0,0,79.90,30555.61,31715.85,13,5682975,6200485,10389114880,38330982400
2025-05-14 07:03:17,36.096,3.789,0,0,69.90,30555.61,31715.85,13,5683176,6200686,10389114880,38330982400
2025-05-14 07:03:17,36.313,3.765,0,0,69.90,30555.61,31715.85,13,5683377,6200887,10389114880,38330982400
2025-05-14 07:03:17,36.289,3.758,0,0,69.90,30555.61,31715.85,13,5683578,6201088,10389114880,38330982400
2025-05-14 07:03:17,36.254,3.748,0,0,69.90,30555.61,31715.85,13,5683779,6201289,10389114880,38330982400
2025-05-14 07:03:18,36.242,3.709,0,0,69.90,30555.61,31715.85,13,5683981,6201491,10389114880,38330982400
2025-05-14 07:03:18,36.173,3.737,0,0,69.90,30555.61,31715.85,13,5684182,6201692,10389114880,38330982400
2025-05-14 07:03:18,36.528,3.731,0,0,79.90,30555.61,31715.85,13,5684382,6201892,10389114880,38330982400
2025-05-14 07:03:18,36.094,3.719,0,0,69.90,30555.61,31715.85,13,5684582,6202092,10389114880,38330982400
2025-05-14 07:03:19,36.394,3.794,0,0,79.90,30555.61,31715.85,13,5684783,6202293,10389114880,38330982400
2025-05-14 07:03:19,36.902,3.811,0,0,69.90,30555.61,31715.85,13,5684985,6202495,10389114880,38330982400
2025-05-14 07:03:19,37.132,3.760,0,0,139.70,30555.61,31715.85,13,5685184,6202694,10389114880,38330982400
2025-05-14 07:03:19,37.396,3.794,0,0,79.90,30555.61,31715.85,13,5685385,6202895,10389114880,38330982400
2025-05-14 07:03:19,36.053,3.742,0,0,69.90,30555.61,31715.85,13,5685586,6203096,10389114880,38330982400
2025-05-14 07:03:20,36.666,3.734,0,0,69.90,30555.61,31715.85,13,5685787,6203297,10389114880,38330982400
2025-05-14 07:03:20,36.444,3.767,0,0,59.90,30555.61,31715.85,13,5685989,6203499,10389114880,38330982400
2025-05-14 07:03:20,35.976,3.773,0,0,69.90,30555.61,31715.85,13,5686190,6203700,10389114880,38330982400
2025-05-14 07:03:20,36.366,3.755,0,0,89.90,30555.61,31715.85,13,5686390,6203900,10389114880,38330982400
2025-05-14 07:03:20,36.254,3.771,0,0,69.90,30555.61,31715.85,13,5686591,6204101,10389114880,38330982400
2025-05-14 07:03:21,36.576,3.762,0,0,79.90,30555.61,31715.85,13,5686796,6204306,10389114880,38330982400
2025-05-14 07:03:21,37.730,3.788,0,0,69.90,30555.61,31715.85,13,5686997,6204507,10389114880,38330982400
2025-05-14 07:03:21,36.456,3.765,0,0,69.90,30555.61,31715.85,13,5687198,6204708,10389114880,38330982400
2025-05-14 07:03:21,36.643,3.719,0,0,79.90,30555.59,31707.85,11,5687399,6204909,10389114880,38330982400
2025-05-14 07:03:21,36.659,3.767,0,0,79.90,30555.59,31707.85,11,5687600,6205110,10389114880,38330982400
2025-05-14 07:03:22,36.787,3.756,0,0,59.90,30555.59,31707.85,11,5687801,6205311,10389114880,38330982400
2025-05-14 07:03:22,37.714,3.790,0,0,69.90,30555.59,31707.85,11,5688002,6205512,10389114880,38330982400
2025-05-14 07:03:22,36.480,3.705,0,0,59.90,30555.59,31707.85,11,5688203,6205713,10389114880,38330982400
2025-05-14 07:03:22,36.717,3.706,0,0,69.90,30555.59,31707.85,11,5688403,6205913,10389114880,38330982400
2025-05-14 07:03:22,36.805,3.667,0,0,59.90,30555.59,31707.85,11,5688604,6206114,10389114880,38330982400
2025-05-14 07:03:23,37.318,3.720,0,0,79.90,30555.59,31707.85,11,5688805,6206315,10389114880,38330982400
2025-05-14 07:03:23,36.461,3.723,0,0,79.90,30555.59,31707.85,11,5689006,6206516,10389114880,38330982400
2025-05-14 07:03:23,36.513,3.744,0,0,69.90,30555.59,31707.85,11,5689207,6206717,10389114880,38330982400
2025-05-14 07:03:23,36.222,3.698,0,0,69.90,30555.59,31707.85,11,5689408,6206918,10389114880,38330982400
2025-05-14 07:03:23,36.783,3.723,0,0,59.90,30555.59,31707.85,11,5689609,6207119,10389114880,38330982400
2025-05-14 07:03:24,36.713,3.721,0,0,59.90,30555.59,31707.85,11,5689810,6207320,10389114880,38330982400
2025-05-14 07:03:24,37.769,3.769,0,0,79.90,30555.59,31707.85,11,5690011,6207521,10389114880,38330982400
2025-05-14 07:03:24,36.873,3.736,0,0,89.80,30555.59,31707.85,11,5690213,6207723,10389114880,38330982400
2025-05-14 07:03:24,36.969,3.729,0,0,79.90,30555.59,31707.85,11,5690413,6207923,10389114880,38330982400
2025-05-14 07:03:24,37.014,3.710,0,0,49.90,30555.59,31707.85,11,5690614,6208124,10389114880,38330982400
2025-05-14 07:03:25,36.776,3.732,0,0,69.90,30555.59,31707.85,11,5690816,6208326,10389114880,38330982400
2025-05-14 07:03:25,36.369,3.775,0,0,69.90,30555.59,31707.85,11,5691017,6208527,10389114880,38330982400
2025-05-14 07:03:25,36.598,3.769,0,0,79.80,30555.59,31707.85,11,5691218,6208728,10389114880,38330982400
2025-05-14 07:03:25,36.401,3.721,0,0,89.80,30555.59,31707.85,11,5691419,6208929,10389114880,38330982400
2025-05-14 07:03:25,36.639,3.718,0,0,69.90,30555.59,31707.85,11,5691620,6209130,10389114880,38330982400
2025-05-14 07:03:26,36.531,3.753,0,0,79.90,30555.59,31707.85,11,5691821,6209331,10389114880,38330982400
2025-05-14 07:03:26,36.366,3.731,0,0,69.90,30555.59,31707.85,11,5692022,6209532,10389114880,38330982400
2025-05-14 07:03:26,36.480,3.734,0,0,69.90,30555.59,31707.85,11,5692223,6209733,10389114880,38330982400
2025-05-14 07:03:26,36.658,3.731,0,0,59.90,30555.59,31707.85,11,5692423,6209933,10389114880,38330982400
2025-05-14 07:03:26,37.160,3.688,0,0,69.90,30555.59,31707.85,11,5692625,6210135,10389114880,38330982400
2025-05-14 07:03:27,36.669,3.732,0,0,79.90,30555.59,31707.85,11,5692826,6210336,10389114880,38330982400
2025-05-14 07:03:27,36.432,3.769,0,0,79.90,30555.59,31707.85,11,5693027,6210537,10389114880,38330982400
2025-05-14 07:03:27,36.190,3.722,0,0,69.90,30555.59,31707.85,11,5693228,6210738,10389114880,38330982400
2025-05-14 07:03:27,36.511,3.734,0,0,79.90,30555.59,31707.85,11,5693429,6210939,10389114880,38330982400
2025-05-14 07:03:27,36.145,3.725,0,0,99.80,30555.59,31707.85,11,5693630,6211140,10389114880,38330982400
2025-05-14 07:03:28,36.448,3.785,0,0,79.90,30555.59,31707.85,11,5693831,6211341,10389114880,38330982400
2025-05-14 07:03:28,36.291,3.784,0,0,79.90,30555.59,31707.85,11,5694032,6211542,10389114880,38330982400
2025-05-14 07:03:28,35.700,3.694,0,0,89.90,30555.59,31707.85,11,5694233,6211743,10389114880,38330982400
2025-05-14 07:03:28,35.768,3.767,0,0,79.90,30555.59,31707.85,11,5694430,6211940,10389114880,38330982400
2025-05-14 07:03:28,38.197,3.819,0,0,89.90,30555.59,31707.85,11,5694632,6212142,10389114880,38330982400
2025-05-14 07:03:29,36.339,3.777,0,0,89.90,30555.59,31707.85,11,5694833,6212343,10389114880,38330982400
2025-05-14 07:03:29,36.266,3.777,0,0,89.90,30555.59,31707.85,11,5695034,6212544,10389114880,38330982400
2025-05-14 07:03:29,36.040,3.744,0,0,79.90,30555.59,31707.85,11,5695235,6212745,10389114880,38330982400
2025-05-14 07:03:29,36.102,3.709,0,0,89.90,30555.59,31707.85,11,5695436,6212946,10389114880,38330982400
2025-05-14 07:03:29,36.157,3.736,0,0,79.80,30555.59,31707.85,11,5695637,6213147,10389114880,38330982400
2025-05-14 07:03:30,37.348,3.776,0,32768,79.90,30555.59,31707.85,13,5695849,6213369,10389114880,38331015168
2025-05-14 07:03:30,36.331,3.676,0,0,79.90,30555.59,31707.85,13,5696055,6213575,10389114880,38331015168
2025-05-14 07:03:30,38.074,3.752,0,0,59.90,30555.59,31707.85,13,5696256,6213776,10389114880,38331015168
2025-05-14 07:03:30,38.126,3.739,0,0,69.90,30555.59,31707.85,13,5696456,6213976,10389114880,38331015168
2025-05-14 07:03:30,36.677,3.724,0,0,69.90,30555.59,31707.85,13,5696657,6214177,10389114880,38331015168
2025-05-14 07:03:31,36.802,3.766,0,0,69.90,30555.59,31707.85,13,5696858,6214378,10389114880,38331015168
2025-05-14 07:03:31,37.374,3.785,0,0,69.90,30555.59,31707.85,13,5697059,6214579,10389114880,38331015168
2025-05-14 07:03:31,36.162,3.779,0,0,69.90,30555.59,31707.85,13,5697260,6214780,10389114880,38331015168
2025-05-14 07:03:31,36.361,3.756,0,0,69.90,30555.59,31707.85,13,5697461,6214981,10389114880,38331015168
2025-05-14 07:03:31,36.839,3.660,0,0,119.80,30555.59,31707.85,13,5697660,6215180,10389114880,38331015168
2025-05-14 07:03:32,38.199,3.756,0,0,49.90,30555.59,31707.85,13,5697861,6215381,10389114880,38331015168
2025-05-14 07:03:32,38.104,3.841,0,0,79.90,30555.59,31707.85,13,5698062,6215582,10389114880,38331015168
2025-05-14 07:03:32,36.695,3.756,0,0,69.90,30555.59,31707.85,13,5698263,6215783,10389114880,38331015168
2025-05-14 07:03:32,37.835,3.750,0,122880,69.90,30555.59,31707.85,13,5698496,6216027,10389114880,38331146240
2025-05-14 07:03:32,36.221,3.720,0,8192,69.90,30555.59,31707.85,13,5698697,6216228,10389114880,38331146240
2025-05-14 07:03:33,36.330,3.756,0,0,79.90,30555.59,31707.85,13,5698898,6216429,10389114880,38331146240
2025-05-14 07:03:33,36.437,3.738,0,0,69.90,30555.59,31707.85,13,5699099,6216630,10389114880,38331146240
2025-05-14 07:03:33,37.002,3.760,0,0,69.90,30555.59,31707.85,13,5699300,6216831,10389114880,38331146240
2025-05-14 07:03:33,37.153,3.687,0,0,79.90,30555.59,31707.85,13,5699498,6217029,10389114880,38331146240
2025-05-14 07:03:33,36.369,3.685,0,0,69.90,30555.59,31707.85,13,5699699,6217230,10389114880,38331146240
2025-05-14 07:03:34,36.919,3.745,0,0,99.80,30555.59,31707.85,13,5699901,6217432,10389114880,38331146240
2025-05-14 07:03:34,37.371,3.780,0,0,79.90,30555.59,31707.85,13,5700102,6217633,10389114880,38331146240
2025-05-14 07:03:34,36.927,3.773,0,0,79.90,30555.59,31707.85,13,5700303,6217834,10389114880,38331146240
2025-05-14 07:03:34,36.767,3.752,0,0,79.90,30555.59,31707.85,13,5700503,6218034,10389114880,38331146240
2025-05-14 07:03:34,36.666,3.728,0,0,59.90,30555.59,31707.85,13,5700713,6218247,10389114880,38331166720
2025-05-14 07:03:35,36.770,3.722,0,20480,79.90,30555.59,31707.85,13,5700933,6218475,10389114880,38331236352
2025-05-14 07:03:35,36.445,3.703,0,69632,69.90,30555.59,31707.85,13,5701134,6218676,10389114880,38331236352
2025-05-14 07:03:35,36.617,3.723,0,0,59.90,30555.59,31707.85,13,5701335,6218877,10389114880,38331236352
2025-05-14 07:03:35,38.426,3.894,0,16384,598.90,30555.59,31707.85,13,5701538,6219082,10389114880,38331252736
2025-05-14 07:03:35,45.436,4.088,0,0,69.90,30555.59,31707.85,13,5701739,6219283,10389114880,38331252736
2025-05-14 07:03:36,36.775,3.728,0,0,69.90,30555.59,31707.85,13,5701941,6219485,10389114880,38331252736
2025-05-14 07:03:36,36.874,3.747,0,0,69.90,30555.59,31707.85,13,5702142,6219686,10389114880,38331252736
2025-05-14 07:03:36,36.473,3.776,0,0,109.80,30555.59,31707.85,13,5702343,6219887,10389114880,38331252736
2025-05-14 07:03:36,36.965,3.780,0,0,69.90,30555.59,31707.85,13,5702544,6220088,10389114880,38331252736
2025-05-14 07:03:36,36.591,3.760,0,0,69.90,30555.59,31707.85,13,5702745,6220289,10389114880,38331252736
2025-05-14 07:03:37,36.291,3.729,0,0,69.90,30555.59,31707.85,13,5702946,6220490,10389114880,38331252736
2025-05-14 07:03:37,37.483,3.753,0,118784,79.90,30555.59,31707.85,13,5703168,6220720,10389114880,38331371520
2025-05-14 07:03:37,36.262,3.754,0,0,49.90,30555.59,31707.85,13,5703369,6220921,10389114880,38331371520
2025-05-14 07:03:37,36.846,3.747,0,0,69.90,30555.59,31707.85,13,5703570,6221122,10389114880,38331371520
2025-05-14 07:03:37,37.156,3.770,0,0,79.90,30555.59,31707.85,13,5703771,6221323,10389114880,38331371520
2025-05-14 07:03:38,38.018,3.754,0,0,59.90,30555.59,31707.85,13,5703972,6221524,10389114880,38331371520
2025-05-14 07:03:38,36.521,3.736,0,0,69.90,30555.59,31707.85,13,5704173,6221725,10389114880,38331371520
2025-05-14 07:03:38,36.515,3.762,0,0,79.90,30555.59,31707.85,13,5704374,6221926,10389114880,38331371520
2025-05-14 07:03:38,36.177,3.744,0,0,79.90,30555.59,31707.85,13,5704574,6222126,10389114880,38331371520
2025-05-14 07:03:38,36.491,3.738,0,0,69.90,30555.59,31707.85,13,5704775,6222327,10389114880,38331371520
2025-05-14 07:03:39,36.616,3.737,0,0,69.90,30555.59,31707.85,13,5704976,6222528,10389114880,38331371520
2025-05-14 07:03:39,36.406,3.729,0,0,59.90,30555.59,31707.85,13,5705177,6222729,10389114880,38331371520
2025-05-14 07:03:39,36.578,3.755,0,0,69.90,30555.59,31707.85,13,5705379,6222931,10389114880,38331371520
2025-05-14 07:03:39,36.483,3.786,0,0,79.90,30555.59,31707.85,13,5705606,6223169,10389114880,38331453440
2025-05-14 07:03:39,36.473,3.756,0,81920,59.90,30555.59,31707.85,13,5705811,6223377,10389114880,38331457536
2025-05-14 07:03:40,36.164,3.744,0,4096,69.90,30555.59,31707.85,13,5706012,6223578,10389114880,38331457536
2025-05-14 07:03:40,36.501,3.719,0,0,69.90,30555.59,31707.85,13,5706213,6223779,10389114880,38331457536
2025-05-14 07:03:40,36.706,3.727,0,0,59.90,30555.59,31707.85,13,5706415,6223981,10389114880,38331457536
2025-05-14 07:03:40,38.237,3.723,0,0,59.90,30555.59,31707.85,13,5706615,6224181,10389114880,38331457536
2025-05-14 07:03:40,37.295,3.752,0,0,69.90,30555.59,31707.85,13,5706816,6224382,10389114880,38331457536
2025-05-14 07:03:41,36.808,3.746,0,0,69.90,30555.59,31707.85,13,5707018,6224584,10389114880,38331457536
2025-05-14 07:03:41,37.692,3.823,0,0,69.90,30555.59,31707.85,13,5707219,6224785,10389114880,38331457536
2025-05-14 07:03:41,37.204,3.797,0,0,59.90,30555.59,31707.85,13,5707420,6224986,10389114880,38331457536
2025-05-14 07:03:41,37.191,3.773,0,0,109.80,30555.59,31707.85,13,5707621,6225187,10389114880,38331457536
2025-05-14 07:03:41,37.788,3.719,0,0,79.90,30555.59,31707.85,13,5707822,6225388,10389114880,38331457536
2025-05-14 07:03:42,36.873,3.709,0,0,69.90,30555.59,31707.85,13,5708023,6225589,10389114880,38331457536
2025-05-14 07:03:42,36.673,3.677,0,0,59.90,30555.59,31707.85,13,5708225,6225791,10389114880,38331457536
2025-05-14 07:03:42,37.874,3.739,0,118784,69.90,30555.59,31707.85,13,5708450,6226025,10389114880,38331576320
2025-05-14 07:03:42,36.711,3.700,0,0,59.90,30555.59,31707.85,13,5708650,6226225,10389114880,38331576320
2025-05-14 07:03:42,36.857,3.721,0,0,69.90,30555.59,31707.85,13,5708851,6226426,10389114880,38331576320
2025-05-14 07:03:43,36.715,3.748,0,0,69.90,30555.59,31707.85,13,5709052,6226627,10389114880,38331576320
2025-05-14 07:03:43,36.776,3.746,0,0,89.90,30555.59,31707.85,13,5709253,6226828,10389114880,38331576320
2025-05-14 07:03:43,36.869,3.784,0,0,69.90,30555.59,31707.85,13,5709454,6227029,10389114880,38331576320
2025-05-14 07:03:43,36.570,3.752,0,0,69.90,30555.59,31707.85,13,5709656,6227231,10389114880,38331576320
2025-05-14 07:03:43,36.594,3.725,0,0,59.90,30555.59,31707.85,13,5709857,6227432,10389114880,38331576320
2025-05-14 07:03:44,36.869,3.775,0,0,69.90,30555.59,31707.85,13,5710058,6227633,10389114880,38331576320
2025-05-14 07:03:44,37.104,3.761,0,0,79.90,30555.59,31707.85,13,5710259,6227834,10389114880,38331576320
2025-05-14 07:03:44,36.653,3.726,0,0,79.90,30555.59,31707.85,13,5710460,6228035,10389114880,38331576320
2025-05-14 07:03:44,36.505,3.733,0,0,69.90,30555.59,31707.85,13,5710660,6228235,10389114880,38331576320
2025-05-14 07:03:44,36.469,3.738,0,0,79.80,30555.59,31707.85,13,5710861,6228436,10389114880,38331576320
2025-05-14 07:03:45,36.497,3.774,0,0,69.90,30555.59,31707.85,13,5711072,6228651,10389114880,38331596800
2025-05-14 07:03:45,36.988,3.739,0,20480,69.90,30555.59,31707.85,13,5711273,6228852,10389114880,38331596800
2025-05-14 07:03:45,36.738,3.718,0,73728,79.90,30555.59,31707.85,13,5711493,6229079,10389114880,38331670528
2025-05-14 07:03:45,36.366,3.715,0,0,69.90,30555.59,31707.85,13,5711693,6229280,10389114880,38331670528
2025-05-14 07:03:45,36.372,3.696,0,0,59.90,30555.59,31707.85,13,5711891,6229477,10389114880,38331670528
2025-05-14 07:03:46,36.651,3.709,0,0,79.90,30555.59,31707.85,13,5712092,6229678,10389114880,38331670528
2025-05-14 07:03:46,37.354,3.771,0,126976,69.90,30555.59,31707.85,14,5712315,6229915,10389114880,38331797504
2025-05-14 07:03:46,36.180,3.710,0,0,69.90,30555.59,31707.85,14,5712516,6230116,10389114880,38331797504
2025-05-14 07:03:46,36.224,3.750,0,0,79.90,30555.59,31707.85,14,5712716,6230316,10389114880,38331797504
2025-05-14 07:03:46,35.986,3.763,0,0,119.80,30555.59,31707.85,14,5712939,6230548,10389114880,38331912192
2025-05-14 07:03:47,37.393,3.769,0,114688,69.90,30555.59,31707.85,14,5713141,6230749,10389114880,38331912192
2025-05-14 07:03:47,36.291,3.774,0,0,79.90,30555.59,31707.85,14,5713342,6230950,10389114880,38331912192
2025-05-14 07:03:47,36.029,3.749,0,0,69.90,30555.59,31707.85,14,5713543,6231151,10389114880,38331912192
2025-05-14 07:03:47,36.212,3.770,0,0,79.90,30555.59,31707.85,14,5713744,6231352,10389114880,38331912192
2025-05-14 07:03:47,37.216,3.713,0,0,59.90,30555.59,31707.85,14,5713945,6231553,10389114880,38331912192
2025-05-14 07:03:48,36.682,3.772,0,0,79.90,30555.59,31707.85,14,5714147,6231755,10389114880,38331912192
2025-05-14 07:03:48,36.408,3.718,0,0,79.90,30555.59,31707.85,14,5714348,6231956,10389114880,38331912192
2025-05-14 07:03:48,36.266,3.722,0,0,69.90,30555.59,31707.85,14,5714549,6232157,10389114880,38331912192
2025-05-14 07:03:48,36.676,3.684,0,0,69.90,30555.59,31707.85,14,5714749,6232357,10389114880,38331912192
2025-05-14 07:03:48,38.512,3.780,0,0,59.90,30555.59,31707.85,14,5714950,6232558,10389114880,38331912192
2025-05-14 07:03:49,37.701,3.769,0,0,79.90,30555.59,31707.85,14,5715151,6232759,10389114880,38331912192
2025-05-14 07:03:49,36.384,3.687,0,0,79.90,30555.59,31707.85,14,5715352,6232960,10389114880,38331912192
2025-05-14 07:03:49,36.370,3.730,0,73728,79.90,30555.59,31707.85,14,5715572,6233187,10389114880,38331985920
2025-05-14 07:03:49,36.270,3.722,0,0,69.90,30555.59,31707.85,14,5715773,6233388,10389114880,38331985920
2025-05-14 07:03:49,36.830,3.716,0,0,69.90,30555.59,31707.85,14,5715974,6233589,10389114880,38331985920
2025-05-14 07:03:50,36.272,3.738,0,0,69.90,30555.59,31707.85,14,5716184,6233804,10389114880,38332006400
2025-05-14 07:03:50,36.658,3.706,0,20480,69.90,30555.59,31707.85,14,5716385,6234005,10389114880,38332006400
2025-05-14 07:03:50,36.756,3.723,0,0,79.90,30555.59,31707.85,14,5716586,6234206,10389114880,38332006400
2025-05-14 07:03:50,36.570,3.683,0,0,69.90,30555.59,31707.85,14,5716790,6234410,10389114880,38332006400
2025-05-14 07:03:50,37.924,3.762,0,0,109.80,30555.59,31707.85,14,5716991,6234611,10389114880,38332006400
2025-05-14 07:03:51,37.582,3.788,0,0,119.80,30555.59,31707.85,14,5717186,6234806,10389114880,38332006400
2025-05-14 07:03:51,37.492,3.822,0,0,69.90,30555.59,31707.85,14,5717381,6235001,10389114880,38332006400
2025-05-14 07:03:51,35.978,3.792,0,0,119.80,30555.59,31707.85,14,5717604,6235234,10389114880,38332125184
2025-05-14 07:03:51,37.053,3.779,0,118784,89.80,30555.59,31707.85,14,5717806,6235436,10389114880,38332125184
2025-05-14 07:03:51,35.897,3.750,0,0,89.80,30555.59,31707.85,14,5718007,6235637,10389114880,38332125184
2025-05-14 07:03:52,36.897,3.762,0,0,79.80,30555.59,31707.85,14,5718208,6235838,10389114880,38332125184
2025-05-14 07:03:52,36.065,3.764,0,0,69.90,30555.59,31707.85,14,5718409,6236039,10389114880,38332125184
2025-05-14 07:03:52,37.011,3.778,0,0,69.90,30555.59,31707.85,14,5718610,6236240,10389114880,38332125184
2025-05-14 07:03:52,36.389,3.738,0,0,79.90,30555.59,31707.85,14,5718810,6236441,10389114880,38332125184
2025-05-14 07:03:52,36.198,3.712,0,0,89.80,30555.59,31707.85,14,5719012,6236642,10389114880,38332125184
2025-05-14 07:03:53,36.087,3.753,0,0,79.90,30555.59,31707.85,14,5719213,6236843,10389114880,38332125184
2025-05-14 07:03:53,36.298,3.759,0,0,69.90,30555.59,31707.85,14,5719414,6237044,10389114880,38332125184
2025-05-14 07:03:53,36.496,3.769,0,0,79.90,30555.59,31707.85,14,5719615,6237245,10389114880,38332125184
2025-05-14 07:03:53,36.472,3.746,0,0,69.90,30555.59,31707.85,14,5719816,6237446,10389114880,38332125184
2025-05-14 07:03:54,36.425,3.738,0,0,69.90,30555.59,31707.85,14,5720035,6237673,10389114880,38332194816
2025-05-14 07:03:54,37.297,3.788,0,69632,79.90,30555.59,31707.85,14,5720237,6237875,10389114880,38332194816
2025-05-14 07:03:54,36.486,3.732,0,0,79.80,30555.59,31707.85,14,5720438,6238076,10389114880,38332194816
2025-05-14 07:03:54,36.621,3.793,0,0,69.90,30555.59,31707.85,14,5720638,6238276,10389114880,38332194816
2025-05-14 07:03:54,37.085,3.812,0,0,69.90,30555.59,31707.85,14,5720839,6238477,10389114880,38332194816
2025-05-14 07:03:55,36.645,3.806,0,0,69.90,30555.59,31707.85,14,5721041,6238679,10389114880,38332194816
2025-05-14 07:03:55,36.695,3.762,0,0,79.90,30555.59,31707.85,14,5721242,6238880,10389114880,38332194816
2025-05-14 07:03:55,36.824,3.792,0,0,79.90,30555.59,31707.85,14,5721447,6239087,10389114880,38332198912
2025-05-14 07:03:55,36.738,3.750,0,4096,59.90,30555.59,31707.85,14,5721648,6239288,10389114880,38332198912
2025-05-14 07:03:55,36.655,3.743,0,0,69.90,30555.59,31707.85,14,5721849,6239489,10389114880,38332198912
2025-05-14 07:03:56,36.687,3.699,0,0,49.90,30555.59,31707.85,14,5722050,6239690,10389114880,38332198912
2025-05-14 07:03:56,37.268,3.745,0,0,99.80,30555.59,31707.85,14,5722251,6239891,10389114880,38332198912
2025-05-14 07:03:56,36.668,3.802,0,0,69.90,30555.59,31707.85,14,5722453,6240093,10389114880,38332198912
2025-05-14 07:03:56,36.701,3.744,0,0,79.90,30555.59,31707.85,14,5722653,6240293,10389114880,38332198912
2025-05-14 07:03:56,36.474,3.785,0,0,69.90,30555.59,31707.85,14,5722854,6240494,10389114880,38332198912
2025-05-14 07:03:57,36.521,3.820,0,0,59.90,30555.59,31707.85,14,5723055,6240695,10389114880,38332198912
2025-05-14 07:03:57,36.958,3.765,0,0,69.90,30555.59,31707.85,14,5723256,6240896,10389114880,38332198912
2025-05-14 07:03:57,36.581,3.729,0,0,59.90,30555.59,31707.85,14,5723457,6241097,10389114880,38332198912
2025-05-14 07:03:57,36.075,3.743,0,0,79.90,30555.59,31707.85,14,5723658,6241298,10389114880,38332198912
2025-05-14 07:03:57,36.287,3.734,0,0,109.80,30555.59,31707.85,14,5723859,6241499,10389114880,38332198912
2025-05-14 07:03:58,36.467,3.765,0,0,79.90,30555.59,31707.85,14,5724061,6241701,10389114880,38332198912
2025-05-14 07:03:58,37.469,3.721,0,0,69.90,30555.59,31707.85,14,5724262,6241902,10389114880,38332198912
2025-05-14 07:03:58,36.724,3.704,0,0,79.90,30555.59,31707.85,14,5724463,6242103,10389114880,38332198912
2025-05-14 07:03:58,36.739,3.726,0,0,69.90,30555.59,31707.85,14,5724663,6242303,10389114880,38332198912
2025-05-14 07:03:58,36.711,3.714,0,0,69.90,30555.59,31707.85,14,5724865,6242505,10389114880,38332198912
2025-05-14 07:03:59,36.806,3.711,0,0,79.90,30555.59,31707.85,14,5725056,6242696,10389114880,38332198912
2025-05-14 07:03:59,36.450,3.691,0,0,69.90,30555.59,31707.85,14,5725257,6242897,10389114880,38332198912
2025-05-14 07:03:59,36.230,3.770,0,0,79.90,30555.59,31707.85,14,5725458,6243098,10389114880,38332198912
2025-05-14 07:03:59,36.176,3.757,0,0,79.90,30555.59,31707.85,14,5725659,6243299,10389114880,38332198912
2025-05-14 07:03:59,36.669,3.726,0,0,59.90,30555.59,31707.85,14,5725860,6243500,10389114880,38332198912
2025-05-14 07:04:00,36.044,3.738,0,0,89.80,30555.59,31707.85,14,5726067,6243709,10389114880,38332207104
2025-05-14 07:04:00,36.588,3.771,0,8192,79.90,30555.59,31707.85,14,5726268,6243910,10389114880,38332207104
2025-05-14 07:04:00,35.966,3.759,0,0,79.90,30555.59,31707.85,14,5726469,6244111,10389114880,38332207104
2025-05-14 07:04:00,36.152,3.728,0,16384,59.90,30555.59,31707.85,14,5726679,6244325,10389114880,38332223488
2025-05-14 07:04:00,37.021,3.768,0,0,69.90,30555.59,31707.85,14,5726880,6244526,10389114880,38332223488
2025-05-14 07:04:01,37.178,3.764,0,1011712,169.70,30555.59,31851.92,33,5727157,6245027,10389114880,38333968384
2025-05-14 07:04:01,42.164,4.348,0,733184,139.70,30555.59,31851.92,33,5727358,6245228,10389114880,38333968384
2025-05-14 07:04:01,41.627,4.548,0,0,149.80,30555.59,31851.92,33,5727560,6245430,10389114880,38333968384
2025-05-14 07:04:01,40.770,4.164,0,0,99.80,30555.59,31851.92,33,5727761,6245631,10389114880,38333968384
2025-05-14 07:04:01,38.346,3.827,0,0,69.90,30555.59,31851.92,33,5727962,6245832,10389114880,38333968384
2025-05-14 07:04:02,37.075,3.793,0,0,69.90,30555.59,31851.92,33,5728164,6246034,10389114880,38333968384
2025-05-14 07:04:02,36.613,3.781,0,0,59.90,30555.59,31851.92,33,5728365,6246235,10389114880,38333968384
2025-05-14 07:04:02,36.558,3.733,0,53248,69.90,30555.59,31851.92,33,5728582,6246465,10389114880,38334021632
2025-05-14 07:04:02,36.507,3.721,0,0,69.90,30555.59,31851.92,33,5728782,6246665,10389114880,38334021632
2025-05-14 07:04:02,36.492,3.739,0,0,69.90,30555.59,31851.92,33,5728983,6246866,10389114880,38334021632
2025-05-14 07:04:03,36.930,3.738,0,0,69.90,30555.59,31851.92,33,5729184,6247067,10389114880,38334021632
2025-05-14 07:04:03,38.180,3.786,0,0,59.90,30555.59,31851.92,33,5729386,6247269,10389114880,38334021632
2025-05-14 07:04:03,36.359,3.714,0,0,69.90,30555.59,31851.92,33,5729587,6247470,10389114880,38334021632
2025-05-14 07:04:03,36.717,3.726,0,0,69.90,30555.59,31851.92,33,5729788,6247671,10389114880,38334021632
2025-05-14 07:04:03,36.569,3.762,0,0,109.80,30555.59,31851.92,33,5730013,6247904,10389114880,38334140416
2025-05-14 07:04:04,38.185,3.715,0,184320,69.90,30555.59,31851.92,33,5730216,6248108,10389114880,38334205952
2025-05-14 07:04:04,37.406,3.756,0,0,79.90,30555.59,31851.92,33,5730417,6248309,10389114880,38334205952
2025-05-14 07:04:04,37.016,3.745,0,0,69.90,30555.59,31851.92,33,5730618,6248510,10389114880,38334205952
2025-05-14 07:04:04,37.689,3.763,0,0,69.90,30555.59,31851.92,33,5730819,6248711,10389114880,38334205952
2025-05-14 07:04:04,36.918,3.715,0,0,59.90,30555.59,31851.92,33,5731020,6248912,10389114880,38334205952
2025-05-14 07:04:05,36.478,3.703,0,0,69.90,30555.59,31851.92,33,5731221,6249113,10389114880,38334205952
2025-05-14 07:04:05,36.812,3.792,0,0,79.90,30555.59,31851.92,33,5731425,6249317,10389114880,38334205952
2025-05-14 07:04:05,37.187,3.814,0,0,69.90,30555.59,31851.92,33,5731626,6249518,10389114880,38334205952
2025-05-14 07:04:05,36.538,3.723,0,16384,289.50,30555.62,31851.92,33,5731848,6249761,10389114880,38335541248
2025-05-14 07:04:05,39.293,3.954,0,1318912,69.90,30555.62,31851.92,33,5732049,6249962,10389114880,38335541248
2025-05-14 07:04:06,36.754,3.731,0,0,69.90,30555.62,31851.92,33,5732251,6250164,10389114880,38335541248
2025-05-14 07:04:06,36.415,3.695,0,0,79.90,30555.62,31851.92,33,5732470,6250390,10389114880,38335610880
2025-05-14 07:04:06,36.769,3.736,0,69632,69.90,30555.62,31851.92,33,5732671,6250591,10389114880,38335610880
2025-05-14 07:04:06,36.773,3.724,0,0,59.90,30555.62,31851.92,33,5732871,6250791,10389114880,38335610880
2025-05-14 07:04:06,36.738,3.723,0,0,69.90,30555.62,31851.92,33,5733072,6250992,10389114880,38335610880
2025-05-14 07:04:07,36.724,3.724,0,0,69.90,30555.62,31851.92,33,5733274,6251194,10389114880,38335610880
2025-05-14 07:04:07,36.721,3.774,0,0,129.80,30555.62,31851.92,33,5733475,6251395,10389114880,38335610880
2025-05-14 07:04:07,37.496,3.747,0,0,69.90,30555.62,31851.92,33,5733676,6251596,10389114880,38335610880
2025-05-14 07:04:07,36.367,3.730,0,0,59.90,30555.62,31851.92,33,5733877,6251797,10389114880,38335610880
2025-05-14 07:04:07,36.590,3.673,0,0,109.80,30555.62,31851.92,33,5734103,6252032,10389114880,38335729664
2025-05-14 07:04:08,39.354,3.782,0,118784,59.90,30555.62,31851.92,33,5734304,6252233,10389114880,38335729664
2025-05-14 07:04:08,37.731,3.754,0,0,69.90,30555.62,31851.92,33,5734505,6252434,10389114880,38335729664
2025-05-14 07:04:08,36.989,3.735,0,0,59.90,30555.62,31851.92,33,5734710,6252641,10389114880,38335741952
2025-05-14 07:04:08,37.023,3.711,0,12288,89.80,30555.62,31851.92,33,5734910,6252841,10389114880,38335741952
2025-05-14 07:04:08,37.475,3.730,0,0,69.90,30555.62,31851.92,33,5735111,6253042,10389114880,38335741952
2025-05-14 07:04:09,38.031,3.785,0,0,79.90,30555.62,31851.92,33,5735313,6253244,10389114880,38335741952
2025-05-14 07:04:09,36.386,3.724,0,0,79.90,30555.62,31851.92,33,5735514,6253445,10389114880,38335741952
2025-05-14 07:04:09,36.630,3.768,0,0,79.90,30555.62,31851.92,33,5735715,6253646,10389114880,38335741952
2025-05-14 07:04:09,36.285,3.704,0,0,69.90,30555.62,31851.92,33,5735916,6253847,10389114880,38335741952
2025-05-14 07:04:09,36.233,3.729,0,0,79.90,30555.62,31851.92,33,5736118,6254049,10389114880,38335741952
2025-05-14 07:04:10,36.001,3.764,0,0,89.90,30555.62,31851.92,33,5736319,6254250,10389114880,38335741952
2025-05-14 07:04:10,36.262,3.787,0,0,79.90,30555.62,31851.92,33,5736542,6254481,10389114880,38335815680
2025-05-14 07:04:10,37.076,3.747,0,73728,79.90,30555.62,31851.92,33,5736743,6254682,10389114880,38335815680
2025-05-14 07:04:10,36.645,3.730,0,4096,59.90,30555.62,31851.92,33,5736947,6254888,10389114880,38335819776
2025-05-14 07:04:10,36.666,3.786,0,0,79.90,30555.62,31851.92,33,5737148,6255089,10389114880,38335819776
2025-05-14 07:04:11,36.854,3.792,0,0,79.80,30555.62,31851.92,33,5737349,6255290,10389114880,38335819776
2025-05-14 07:04:11,36.847,3.807,0,0,79.90,30555.62,31851.92,33,5737551,6255492,10389114880,38335819776
2025-05-14 07:04:11,36.934,3.729,0,0,69.90,30555.62,31851.92,33,5737752,6255693,10389114880,38335819776
2025-05-14 07:04:11,38.343,3.759,0,0,79.90,30555.62,31851.92,33,5737953,6255894,10389114880,38335819776
2025-05-14 07:04:11,36.302,3.715,0,0,79.90,30555.62,31851.92,33,5738154,6256095,10389114880,38335819776
2025-05-14 07:04:12,36.330,3.731,0,0,79.90,30555.62,31851.92,33,5738355,6256296,10389114880,38335819776
2025-05-14 07:04:12,36.284,3.756,0,0,109.80,30555.62,31851.92,33,5738580,6256529,10389114880,38335934464
2025-05-14 07:04:12,36.879,3.770,0,114688,79.90,30555.62,31851.92,33,5738781,6256730,10389114880,38335934464
2025-05-14 07:04:12,36.215,3.697,0,0,59.90,30555.62,31851.92,33,5738981,6256930,10389114880,38335934464
2025-05-14 07:04:12,36.820,3.727,0,0,69.90,30555.62,31851.92,33,5739183,6257132,10389114880,38335934464
2025-05-14 07:04:13,36.961,3.731,0,0,69.90,30555.62,31851.92,33,5739384,6257333,10389114880,38335934464
2025-05-14 07:04:13,36.600,3.710,0,0,69.90,30555.62,31851.92,33,5739585,6257534,10389114880,38335934464
2025-05-14 07:04:13,36.431,3.776,0,0,69.90,30555.62,31851.92,33,5739786,6257735,10389114880,38335934464
2025-05-14 07:04:13,37.078,3.741,0,0,69.90,30555.62,31851.92,33,5739987,6257936,10389114880,38335934464
2025-05-14 07:04:13,36.359,3.727,0,0,69.90,30555.62,31851.92,33,5740188,6258137,10389114880,38335934464
2025-05-14 07:04:14,36.990,3.683,0,0,69.90,30555.62,31851.92,33,5740390,6258339,10389114880,38335934464
2025-05-14 07:04:14,37.074,3.774,0,0,69.90,30555.62,31851.92,33,5740591,6258540,10389114880,38335934464
2025-05-14 07:04:14,36.502,3.760,0,0,69.90,30555.62,31851.92,33,5740792,6258741,10389114880,38335934464
2025-05-14 07:04:14,36.888,3.753,0,0,79.80,30555.62,31851.92,33,5741010,6258966,10389114880,38336008192
2025-05-14 07:04:14,36.465,3.770,0,73728,69.90,30555.62,31851.92,33,5741211,6259167,10389114880,38336008192
2025-05-14 07:04:15,36.473,3.778,0,0,69.90,30555.62,31851.92,33,5741413,6259369,10389114880,38336008192
2025-05-14 07:04:15,36.617,3.695,0,0,69.90,30555.62,31851.92,33,5741614,6259570,10389114880,38336008192
2025-05-14 07:04:15,36.422,3.730,0,0,79.90,30555.62,31851.92,33,5741815,6259771,10389114880,38336008192
2025-05-14 07:04:15,36.335,3.790,0,0,59.90,30555.62,31851.92,33,5742016,6259972,10389114880,38336008192
2025-05-14 07:04:15,36.695,3.773,0,53248,119.80,30555.62,31851.92,33,5742229,6260190,10389114880,38336061440
2025-05-14 07:04:16,37.213,3.737,0,0,69.90,30555.62,31851.92,33,5742430,6260391,10389114880,38336061440
2025-05-14 07:04:16,36.219,3.716,0,0,89.80,30555.62,31851.92,33,5742631,6260592,10389114880,38336061440
2025-05-14 07:04:16,35.902,3.722,0,0,129.70,30555.62,31851.92,33,5742856,6260827,10389114880,38336180224
2025-05-14 07:04:16,36.803,3.767,0,118784,59.90,30555.62,31851.92,33,5743056,6261027,10389114880,38336180224
2025-05-14 07:04:16,36.400,3.721,0,0,69.90,30555.62,31851.92,33,5743258,6261229,10389114880,38336180224
2025-05-14 07:04:17,36.555,3.757,0,0,69.90,30555.62,31851.92,33,5743459,6261430,10389114880,38336180224
2025-05-14 07:04:17,36.289,3.707,0,0,79.90,30555.62,31851.92,33,5743660,6261631,10389114880,38336180224
2025-05-14 07:04:17,36.322,3.762,0,0,69.90,30555.62,31851.92,33,5743861,6261832,10389114880,38336180224
2025-05-14 07:04:17,36.294,3.768,0,0,59.90,30555.62,31851.92,33,5744062,6262033,10389114880,38336180224
2025-05-14 07:04:17,36.756,3.825,0,0,59.90,30555.62,31851.92,33,5744263,6262234,10389114880,38336180224
2025-05-14 07:04:18,36.368,3.750,0,0,79.90,30555.62,31851.92,33,5744464,6262435,10389114880,38336180224
2025-05-14 07:04:18,36.098,3.735,0,0,79.90,30555.62,31851.92,33,5744665,6262636,10389114880,38336180224
2025-05-14 07:04:18,36.370,3.741,0,0,69.90,30555.62,31851.92,33,5744866,6262837,10389114880,38336180224
2025-05-14 07:04:18,36.597,3.722,0,0,79.90,30555.62,31851.92,33,5745087,6263072,10389114880,38336233472
2025-05-14 07:04:18,36.696,3.709,0,53248,59.90,30555.62,31851.92,33,5745288,6263273,10389114880,38336233472
2025-05-14 07:04:19,36.852,3.732,0,0,69.90,30555.62,31851.92,33,5745489,6263474,10389114880,38336233472
2025-05-14 07:04:19,36.355,3.687,0,69632,79.90,30555.62,31851.92,33,5745709,6263702,10389114880,38336303104
2025-05-14 07:04:19,35.913,3.723,0,0,99.80,30555.62,31851.92,33,5745910,6263903,10389114880,38336303104
2025-05-14 07:04:19,35.999,3.717,0,0,79.90,30555.62,31851.92,33,5746111,6264104,10389114880,38336303104
2025-05-14 07:04:19,35.990,3.760,0,0,79.90,30555.62,31851.92,33,5746312,6264305,10389114880,38336303104
2025-05-14 07:04:20,36.325,3.727,0,0,79.90,30555.62,31851.92,33,5746513,6264506,10389114880,38336303104
2025-05-14 07:04:20,37.838,3.752,0,0,69.90,30555.62,31851.92,33,5746713,6264706,10389114880,38336303104
2025-05-14 07:04:20,36.186,3.770,0,0,69.90,30555.62,31851.92,33,5746918,6264911,10389114880,38336303104
2025-05-14 07:04:20,37.620,3.773,0,0,69.90,30555.62,31851.92,33,5747118,6265111,10389114880,38336303104
2025-05-14 07:04:20,37.112,3.779,0,16384,99.80,30555.62,31851.92,33,5747353,6265359,10389114880,38336438272
2025-05-14 07:04:21,37.437,3.816,0,118784,79.90,30555.62,31851.92,33,5747555,6265560,10389114880,38336438272
2025-05-14 07:04:21,35.937,3.749,0,0,79.90,30555.62,31851.92,33,5747756,6265761,10389114880,38336438272
2025-05-14 07:04:21,36.737,3.788,0,0,59.90,30555.62,31851.92,33,5747957,6265962,10389114880,38336438272
2025-05-14 07:04:21,37.271,3.789,0,0,79.90,30555.62,31851.92,33,5748158,6266163,10389114880,38336438272
2025-05-14 07:04:21,36.225,3.738,0,0,79.90,30555.62,31851.92,33,5748359,6266364,10389114880,38336438272
2025-05-14 07:04:22,36.023,3.769,0,0,79.90,30555.62,31851.92,33,5748561,6266566,10389114880,38336438272
2025-05-14 07:04:22,35.755,3.744,0,0,79.90,30555.62,31851.92,33,5748762,6266767,10389114880,38336438272
2025-05-14 07:04:22,36.142,3.727,0,0,69.90,30555.62,31851.92,33,5748963,6266968,10389114880,38336438272
2025-05-14 07:04:22,36.439,3.747,0,0,69.90,30555.62,31851.92,33,5749163,6267168,10389114880,38336438272
2025-05-14 07:04:22,36.249,3.756,0,0,59.90,30555.62,31851.92,33,5749364,6267369,10389114880,38336438272
2025-05-14 07:04:23,36.308,3.735,0,0,69.90,30555.62,31851.92,33,5749565,6267570,10389114880,38336438272
2025-05-14 07:04:23,36.599,3.756,0,0,79.90,30555.62,31851.92,33,5749766,6267771,10389114880,38336438272
2025-05-14 07:04:23,36.101,3.743,0,69632,69.90,30555.62,31851.92,33,5749985,6267997,10389114880,38336507904
2025-05-14 07:04:23,37.094,3.713,0,0,69.90,30555.62,31851.92,33,5750186,6268198,10389114880,38336507904
2025-05-14 07:04:23,37.031,3.724,0,0,79.90,30555.62,31851.92,33,5750388,6268400,10389114880,38336507904
2025-05-14 07:04:24,36.726,3.745,0,0,89.80,30555.62,31851.92,33,5750589,6268601,10389114880,38336507904
2025-05-14 07:04:24,37.261,3.745,0,0,69.90,30555.62,31851.92,33,5750790,6268802,10389114880,38336507904
2025-05-14 07:04:24,36.871,3.729,0,0,79.90,30555.62,31851.92,33,5750991,6269003,10389114880,38336507904
2025-05-14 07:04:24,36.950,3.775,0,0,79.90,30555.62,31851.92,33,5751192,6269204,10389114880,38336507904
2025-05-14 07:04:24,36.872,3.754,0,0,69.90,30555.62,31851.92,33,5751393,6269405,10389114880,38336507904
2025-05-14 07:04:25,36.682,3.718,0,0,69.90,30555.62,31851.92,33,5751594,6269606,10389114880,38336507904
2025-05-14 07:04:25,36.430,3.779,0,0,69.90,30555.62,31851.92,33,5751795,6269807,10389114880,38336507904
2025-05-14 07:04:25,36.219,3.731,0,0,69.90,30555.62,31851.92,33,5751996,6270008,10389114880,38336507904
2025-05-14 07:04:25,36.494,3.701,0,0,79.90,30555.62,31851.92,33,5752197,6270209,10389114880,38336507904
2025-05-14 07:04:25,36.207,3.729,0,4096,69.90,30555.62,31851.92,33,5752403,6270417,10389114880,38336512000
2025-05-14 07:04:26,36.483,3.725,0,0,79.90,30555.62,31851.92,33,5752604,6270618,10389114880,38336512000
2025-05-14 07:04:26,36.317,3.734,0,0,69.90,30555.62,31851.92,33,5752805,6270819,10389114880,38336512000
2025-05-14 07:04:26,36.386,3.746,0,0,69.90,30555.62,31851.92,33,5753006,6271020,10389114880,38336512000
2025-05-14 07:04:26,36.391,3.702,0,0,69.90,30555.62,31851.92,33,5753207,6271221,10389114880,38336512000
2025-05-14 07:04:26,36.181,3.721,0,0,59.90,30555.62,31851.92,33,5753408,6271422,10389114880,38336512000
2025-05-14 07:04:27,36.401,3.717,0,0,69.90,30555.62,31851.92,33,5753609,6271623,10389114880,38336512000
2025-05-14 07:04:27,36.256,3.715,0,0,49.90,30555.62,31851.92,33,5753810,6271824,10389114880,38336512000
2025-05-14 07:04:27,37.185,3.713,0,16384,69.90,30555.62,31851.92,33,5754013,6272028,10389114880,38336528384
2025-05-14 07:04:27,36.286,3.683,0,0,59.90,30555.62,31851.92,33,5754214,6272229,10389114880,38336528384
2025-05-14 07:04:27,36.928,3.760,0,0,89.90,30555.62,31851.92,33,5754415,6272430,10389114880,38336528384
2025-05-14 07:04:28,36.077,3.696,0,0,79.90,30555.62,31851.92,33,5754616,6272631,10389114880,38336528384
2025-05-14 07:04:28,36.174,3.703,0,0,69.90,30555.62,31851.92,33,5754817,6272832,10389114880,38336528384
2025-05-14 07:04:28,36.150,3.701,0,0,69.90,30555.62,31851.92,33,5755017,6273032,10389114880,38336528384
2025-05-14 07:04:28,36.057,3.704,0,0,79.90,30555.62,31851.92,33,5755219,6273234,10389114880,38336528384
2025-05-14 07:04:29,36.251,3.751,0,0,69.90,30555.62,31851.92,33,5755420,6273435,10389114880,38336528384
2025-05-14 07:04:29,36.197,3.728,0,0,69.90,30555.62,31851.92,33,5755619,6273635,10389114880,38336528384
2025-05-14 07:04:29,36.551,3.731,0,12288,59.90,30555.62,31851.92,33,5755825,6273842,10389114880,38336540672
2025-05-14 07:04:29,37.261,3.756,0,0,59.90,30555.62,31851.92,33,5756030,6274047,10389114880,38336540672
2025-05-14 07:04:29,36.907,3.742,0,0,59.90,30555.62,31851.92,33,5756231,6274248,10389114880,38336540672
2025-05-14 07:04:30,36.341,3.734,0,0,69.90,30555.62,31851.92,33,5756432,6274449,10389114880,38336540672
2025-05-14 07:04:30,36.800,3.714,0,0,79.90,30555.62,31851.92,33,5756633,6274650,10389114880,38336540672
2025-05-14 07:04:30,36.659,3.702,0,0,69.90,30555.62,31851.92,33,5756834,6274851,10389114880,38336540672
2025-05-14 07:04:30,36.522,3.730,0,0,69.90,30555.62,31851.92,33,5757034,6275051,10389114880,38336540672
2025-05-14 07:04:30,37.039,3.756,0,0,79.90,30555.62,31851.92,33,5757238,6275255,10389114880,38336540672
2025-05-14 07:04:31,37.547,3.783,0,0,69.90,30555.69,31819.90,25,5757450,6275471,10389114880,38336561152
2025-05-14 07:04:31,38.257,3.760,0,20480,79.90,30555.69,31819.90,25,5757650,6275671,10389114880,38336561152
2025-05-14 07:04:31,37.005,3.753,0,0,59.90,30555.69,31819.90,25,5757851,6275872,10389114880,38336561152
2025-05-14 07:04:31,37.015,3.736,0,0,49.90,30555.69,31819.90,25,5758052,6276073,10389114880,38336561152
2025-05-14 07:04:31,38.035,3.785,0,0,59.90,30555.69,31819.90,25,5758253,6276274,10389114880,38336561152
2025-05-14 07:04:32,36.448,3.701,0,0,39.90,30555.69,31819.90,25,5758454,6276475,10389114880,38336561152
2025-05-14 07:04:32,37.099,3.685,0,0,69.90,30555.69,31819.90,25,5758655,6276676,10389114880,38336561152
2025-05-14 07:04:32,36.302,3.662,0,0,59.90,30555.69,31819.90,25,5758856,6276877,10389114880,38336561152
2025-05-14 07:04:32,36.750,3.708,0,0,69.90,30555.69,31819.90,25,5759056,6277077,10389114880,38336561152
2025-05-14 07:04:32,36.866,3.748,0,0,59.90,30555.69,31819.90,25,5759257,6277278,10389114880,38336561152
2025-05-14 07:04:33,36.851,3.746,0,0,59.90,30555.69,31819.90,25,5759458,6277479,10389114880,38336561152
2025-05-14 07:04:33,37.142,3.720,0,0,59.90,30555.69,31819.90,25,5759659,6277680,10389114880,38336561152
2025-05-14 07:04:33,36.647,3.744,0,0,69.90,30555.69,31819.90,25,5759869,6277893,10389114880,38336577536
2025-05-14 07:04:33,36.468,3.739,0,16384,59.90,30555.69,31803.89,23,5760070,6278094,10389114880,38336577536
2025-05-14 07:04:33,36.534,3.712,0,0,69.90,30555.69,31803.89,23,5760271,6278295,10389114880,38336577536
2025-05-14 07:04:34,36.596,3.677,0,0,49.90,30555.69,31803.89,23,5760472,6278496,10389114880,38336577536
2025-05-14 07:04:34,37.173,3.759,0,0,79.90,30555.69,31803.89,23,5760674,6278698,10389114880,38336577536
2025-05-14 07:04:34,36.406,3.765,0,0,79.90,30555.69,31803.89,23,5760875,6278899,10389114880,38336577536
2025-05-14 07:04:34,36.477,3.736,0,0,69.90,30555.69,31803.89,23,5761075,6279099,10389114880,38336577536
2025-05-14 07:04:34,37.516,3.741,0,0,69.90,30555.69,31803.89,23,5761296,6279337,10389114880,38336638976
2025-05-14 07:04:35,36.918,3.745,0,61440,69.90,30555.69,31803.89,23,5761497,6279538,10389114880,38336638976
2025-05-14 07:04:35,36.910,3.735,0,0,79.90,30555.69,31803.89,23,5761699,6279740,10389114880,38336638976
2025-05-14 07:04:35,36.998,3.792,0,0,69.90,30555.69,31803.89,23,5761899,6279940,10389114880,38336638976
2025-05-14 07:04:35,36.155,3.738,0,0,309.50,30555.69,31803.89,23,5762095,6280136,10389114880,38336638976
2025-05-14 07:04:35,42.339,3.869,0,0,89.80,30555.69,31803.89,23,5762296,6280337,10389114880,38336638976
2025-05-14 07:04:36,36.314,3.746,0,0,69.90,30555.69,31803.89,23,5762497,6280538,10389114880,38336638976
2025-05-14 07:04:36,36.443,3.767,0,12288,69.90,30555.69,31803.89,23,5762706,6280750,10389114880,38336651264
2025-05-14 07:04:36,36.569,3.726,0,0,69.90,30555.69,31803.89,23,5762907,6280951,10389114880,38336651264
2025-05-14 07:04:36,36.606,3.772,0,0,69.90,30555.69,31803.89,23,5763107,6281151,10389114880,38336651264
2025-05-14 07:04:36,36.237,3.747,0,0,69.90,30555.69,31803.89,23,5763308,6281352,10389114880,38336651264
2025-05-14 07:04:37,36.503,3.715,0,0,79.90,30555.69,31803.89,23,5763509,6281553,10389114880,38336651264
2025-05-14 07:04:37,36.197,3.678,0,0,79.90,30555.69,31803.89,23,5763709,6281753,10389114880,38336651264
2025-05-14 07:04:37,36.334,3.734,0,0,69.90,30555.69,31803.89,23,5763911,6281955,10389114880,38336651264
2025-05-14 07:04:37,36.258,3.740,0,0,69.90,30555.69,31803.89,23,5764112,6282156,10389114880,38336651264
2025-05-14 07:04:37,36.594,3.722,0,0,79.90,30555.69,31803.89,23,5764313,6282357,10389114880,38336651264
2025-05-14 07:04:38,36.948,3.780,0,0,69.90,30555.69,31803.89,23,5764514,6282558,10389114880,38336651264
2025-05-14 07:04:38,36.539,3.720,0,0,79.90,30555.69,31803.89,23,5764715,6282759,10389114880,38336651264
2025-05-14 07:04:38,36.828,3.733,0,0,69.90,30555.69,31803.89,23,5764916,6282960,10389114880,38336651264
2025-05-14 07:04:38,36.435,3.711,0,0,69.90,30555.69,31803.89,23,5765116,6283160,10389114880,38336651264
2025-05-14 07:04:38,35.845,3.706,0,0,79.90,30555.69,31803.89,23,5765318,6283362,10389114880,38336651264
2025-05-14 07:04:39,36.627,3.693,0,0,79.90,30555.69,31803.89,23,5765518,6283562,10389114880,38336651264
2025-05-14 07:04:39,36.354,3.706,0,0,49.90,30555.69,31803.89,23,5765724,6283770,10389114880,38336667648
2025-05-14 07:04:39,36.855,3.766,0,16384,69.90,30555.69,31803.89,23,5765925,6283971,10389114880,38336667648
2025-05-14 07:04:39,36.351,3.746,0,0,69.90,30555.69,31803.89,23,5766126,6284172,10389114880,38336667648
2025-05-14 07:04:39,36.662,3.707,0,0,79.90,30555.69,31803.89,23,5766326,6284372,10389114880,38336667648
2025-05-14 07:04:40,36.200,3.745,0,0,69.90,30555.69,31803.89,23,5766527,6284573,10389114880,38336667648
2025-05-14 07:04:40,36.244,3.711,0,0,69.90,30555.69,31803.89,23,5766728,6284774,10389114880,38336667648
2025-05-14 07:04:40,36.406,3.695,0,0,69.90,30555.69,31803.89,23,5766929,6284975,10389114880,38336667648
2025-05-14 07:04:40,36.450,3.684,0,0,69.90,30555.69,31803.89,23,5767129,6285175,10389114880,38336667648
2025-05-14 07:04:40,36.424,3.676,0,0,59.90,30555.69,31803.89,23,5767330,6285376,10389114880,38336667648
2025-05-14 07:04:41,36.011,3.787,0,0,89.90,30555.69,31803.89,23,5767531,6285577,10389114880,38336667648
2025-05-14 07:04:41,37.248,3.754,0,0,59.90,30555.69,31803.89,23,5767733,6285779,10389114880,38336667648
2025-05-14 07:04:41,37.225,3.704,0,0,69.90,30555.69,31803.89,23,5767934,6285980,10389114880,38336667648
2025-05-14 07:04:41,36.446,3.758,0,0,59.90,30555.69,31803.89,23,5768135,6286181,10389114880,38336667648
2025-05-14 07:04:41,37.475,3.761,0,0,59.90,30555.69,31803.89,23,5768336,6286382,10389114880,38336667648
2025-05-14 07:04:42,36.782,3.721,0,16384,69.90,30555.69,31803.89,23,5768544,6286592,10389114880,38336684032
2025-05-14 07:04:42,36.750,3.666,0,0,79.90,30555.69,31803.89,23,5768745,6286793,10389114880,38336684032
2025-05-14 07:04:42,36.358,3.726,0,0,79.90,30555.69,31803.89,23,5768946,6286994,10389114880,38336684032
2025-05-14 07:04:42,36.132,3.724,0,0,79.90,30555.69,31803.89,23,5769146,6287194,10389114880,38336684032
2025-05-14 07:04:42,36.280,3.718,0,0,69.90,30555.69,31803.89,23,5769347,6287395,10389114880,38336684032
2025-05-14 07:04:43,37.536,3.685,0,0,49.90,30555.69,31803.89,23,5769548,6287596,10389114880,38336684032
2025-05-14 07:04:43,38.110,3.638,0,0,59.90,30555.69,31803.89,23,5769749,6287797,10389114880,38336684032
2025-05-14 07:04:43,39.503,3.669,0,0,59.90,30555.69,31803.89,23,5769950,6287998,10389114880,38336684032
2025-05-14 07:04:43,37.797,3.685,0,0,69.90,30555.69,31803.89,23,5770152,6288200,10389114880,38336684032
2025-05-14 07:04:43,36.596,3.731,0,0,59.90,30555.69,31803.89,23,5770353,6288401,10389114880,38336684032
2025-05-14 07:04:44,37.298,3.729,0,4096,79.90,30555.69,31803.89,23,5770556,6288605,10389114880,38336688128
2025-05-14 07:04:44,36.600,3.687,0,0,69.90,30555.69,31803.89,23,5770757,6288806,10389114880,38336688128
2025-05-14 07:04:44,36.795,3.701,0,0,89.80,30555.69,31803.89,23,5770958,6289007,10389114880,38336688128
2025-05-14 07:04:44,36.028,3.739,0,0,69.90,30555.69,31803.89,23,5771158,6289207,10389114880,38336688128
2025-05-14 07:04:44,36.677,3.726,0,0,79.80,30555.69,31795.89,22,5771359,6289408,10389114880,38336688128
2025-05-14 07:04:45,36.152,3.736,0,0,69.90,30555.69,31795.89,22,5771560,6289609,10389114880,38336688128
2025-05-14 07:04:45,36.607,3.760,0,0,69.90,30555.69,31795.89,22,5771761,6289810,10389114880,38336688128
2025-05-14 07:04:45,36.708,3.760,0,0,69.90,30555.69,31795.89,22,5771966,6290017,10389114880,38336708608
2025-05-14 07:04:45,37.015,3.714,0,20480,59.90,30555.69,31795.89,22,5772167,6290218,10389114880,38336708608
2025-05-14 07:04:45,35.775,3.741,0,0,79.90,30555.69,31795.89,22,5772369,6290420,10389114880,38336708608
2025-05-14 07:04:46,36.573,3.711,0,0,69.90,30555.69,31779.88,20,5772570,6290621,10389114880,38336708608
2025-05-14 07:04:46,36.185,3.720,0,0,59.90,30555.69,31779.88,20,5772771,6290822,10389114880,38336708608
2025-05-14 07:04:46,36.598,3.710,0,0,69.90,30555.69,31779.88,20,5772971,6291022,10389114880,38336708608
2025-05-14 07:04:46,36.134,3.724,0,0,69.90,30555.69,31779.88,20,5773172,6291223,10389114880,38336708608
2025-05-14 07:04:46,36.396,3.756,0,0,59.90,30555.69,31779.88,20,5773373,6291424,10389114880,38336708608
2025-05-14 07:04:47,36.893,3.676,0,0,59.90,30555.69,31779.88,20,5773574,6291625,10389114880,38336708608
2025-05-14 07:04:47,36.985,3.663,0,0,79.90,30555.69,31779.88,20,5773775,6291826,10389114880,38336708608
2025-05-14 07:04:47,36.474,3.685,0,0,69.90,30555.69,31779.88,20,5773976,6292027,10389114880,38336708608
2025-05-14 07:04:47,36.978,3.745,0,16384,59.90,30555.69,31779.88,20,5774186,6292240,10389114880,38336724992
2025-05-14 07:04:47,36.548,3.679,0,0,79.90,30555.69,31779.88,20,5774387,6292441,10389114880,38336724992
2025-05-14 07:04:48,36.564,3.688,0,0,79.90,30555.69,31779.88,20,5774588,6292642,10389114880,38336724992
2025-05-14 07:04:48,35.992,3.688,0,0,79.90,30555.69,31779.88,20,5774789,6292843,10389114880,38336724992
2025-05-14 07:04:48,36.266,3.705,0,0,59.90,30555.69,31779.88,20,5774990,6293044,10389114880,38336724992
2025-05-14 07:04:48,36.476,3.669,0,0,69.90,30555.69,31779.88,20,5775190,6293244,10389114880,38336724992
2025-05-14 07:04:48,35.992,3.697,0,0,69.90,30555.69,31779.88,20,5775391,6293445,10389114880,38336724992
2025-05-14 07:04:49,39.742,3.784,0,0,59.90,30555.69,31779.88,20,5775593,6293647,10389114880,38336724992
2025-05-14 07:04:49,36.286,3.680,0,0,79.90,30555.69,31779.88,20,5775794,6293848,10389114880,38336724992
2025-05-14 07:04:49,36.644,3.681,0,0,79.90,30555.69,31779.88,20,5775995,6294049,10389114880,38336724992
2025-05-14 07:04:49,36.770,3.702,0,0,69.90,30555.69,31779.88,20,5776196,6294250,10389114880,38336724992
2025-05-14 07:04:49,36.620,3.700,0,0,69.90,30555.69,31779.88,20,5776397,6294451,10389114880,38336724992
2025-05-14 07:04:50,36.487,3.693,0,0,109.80,30555.69,31779.88,20,5776598,6294652,10389114880,38336724992
2025-05-14 07:04:50,37.507,3.671,0,0,59.90,30555.69,31779.88,20,5776803,6294857,10389114880,38336724992
2025-05-14 07:04:50,38.161,3.692,0,0,59.90,30555.69,31779.88,20,5777004,6295058,10389114880,38336724992
2025-05-14 07:04:50,37.254,3.710,0,0,69.90,30555.69,31779.88,20,5777204,6295258,10389114880,38336724992
2025-05-14 07:04:50,36.626,3.726,0,0,59.90,30555.69,31779.88,20,5777405,6295459,10389114880,38336724992
2025-05-14 07:04:51,37.312,3.797,0,118784,69.90,30555.69,31779.88,20,5777628,6295691,10389114880,38336843776
2025-05-14 07:04:51,37.465,3.734,0,0,69.90,30555.69,31779.88,20,5777829,6295892,10389114880,38336843776
2025-05-14 07:04:51,36.513,3.734,0,0,59.90,30555.69,31779.88,20,5778043,6296116,10389114880,38336880640
2025-05-14 07:04:51,36.901,3.792,0,36864,69.90,30555.69,31779.88,20,5778244,6296317,10389114880,38336880640
2025-05-14 07:04:51,36.729,3.777,0,0,59.90,30555.69,31779.88,20,5778445,6296518,10389114880,38336880640
2025-05-14 07:04:52,36.545,3.706,0,0,69.90,30555.69,31779.88,20,5778646,6296719,10389114880,38336880640
2025-05-14 07:04:52,36.698,3.768,0,0,69.90,30555.69,31779.88,20,5778847,6296920,10389114880,38336880640
2025-05-14 07:04:52,36.153,3.742,0,0,69.90,30555.69,31779.88,20,5779048,6297121,10389114880,38336880640
2025-05-14 07:04:52,36.058,3.786,0,0,69.90,30555.69,31779.88,20,5779257,6297333,10389114880,38336892928
2025-05-14 07:04:52,35.710,3.715,0,12288,69.90,30555.69,31779.88,20,5779457,6297533,10389114880,38336892928
2025-05-14 07:04:53,36.199,3.750,0,0,79.90,30555.69,31779.88,20,5779658,6297734,10389114880,38336892928
2025-05-14 07:04:53,36.079,3.734,0,0,89.90,30555.69,31779.88,20,5779859,6297935,10389114880,38336892928
2025-05-14 07:04:53,35.729,3.728,0,86016,79.90,30555.69,31779.88,20,5780087,6298173,10389114880,38336978944
2025-05-14 07:04:53,36.252,3.732,0,0,69.90,30555.69,31779.88,20,5780288,6298374,10389114880,38336978944
2025-05-14 07:04:53,36.231,3.732,0,0,59.90,30555.69,31779.88,20,5780489,6298575,10389114880,38336978944
2025-05-14 07:04:54,36.694,3.740,0,0,79.90,30555.69,31779.88,20,5780690,6298776,10389114880,38336978944
2025-05-14 07:04:54,36.460,3.755,0,0,69.90,30555.69,31779.88,20,5780891,6298977,10389114880,38336978944
2025-05-14 07:04:54,36.412,3.738,0,0,69.90,30555.69,31779.88,20,5781092,6299178,10389114880,38336978944
2025-05-14 07:04:54,37.088,3.741,0,0,69.90,30555.69,31779.88,20,5781292,6299378,10389114880,38336978944
2025-05-14 07:04:54,36.756,3.715,0,0,69.90,30555.69,31779.88,20,5781493,6299579,10389114880,38336978944
2025-05-14 07:04:55,36.471,3.719,0,0,59.90,30555.69,31779.88,20,5781694,6299780,10389114880,38336978944
2025-05-14 07:04:55,36.321,3.763,0,0,59.90,30555.69,31779.88,20,5781895,6299981,10389114880,38336978944
2025-05-14 07:04:55,36.701,3.749,0,0,59.90,30555.69,31779.88,20,5782096,6300182,10389114880,38336978944
2025-05-14 07:04:55,36.517,3.736,0,0,59.90,30555.69,31779.88,20,5782297,6300383,10389114880,38336978944
2025-05-14 07:04:55,35.767,3.721,0,0,59.90,30555.69,31779.88,20,5782497,6300583,10389114880,38336978944
2025-05-14 07:04:56,36.533,3.686,0,0,59.90,30555.69,31779.88,20,5782698,6300784,10389114880,38336978944
2025-05-14 07:04:56,36.395,3.726,0,0,79.90,30555.69,31779.88,20,5782899,6300985,10389114880,38336978944
2025-05-14 07:04:56,36.429,3.724,0,0,69.90,30555.69,31779.88,20,5783100,6301186,10389114880,38336978944
2025-05-14 07:04:56,36.892,3.728,0,0,69.90,30555.69,31779.88,20,5783300,6301386,10389114880,38336978944
2025-05-14 07:04:56,37.124,3.684,0,0,69.90,30555.69,31779.88,20,5783501,6301587,10389114880,38336978944
2025-05-14 07:04:57,36.406,3.696,0,0,59.90,30555.69,31779.88,20,5783702,6301788,10389114880,38336978944
2025-05-14 07:04:57,36.203,3.725,0,0,69.90,30555.69,31779.88,20,5783903,6301989,10389114880,38336978944
2025-05-14 07:04:57,36.136,3.705,0,0,79.90,30555.69,31779.88,20,5784107,6302193,10389114880,38336978944
2025-05-14 07:04:57,36.251,3.694,0,0,59.90,30555.69,31779.88,20,5784308,6302394,10389114880,38336978944
2025-05-14 07:04:57,35.948,3.669,0,16384,69.90,30555.69,31779.88,20,5784519,6302609,10389114880,38336995328
2025-05-14 07:04:58,36.087,3.716,0,0,79.90,30555.69,31779.88,20,5784720,6302810,10389114880,38336995328
2025-05-14 07:04:58,36.250,3.654,0,0,69.90,30555.69,31779.88,20,5784921,6303011,10389114880,38336995328
2025-05-14 07:04:58,35.943,3.670,0,0,79.90,30555.69,31779.88,20,5785122,6303212,10389114880,38336995328
2025-05-14 07:04:58,35.858,3.655,0,0,79.90,30555.69,31779.88,20,5785322,6303412,10389114880,38336995328
2025-05-14 07:04:58,36.259,3.625,0,0,79.90,30555.69,31779.88,20,5785523,6303613,10389114880,38336995328
2025-05-14 07:04:59,36.126,3.730,0,0,69.90,30555.69,31779.88,20,5785724,6303814,10389114880,38336995328
2025-05-14 07:04:59,36.013,3.705,0,0,59.90,30555.69,31779.88,20,5785925,6304015,10389114880,38336995328
2025-05-14 07:04:59,36.288,3.721,0,0,69.90,30555.69,31779.88,20,5786127,6304217,10389114880,38336995328
2025-05-14 07:04:59,35.982,3.715,0,0,69.90,30555.69,31779.88,20,5786328,6304418,10389114880,38336995328
2025-05-14 07:04:59,36.120,3.734,0,0,79.90,30555.69,31779.88,20,5786529,6304619,10389114880,38336995328
2025-05-14 07:05:00,36.681,3.801,0,0,119.80,30555.69,31779.88,20,5786732,6304822,10389114880,38336995328
2025-05-14 07:05:00,37.367,3.774,0,0,59.90,30555.69,31779.88,20,5786933,6305023,10389114880,38336995328
2025-05-14 07:05:00,36.996,3.761,0,0,69.90,30555.69,31779.88,20,5787138,6305228,10389114880,38336995328
2025-05-14 07:05:00,38.056,3.741,0,0,109.80,30555.69,31779.88,20,5787362,6305461,10389114880,38337114112
2025-05-14 07:05:00,41.492,3.694,0,118784,69.90,30555.69,31779.88,20,5787563,6305662,10389114880,38337114112
2025-05-14 07:05:01,41.329,3.724,0,1093632,79.90,30555.69,31779.88,20,5787781,6306115,10389114880,38338207744
2025-05-14 07:05:01,36.558,3.663,0,0,69.90,30555.69,31779.88,20,5787982,6306316,10389114880,38338207744
2025-05-14 07:05:01,36.577,3.687,0,0,69.90,30555.69,31779.88,20,5788183,6306517,10389114880,38338207744
2025-05-14 07:05:01,36.508,3.686,0,0,59.90,30555.69,31779.88,20,5788384,6306718,10389114880,38338207744
2025-05-14 07:05:01,37.085,3.665,0,0,59.90,30555.69,31779.88,20,5788585,6306919,10389114880,38338207744
2025-05-14 07:05:02,36.596,3.730,0,0,79.90,30555.69,31779.88,20,5788786,6307120,10389114880,38338207744
2025-05-14 07:05:02,36.167,3.651,0,0,79.90,30555.69,31779.88,20,5788987,6307321,10389114880,38338207744
2025-05-14 07:05:02,36.075,3.709,0,0,79.90,30555.69,31779.88,20,5789188,6307522,10389114880,38338207744
2025-05-14 07:05:02,36.402,3.706,0,0,69.90,30555.69,31779.88,20,5789388,6307722,10389114880,38338207744
2025-05-14 07:05:02,36.053,3.653,0,0,69.90,30555.69,31779.88,20,5789589,6307923,10389114880,38338207744
2025-05-14 07:05:03,36.624,3.693,0,4096,59.90,30555.69,31779.88,20,5789793,6308128,10389114880,38338211840
2025-05-14 07:05:03,36.480,3.704,0,0,69.90,30555.69,31779.88,20,5789994,6308329,10389114880,38338211840
2025-05-14 07:05:03,36.564,3.677,0,69632,79.90,30555.69,31779.88,20,5790214,6308557,10389114880,38338281472
2025-05-14 07:05:03,36.157,3.693,0,0,69.90,30555.69,31779.88,20,5790413,6308756,10389114880,38338281472
2025-05-14 07:05:03,36.499,3.673,0,0,69.90,30555.69,31779.88,20,5790614,6308957,10389114880,38338281472
2025-05-14 07:05:04,36.603,3.691,0,0,69.90,30555.69,31779.88,20,5790815,6309158,10389114880,38338281472
2025-05-14 07:05:04,36.664,3.681,0,0,79.90,30555.69,31779.88,20,5791016,6309359,10389114880,38338281472
2025-05-14 07:05:04,36.729,3.621,0,0,89.90,30555.69,31779.88,20,5791217,6309560,10389114880,38338281472
2025-05-14 07:05:04,36.328,3.675,0,0,79.90,30555.69,31779.88,20,5791417,6309760,10389114880,38338281472
2025-05-14 07:05:04,35.970,3.655,0,0,89.90,30555.69,31779.88,20,5791618,6309962,10389114880,38338281472
2025-05-14 07:05:05,35.390,3.730,0,0,89.80,30555.69,31779.88,20,5791820,6310163,10389114880,38338281472
2025-05-14 07:05:05,35.711,3.726,0,0,69.90,30555.69,31779.88,20,5792021,6310364,10389114880,38338281472
2025-05-14 07:05:05,35.690,3.659,0,0,189.70,30555.69,31779.88,20,5792227,6310595,10389114880,38339604480
2025-05-14 07:05:05,42.838,3.889,0,1650688,79.90,30555.69,31779.88,20,5792433,6310805,10389114880,38339932160
2025-05-14 07:05:05,36.955,3.681,0,0,59.90,30555.69,31779.88,20,5792634,6311006,10389114880,38339932160
2025-05-14 07:05:06,37.235,3.731,0,0,59.90,30555.69,31779.88,20,5792835,6311207,10389114880,38339932160
2025-05-14 07:05:06,36.181,3.696,0,0,79.90,30555.69,31779.88,20,5793036,6311408,10389114880,38339932160
2025-05-14 07:05:06,36.460,3.703,0,0,69.90,30555.69,31779.88,20,5793236,6311608,10389114880,38339932160
2025-05-14 07:05:06,36.707,3.708,0,0,79.80,30555.69,31779.88,20,5793437,6311809,10389114880,38339932160
2025-05-14 07:05:07,35.963,3.693,0,0,69.90,30555.69,31779.88,20,5793638,6312010,10389114880,38339932160
2025-05-14 07:05:07,36.072,3.664,0,0,69.90,30555.69,31779.88,20,5793839,6312211,10389114880,38339932160
2025-05-14 07:05:07,36.269,3.674,0,0,69.90,30555.69,31779.88,20,5794041,6312413,10389114880,38339932160
2025-05-14 07:05:07,36.293,3.635,0,0,59.90,30555.69,31779.88,20,5794242,6312614,10389114880,38339932160
2025-05-14 07:05:07,36.114,3.685,0,0,69.90,30555.69,31779.88,20,5794443,6312815,10389114880,38339932160
2025-05-14 07:05:08,36.649,3.697,0,0,59.90,30555.69,31779.88,20,5794644,6313016,10389114880,38339932160
2025-05-14 07:05:08,39.293,3.711,0,53248,59.90,30555.69,31779.88,20,5794862,6313249,10389114880,38339985408
2025-05-14 07:05:08,36.406,3.692,0,0,59.90,30555.69,31779.88,20,5795063,6313450,10389114880,38339985408
2025-05-14 07:05:08,36.854,3.684,0,0,49.90,30555.69,31779.88,20,5795264,6313651,10389114880,38339985408
2025-05-14 07:05:08,36.854,3.698,0,0,79.90,30555.69,31779.88,20,5795465,6313852,10389114880,38339985408
2025-05-14 07:05:09,36.337,3.686,0,0,69.90,30555.69,31779.88,20,5795666,6314053,10389114880,38339985408
2025-05-14 07:05:09,36.560,3.668,0,0,59.90,30555.69,31779.88,20,5795867,6314254,10389114880,38339985408
2025-05-14 07:05:09,36.384,3.675,0,0,79.90,30555.69,31779.88,20,5796068,6314455,10389114880,38339985408
2025-05-14 07:05:09,36.562,3.630,0,0,69.90,30555.69,31779.88,20,5796269,6314656,10389114880,38339985408
2025-05-14 07:05:09,36.907,3.717,0,0,69.90,30555.69,31779.88,20,5796470,6314857,10389114880,38339985408
2025-05-14 07:05:10,36.523,3.668,0,0,69.90,30555.69,31779.88,20,5796671,6315058,10389114880,38339985408
2025-05-14 07:05:10,36.910,3.663,0,0,59.90,30555.69,31779.88,20,5796872,6315259,10389114880,38339985408
2025-05-14 07:05:10,36.548,3.659,0,0,69.90,30555.69,31779.88,20,5797073,6315460,10389114880,38339985408
2025-05-14 07:05:10,36.260,3.661,0,0,79.90,30555.69,31779.88,20,5797273,6315660,10389114880,38339985408
2025-05-14 07:05:10,36.635,3.677,0,0,69.90,30555.69,31779.88,20,5797480,6315868,10389114880,38340014080
2025-05-14 07:05:11,38.257,3.744,0,28672,69.90,30555.69,31779.88,20,5797683,6316071,10389114880,38340014080
2025-05-14 07:05:11,37.514,3.767,0,0,79.90,30555.69,31779.88,20,5797884,6316272,10389114880,38340014080
2025-05-14 07:05:11,36.598,3.707,0,0,59.90,30555.69,31779.88,20,5798085,6316473,10389114880,38340014080
2025-05-14 07:05:11,36.661,3.669,0,0,69.90,30555.69,31779.88,20,5798286,6316674,10389114880,38340014080
2025-05-14 07:05:11,36.413,3.675,0,0,69.90,30555.69,31779.88,20,5798487,6316875,10389114880,38340014080
2025-05-14 07:05:12,37.012,3.692,0,0,69.90,30555.69,31779.88,20,5798688,6317076,10389114880,38340014080
2025-05-14 07:05:12,36.885,3.658,0,0,59.90,30555.69,31779.88,20,5798889,6317277,10389114880,38340014080
2025-05-14 07:05:12,36.497,3.647,0,0,69.90,30555.69,31779.88,20,5799090,6317478,10389114880,38340014080
2025-05-14 07:05:12,36.461,3.681,0,0,69.90,30555.69,31779.88,20,5799290,6317678,10389114880,38340014080
2025-05-14 07:05:12,36.387,3.677,0,0,79.90,30555.69,31779.88,20,5799491,6317879,10389114880,38340014080
2025-05-14 07:05:13,36.340,3.680,0,0,69.90,30555.69,31779.88,20,5799692,6318080,10389114880,38340014080
2025-05-14 07:05:13,37.256,3.671,0,0,79.90,30555.69,31779.88,20,5799901,6318292,10389114880,38340026368
2025-05-14 07:05:13,36.237,3.676,0,12288,69.90,30555.69,31779.88,20,5800102,6318493,10389114880,38340026368
2025-05-14 07:05:13,35.969,3.659,0,0,49.90,30555.69,31779.88,20,5800304,6318695,10389114880,38340026368
2025-05-14 07:05:13,36.430,3.686,0,0,69.90,30555.69,31779.88,20,5800505,6318896,10389114880,38340026368
2025-05-14 07:05:14,36.389,3.713,0,0,69.90,30555.69,31779.88,20,5800706,6319097,10389114880,38340026368
2025-05-14 07:05:14,36.369,3.755,0,0,69.90,30555.69,31779.88,20,5800907,6319298,10389114880,38340026368
2025-05-14 07:05:14,35.944,3.708,0,0,69.90,30555.69,31779.88,20,5801108,6319499,10389114880,38340026368
2025-05-14 07:05:14,36.657,3.716,0,0,89.90,30555.69,31779.88,20,5801308,6319699,10389114880,38340026368
2025-05-14 07:05:14,36.502,3.665,0,0,69.90,30555.69,31779.88,20,5801509,6319900,10389114880,38340026368
2025-05-14 07:05:15,35.813,3.666,0,0,59.90,30555.69,31779.88,20,5801710,6320101,10389114880,38340026368
2025-05-14 07:05:15,36.720,3.681,0,0,79.90,30555.69,31779.88,20,5801911,6320302,10389114880,38340026368
2025-05-14 07:05:15,36.558,3.656,0,0,69.90,30555.69,31779.88,20,5802112,6320503,10389114880,38340026368
2025-05-14 07:05:15,36.707,3.657,0,0,69.90,30555.69,31779.88,20,5802313,6320704,10389114880,38340026368
2025-05-14 07:05:15,36.520,3.628,0,0,69.90,30555.69,31779.88,20,5802514,6320905,10389114880,38340026368
2025-05-14 07:05:16,35.996,3.635,0,0,69.90,30555.69,31779.88,20,5802715,6321106,10389114880,38340026368
2025-05-14 07:05:16,36.646,3.658,0,0,69.90,30555.69,31779.88,20,5802916,6321307,10389114880,38340026368
2025-05-14 07:05:16,36.526,3.656,0,0,59.90,30555.69,31779.88,20,5803117,6321508,10389114880,38340026368
2025-05-14 07:05:16,36.145,3.684,0,0,59.90,30555.69,31779.88,20,5803317,6321708,10389114880,38340026368
2025-05-14 07:05:16,36.527,3.659,0,0,69.90,30555.69,31779.88,20,5803518,6321909,10389114880,38340026368
2025-05-14 07:05:17,35.684,3.666,0,0,69.90,30555.69,31779.88,20,5803719,6322110,10389114880,38340026368
2025-05-14 07:05:17,37.229,3.681,0,0,49.90,30555.69,31779.88,20,5803920,6322311,10389114880,38340026368
2025-05-14 07:05:17,36.147,3.635,0,0,69.90,30555.69,31779.88,20,5804121,6322512,10389114880,38340026368
2025-05-14 07:05:17,36.309,3.616,0,0,69.90,30555.69,31779.88,20,5804322,6322713,10389114880,38340026368
2025-05-14 07:05:17,36.536,3.692,0,0,79.80,30555.69,31779.88,20,5804523,6322914,10389114880,38340026368
2025-05-14 07:05:18,36.010,3.679,0,0,79.90,30555.64,31747.87,16,5804724,6323115,10389114880,38340026368
2025-05-14 07:05:18,36.851,3.715,0,0,59.90,30555.64,31747.87,16,5804925,6323316,10389114880,38340026368
2025-05-14 07:05:18,36.350,3.698,0,0,79.90,30555.64,31747.87,16,5805126,6323517,10389114880,38340026368
2025-05-14 07:05:18,36.178,3.695,0,0,59.90,30555.64,31747.87,16,5805326,6323717,10389114880,38340026368
2025-05-14 07:05:18,35.769,3.659,0,0,89.90,30555.64,31747.87,16,5805527,6323918,10389114880,38340026368
2025-05-14 07:05:19,35.873,3.682,0,0,79.90,30555.64,31747.87,16,5805728,6324119,10389114880,38340026368
2025-05-14 07:05:19,36.738,3.746,0,0,49.90,30555.64,31747.87,16,5805929,6324320,10389114880,38340026368
2025-05-14 07:05:19,36.731,3.721,0,0,59.90,30555.64,31747.87,16,5806130,6324521,10389114880,38340026368
2025-05-14 07:05:19,36.766,3.705,0,0,59.90,30555.64,31747.87,16,5806331,6324722,10389114880,38340026368
2025-05-14 07:05:19,36.748,3.638,0,0,59.90,30555.64,31747.87,16,5806533,6324924,10389114880,38340026368
2025-05-14 07:05:20,36.149,3.661,0,0,69.90,30555.64,31747.87,16,5806734,6325125,10389114880,38340026368
2025-05-14 07:05:20,36.646,3.700,0,0,109.80,30555.64,31747.87,16,5806932,6325323,10389114880,38340026368
2025-05-14 07:05:20,37.220,3.666,0,0,59.90,30555.64,31747.87,16,5807133,6325524,10389114880,38340026368
2025-05-14 07:05:20,36.073,3.629,0,0,79.90,30555.64,31747.87,16,5807333,6325724,10389114880,38340026368
2025-05-14 07:05:20,36.689,3.641,0,0,79.90,30555.64,31739.86,15,5807534,6325925,10389114880,38340026368
2025-05-14 07:05:21,36.455,3.633,0,0,70.00,30555.64,31739.86,15,5807739,6326130,10389114880,38340026368
2025-05-14 07:05:21,38.361,3.707,0,0,69.90,30555.64,31739.86,15,5807940,6326331,10389114880,38340026368
2025-05-14 07:05:21,38.164,3.692,0,0,49.90,30555.64,31739.86,15,5808141,6326532,10389114880,38340026368
2025-05-14 07:05:21,36.469,3.635,0,0,59.90,30555.64,31739.86,15,5808342,6326733,10389114880,38340026368
2025-05-14 07:05:21,36.690,3.707,0,0,69.90,30555.64,31739.86,15,5808544,6326935,10389114880,38340026368
2025-05-14 07:05:22,37.118,3.723,0,0,49.90,30555.64,31739.86,15,5808744,6327136,10389114880,38340026368
2025-05-14 07:05:22,37.796,3.746,0,0,69.90,30555.64,31739.86,15,5808946,6327337,10389114880,38340026368
2025-05-14 07:05:22,37.028,3.723,0,0,49.90,30555.64,31739.86,15,5809147,6327538,10389114880,38340026368
2025-05-14 07:05:22,36.678,3.684,0,0,69.90,30555.64,31739.86,15,5809347,6327738,10389114880,38340026368
2025-05-14 07:05:22,36.802,3.706,0,0,69.90,30555.64,31739.86,15,5809548,6327939,10389114880,38340026368
2025-05-14 07:05:23,37.328,3.691,0,0,79.90,30555.64,31739.86,15,5809749,6328140,10389114880,38340026368
2025-05-14 07:05:23,36.605,3.731,0,0,79.90,30555.61,31707.85,11,5809950,6328341,10389114880,38340026368
2025-05-14 07:05:23,37.004,3.681,0,0,79.90,30555.61,31707.85,11,5810151,6328542,10389114880,38340026368
2025-05-14 07:05:23,36.587,3.675,0,0,69.90,30555.61,31707.85,11,5810352,6328743,10389114880,38340026368
2025-05-14 07:05:23,36.488,3.696,0,0,69.90,30555.61,31707.85,11,5810553,6328944,10389114880,38340026368
2025-05-14 07:05:24,36.903,3.701,0,0,59.90,30555.61,31707.85,11,5810755,6329146,10389114880,38340026368
2025-05-14 07:05:24,37.364,3.681,0,0,69.90,30555.61,31707.85,11,5810956,6329347,10389114880,38340026368
2025-05-14 07:05:24,37.177,3.647,0,0,69.90,30555.61,31707.85,11,5811157,6329548,10389114880,38340026368
2025-05-14 07:05:24,37.334,3.695,0,0,69.90,30555.61,31707.85,11,5811357,6329748,10389114880,38340026368
2025-05-14 07:05:24,36.985,3.669,0,0,69.90,30555.61,31707.85,11,5811558,6329949,10389114880,38340026368
2025-05-14 07:05:25,36.751,3.695,0,0,59.90,30555.61,31707.85,11,5811759,6330150,10389114880,38340026368
2025-05-14 07:05:25,36.702,3.716,0,0,69.90,30555.61,31707.85,11,5811960,6330351,10389114880,38340026368
2025-05-14 07:05:25,37.211,3.683,0,0,69.90,30555.61,31707.85,13,5812167,6330562,10389114880,38340050944
2025-05-14 07:05:25,36.156,3.719,0,24576,79.90,30555.61,31707.85,13,5812368,6330763,10389114880,38340050944
2025-05-14 07:05:25,36.192,3.759,0,0,89.90,30555.61,31707.85,13,5812569,6330964,10389114880,38340050944
2025-05-14 07:05:26,36.634,3.751,0,0,69.90,30555.61,31707.85,13,5812771,6331166,10389114880,38340050944
2025-05-14 07:05:26,36.726,3.726,0,0,59.90,30555.61,31707.85,13,5812972,6331367,10389114880,38340050944
2025-05-14 07:05:26,36.608,3.706,0,0,59.90,30555.61,31707.85,13,5813173,6331568,10389114880,38340050944
2025-05-14 07:05:26,37.154,3.699,0,0,69.90,30555.61,31707.85,13,5813373,6331768,10389114880,38340050944
2025-05-14 07:05:26,36.494,3.722,0,0,69.90,30555.61,31707.85,13,5813574,6331969,10389114880,38340050944
2025-05-14 07:05:27,36.111,3.664,0,0,69.90,30555.61,31707.85,13,5813775,6332170,10389114880,38340050944
2025-05-14 07:05:27,36.270,3.637,0,0,69.90,30555.61,31707.85,13,5813976,6332371,10389114880,38340050944
2025-05-14 07:05:27,36.145,3.692,0,0,49.90,30555.61,31707.85,13,5814177,6332572,10389114880,38340050944
2025-05-14 07:05:27,36.632,3.659,0,0,69.90,30555.61,31707.85,13,5814378,6332773,10389114880,38340050944
2025-05-14 07:05:27,36.598,3.684,0,0,89.90,30555.61,31707.85,15,5814614,6333029,10389114880,38341709824
2025-05-14 07:05:28,37.467,3.767,0,1892352,89.90,30555.61,31707.85,15,5814880,6333318,10389114880,38342119424
2025-05-14 07:05:28,36.882,3.656,0,294912,89.80,30555.61,31707.85,15,5815136,6333594,10389114880,38342356992
2025-05-14 07:05:28,36.349,3.705,0,499712,69.90,30555.61,31707.85,15,5815381,6333856,10389114880,38342811648
2025-05-14 07:05:28,38.174,3.720,0,73728,79.80,30555.61,31707.85,15,5815581,6334056,10389114880,38342811648
2025-05-14 07:05:28,36.479,3.663,0,0,69.90,30555.61,31707.85,15,5815782,6334257,10389114880,38342811648
2025-05-14 07:05:29,38.062,3.729,0,0,79.90,30555.61,31707.85,15,5815983,6334458,10389114880,38342811648
2025-05-14 07:05:29,36.749,3.673,0,0,79.90,30555.61,31707.85,15,5816184,6334659,10389114880,38342811648
2025-05-14 07:05:29,36.366,3.681,0,0,59.90,30555.61,31707.85,15,5816385,6334860,10389114880,38342811648
2025-05-14 07:05:29,36.311,3.735,0,0,79.90,30555.61,31707.85,15,5816586,6335061,10389114880,38342811648
2025-05-14 07:05:29,36.385,3.720,0,0,79.90,30555.61,31707.85,15,5816787,6335262,10389114880,38342811648
2025-05-14 07:05:30,37.257,3.708,0,0,79.90,30555.61,31707.85,15,5816991,6335466,10389114880,38342811648
2025-05-14 07:05:30,36.550,3.690,0,0,59.90,30555.61,31707.85,15,5817193,6335668,10389114880,38342811648
2025-05-14 07:05:30,37.902,3.662,0,0,49.90,30555.61,31707.85,15,5817395,6335870,10389114880,38342811648
2025-05-14 07:05:30,37.199,3.701,0,0,59.90,30555.61,31707.85,15,5817595,6336070,10389114880,38342811648
2025-05-14 07:05:30,36.970,3.713,0,0,69.90,30555.61,31707.85,15,5817805,6336288,10389114880,38342844416
2025-05-14 07:05:31,36.667,3.662,0,32768,69.90,30555.61,31707.85,15,5818006,6336489,10389114880,38342844416
2025-05-14 07:05:31,38.281,3.825,0,0,59.90,30555.61,31707.85,15,5818207,6336690,10389114880,38342844416
2025-05-14 07:05:31,36.520,3.708,0,0,79.90,30555.61,31707.85,15,5818408,6336891,10389114880,38342844416
2025-05-14 07:05:31,36.829,3.711,0,0,69.90,30555.61,31707.85,15,5818610,6337093,10389114880,38342844416
2025-05-14 07:05:31,36.652,3.703,0,0,79.90,30555.61,31707.85,15,5818811,6337294,10389114880,38342844416
2025-05-14 07:05:32,36.155,3.682,0,0,79.90,30555.61,31707.85,15,5819012,6337495,10389114880,38342844416
2025-05-14 07:05:32,36.523,3.709,0,0,59.90,30555.61,31707.85,15,5819213,6337696,10389114880,38342844416
2025-05-14 07:05:32,36.384,3.680,0,0,69.90,30555.61,31707.85,15,5819414,6337897,10389114880,38342844416
2025-05-14 07:05:32,36.625,3.696,0,0,59.90,30555.61,31707.85,15,5819614,6338097,10389114880,38342844416
2025-05-14 07:05:32,35.967,3.718,0,0,69.90,30555.61,31707.85,15,5819815,6338298,10389114880,38342844416
2025-05-14 07:05:33,37.240,3.709,0,0,69.90,30555.61,31707.85,15,5820016,6338499,10389114880,38342844416
2025-05-14 07:05:33,36.588,3.694,0,0,59.90,30555.61,31707.85,15,5820217,6338700,10389114880,38342844416
2025-05-14 07:05:33,36.304,3.680,0,0,69.90,30555.61,31707.85,15,5820418,6338901,10389114880,38342844416
2025-05-14 07:05:33,37.007,3.748,0,0,59.90,30555.61,31707.85,15,5820620,6339103,10389114880,38342844416
2025-05-14 07:05:33,36.165,3.667,0,0,79.90,30555.61,31707.85,15,5820821,6339304,10389114880,38342844416
2025-05-14 07:05:34,36.656,3.723,0,8192,89.90,30555.61,31707.85,15,5821026,6339511,10389114880,38342852608
2025-05-14 07:05:34,37.014,3.747,0,0,79.90,30555.61,31707.85,15,5821235,6339723,10389114880,38342868992
2025-05-14 07:05:34,36.603,3.721,0,16384,69.90,30555.61,31707.85,15,5821436,6339924,10389114880,38342868992
2025-05-14 07:05:34,36.470,3.741,0,0,79.90,30555.61,31707.85,15,5821636,6340124,10389114880,38342868992
2025-05-14 07:05:34,36.257,3.734,0,0,79.80,30555.61,31707.85,15,5821837,6340325,10389114880,38342868992
2025-05-14 07:05:35,36.425,3.708,0,0,49.90,30555.61,31707.85,15,5822038,6340526,10389114880,38342868992
2025-05-14 07:05:35,37.134,3.672,0,0,79.90,30555.61,31707.85,15,5822239,6340727,10389114880,38342868992
2025-05-14 07:05:35,36.453,3.686,0,0,69.90,30555.61,31707.85,15,5822440,6340928,10389114880,38342868992
2025-05-14 07:05:35,39.790,3.892,0,12288,169.70,30555.61,31707.85,15,5822644,6341133,10389114880,38342881280
2025-05-14 07:05:35,37.589,3.683,0,0,69.90,30555.61,31707.85,15,5822845,6341334,10389114880,38342881280
2025-05-14 07:05:36,36.827,3.697,0,0,69.90,30555.61,31707.85,15,5823047,6341536,10389114880,38342881280
2025-05-14 07:05:36,36.953,3.707,0,0,79.90,30555.61,31707.85,15,5823248,6341737,10389114880,38342881280
2025-05-14 07:05:36,36.367,3.724,0,0,79.90,30555.61,31707.85,15,5823449,6341938,10389114880,38342881280
2025-05-14 07:05:36,36.341,3.677,0,0,59.90,30555.61,31707.85,15,5823649,6342138,10389114880,38342881280
2025-05-14 07:05:36,36.600,3.701,0,0,69.90,30555.61,31707.85,15,5823850,6342339,10389114880,38342881280
2025-05-14 07:05:37,36.622,3.682,0,0,79.90,30555.61,31707.85,15,5824051,6342540,10389114880,38342881280
2025-05-14 07:05:37,36.803,3.732,0,0,59.90,30555.61,31707.85,15,5824253,6342742,10389114880,38342881280
2025-05-14 07:05:37,36.363,3.669,0,0,79.90,30555.61,31707.85,15,5824454,6342943,10389114880,38342881280
2025-05-14 07:05:37,36.129,3.677,0,0,69.90,30555.61,31707.85,15,5824655,6343144,10389114880,38342881280
2025-05-14 07:05:37,37.102,3.649,0,0,79.90,30555.61,31707.85,15,5824856,6343345,10389114880,38342881280
2025-05-14 07:05:38,36.738,3.674,0,0,79.90,30555.61,31707.85,15,5825057,6343546,10389114880,38342881280
2025-05-14 07:05:38,36.342,3.672,0,0,69.90,30555.61,31707.85,15,5825258,6343747,10389114880,38342881280
2025-05-14 07:05:38,36.354,3.710,0,0,69.90,30555.61,31707.85,15,5825459,6343948,10389114880,38342881280
2025-05-14 07:05:38,37.009,3.670,0,0,79.90,30555.61,31707.85,15,5825660,6344149,10389114880,38342881280
2025-05-14 07:05:38,36.142,3.680,0,0,59.90,30555.61,31707.85,15,5825861,6344350,10389114880,38342881280
2025-05-14 07:05:39,36.648,3.678,0,0,59.90,30555.61,31707.85,15,5826062,6344551,10389114880,38342881280
2025-05-14 07:05:39,36.639,3.731,0,0,49.90,30555.61,31707.85,15,5826263,6344752,10389114880,38342881280
2025-05-14 07:05:39,36.588,3.733,0,4096,69.90,30555.61,31707.85,15,5826466,6344956,10389114880,38342885376
2025-05-14 07:05:39,36.626,3.727,0,0,59.90,30555.61,31707.85,15,5826667,6345157,10389114880,38342885376
2025-05-14 07:05:39,36.541,3.708,0,0,79.90,30555.61,31707.85,15,5826868,6345358,10389114880,38342885376
2025-05-14 07:05:40,36.140,3.710,0,0,69.90,30555.61,31707.85,15,5827069,6345559,10389114880,38342885376
2025-05-14 07:05:40,36.733,3.675,0,0,69.90,30555.61,31707.85,15,5827271,6345761,10389114880,38342885376
2025-05-14 07:05:40,36.797,3.663,0,0,49.90,30555.61,31707.85,15,5827476,6345966,10389114880,38342885376
2025-05-14 07:05:40,38.085,3.691,0,0,59.80,30555.61,31707.85,15,5827676,6346166,10389114880,38342885376
2025-05-14 07:05:40,37.776,3.727,0,0,69.90,30555.61,31707.85,15,5827878,6346368,10389114880,38342885376
2025-05-14 07:05:41,37.243,3.733,0,0,79.90,30555.61,31707.85,15,5828079,6346569,10389114880,38342885376
2025-05-14 07:05:41,38.079,3.808,0,0,79.90,30555.61,31707.85,15,5828280,6346770,10389114880,38342885376
2025-05-14 07:05:41,36.157,3.706,0,0,79.90,30555.61,31707.85,15,5828481,6346971,10389114880,38342885376
2025-05-14 07:05:41,36.434,3.714,0,0,59.90,30555.61,31707.85,15,5828682,6347172,10389114880,38342885376
2025-05-14 07:05:41,36.642,3.714,0,0,69.90,30555.61,31707.85,15,5828883,6347373,10389114880,38342885376
2025-05-14 07:05:42,36.470,3.727,0,0,69.90,30555.61,31707.85,15,5829084,6347574,10389114880,38342885376
2025-05-14 07:05:42,36.793,3.720,0,0,89.90,30555.61,31707.85,15,5829286,6347776,10389114880,38342885376
2025-05-14 07:05:42,35.863,3.734,0,0,79.90,30555.61,31707.85,15,5829487,6347977,10389114880,38342885376
2025-05-14 07:05:42,36.161,3.751,0,0,69.90,30555.61,31707.85,15,5829687,6348177,10389114880,38342885376
2025-05-14 07:05:42,36.331,3.741,0,0,69.90,30555.61,31707.85,15,5829888,6348378,10389114880,38342885376
2025-05-14 07:05:43,36.333,3.706,0,0,79.90,30555.61,31707.85,15,5830089,6348579,10389114880,38342885376
2025-05-14 07:05:43,36.820,3.760,0,0,89.90,30555.61,31707.85,15,5830290,6348780,10389114880,38342885376
2025-05-14 07:05:43,37.065,3.770,0,0,69.90,30555.61,31707.85,15,5830491,6348981,10389114880,38342885376
2025-05-14 07:05:43,36.365,3.746,0,0,79.90,30555.61,31707.85,15,5830692,6349182,10389114880,38342885376
2025-05-14 07:05:44,36.086,3.778,0,0,69.90,30555.61,31707.85,15,5830893,6349383,10389114880,38342885376
2025-05-14 07:05:44,36.460,3.758,0,0,79.90,30555.61,31707.85,15,5831095,6349585,10389114880,38342885376
2025-05-14 07:05:44,36.776,3.777,0,0,79.90,30555.61,31707.85,14,5831294,6349784,10389114880,38342885376
2025-05-14 07:05:44,36.462,3.753,0,0,69.90,30555.61,31707.85,14,5831503,6349996,10389114880,38342897664
2025-05-14 07:05:44,37.231,3.764,0,12288,49.90,30555.61,31707.85,14,5831704,6350197,10389114880,38342897664
2025-05-14 07:05:45,36.864,3.737,0,0,69.90,30555.61,31707.85,14,5831905,6350398,10389114880,38342897664
2025-05-14 07:05:45,36.284,3.703,0,0,69.90,30555.61,31707.85,14,5832106,6350599,10389114880,38342897664
2025-05-14 07:05:45,36.513,3.747,0,0,69.90,30555.61,31707.85,14,5832307,6350800,10389114880,38342897664
2025-05-14 07:05:45,36.708,3.726,0,0,59.90,30555.61,31707.85,14,5832508,6351001,10389114880,38342897664
2025-05-14 07:05:45,36.709,3.703,0,0,59.90,30555.61,31707.85,14,5832709,6351202,10389114880,38342897664
2025-05-14 07:05:46,36.425,3.676,0,0,69.90,30555.61,31707.85,14,5832910,6351403,10389114880,38342897664
2025-05-14 07:05:46,36.507,3.719,0,0,79.90,30555.61,31707.85,14,5833111,6351604,10389114880,38342897664
2025-05-14 07:05:46,36.432,3.716,0,0,79.90,30555.61,31707.85,14,5833315,6351808,10389114880,38342897664
2025-05-14 07:05:46,36.297,3.719,0,0,69.90,30555.61,31707.85,14,5833515,6352008,10389114880,38342897664
2025-05-14 07:05:46,36.256,3.715,0,0,59.90,30555.61,31707.85,14,5833716,6352209,10389114880,38342897664
2025-05-14 07:05:47,36.733,3.752,0,0,79.90,30555.61,31707.85,14,5833917,6352410,10389114880,38342897664
2025-05-14 07:05:47,35.944,3.724,0,0,79.90,30555.61,31707.85,14,5834118,6352611,10389114880,38342897664
2025-05-14 07:05:47,36.107,3.704,0,0,69.90,30555.61,31707.85,14,5834319,6352812,10389114880,38342897664
2025-05-14 07:05:47,36.457,3.752,0,0,69.90,30555.61,31707.85,14,5834519,6353012,10389114880,38342897664
2025-05-14 07:05:47,36.402,3.749,0,0,69.90,30555.61,31707.85,14,5834720,6353213,10389114880,38342897664
2025-05-14 07:05:48,36.397,3.724,0,0,59.90,30555.61,31707.85,14,5834922,6353415,10389114880,38342897664
2025-05-14 07:05:48,38.737,3.750,0,0,79.90,30555.61,31707.85,14,5835123,6353616,10389114880,38342897664
2025-05-14 07:05:48,37.191,3.758,0,0,79.90,30555.61,31707.85,14,5835324,6353817,10389114880,38342897664
2025-05-14 07:05:48,36.291,3.724,0,0,69.90,30555.61,31707.85,14,5835524,6354017,10389114880,38342897664
2025-05-14 07:05:48,36.649,3.683,0,0,59.90,30555.61,31707.85,14,5835725,6354218,10389114880,38342897664
2025-05-14 07:05:49,36.253,3.698,0,0,69.90,30555.61,31707.85,14,5835926,6354419,10389114880,38342897664
2025-05-14 07:05:49,36.482,3.708,0,0,69.90,30555.61,31707.85,14,5836127,6354620,10389114880,38342897664
2025-05-14 07:05:49,36.459,3.692,0,0,69.90,30555.61,31707.85,14,5836328,6354821,10389114880,38342897664
2025-05-14 07:05:49,36.475,3.640,0,0,69.90,30555.61,31707.85,14,5836529,6355022,10389114880,38342897664
2025-05-14 07:05:49,36.351,3.693,0,0,69.90,30555.61,31707.85,14,5836730,6355223,10389114880,38342897664
2025-05-14 07:05:50,36.703,3.693,0,0,49.90,30555.61,31707.85,14,5836931,6355424,10389114880,38342897664
2025-05-14 07:05:50,38.119,3.703,0,0,69.90,30555.61,31707.85,14,5837132,6355625,10389114880,38342897664
2025-05-14 07:05:50,36.834,3.697,0,0,69.90,30555.61,31707.85,14,5837333,6355826,10389114880,38342897664
2025-05-14 07:05:50,36.576,3.661,0,0,79.90,30555.61,31707.85,14,5837533,6356026,10389114880,38342897664
2025-05-14 07:05:50,36.954,3.694,0,0,59.90,30555.61,31707.85,14,5837738,6356231,10389114880,38342897664
2025-05-14 07:05:51,37.275,3.699,0,0,49.90,30555.61,31707.85,14,5837940,6356433,10389114880,38342897664
2025-05-14 07:05:51,37.612,3.714,0,0,79.90,30555.61,31707.85,14,5838141,6356634,10389114880,38342897664
2025-05-14 07:05:51,38.164,3.780,0,0,69.90,30555.61,31707.85,14,5838342,6356835,10389114880,38342897664
2025-05-14 07:05:51,36.577,3.673,0,0,69.90,30555.61,31707.85,14,5838543,6357036,10389114880,38342897664
2025-05-14 07:05:51,36.561,3.668,0,0,79.90,30555.61,31707.85,14,5838744,6357237,10389114880,38342897664
2025-05-14 07:05:52,36.049,3.667,0,0,69.90,30555.61,31707.85,14,5838946,6357439,10389114880,38342897664
2025-05-14 07:05:52,36.184,3.739,0,0,89.90,30555.61,31707.85,14,5839147,6357640,10389114880,38342897664
2025-05-14 07:05:52,36.133,3.734,0,0,79.90,30555.61,31707.85,14,5839348,6357841,10389114880,38342897664
2025-05-14 07:05:52,35.931,3.698,0,0,69.90,30555.61,31707.85,14,5839548,6358041,10389114880,38342897664
2025-05-14 07:05:52,36.504,3.717,0,0,59.90,30555.61,31707.85,14,5839749,6358242,10389114880,38342897664
2025-05-14 07:05:53,36.104,3.648,0,0,69.90,30555.61,31707.85,14,5839950,6358443,10389114880,38342897664
2025-05-14 07:05:53,36.298,3.654,0,0,79.90,30555.61,31707.85,14,5840151,6358644,10389114880,38342897664
2025-05-14 07:05:53,36.042,3.657,0,0,69.90,30555.61,31707.85,14,5840352,6358845,10389114880,38342897664
2025-05-14 07:05:53,36.212,3.711,0,0,59.90,30555.61,31707.85,14,5840553,6359046,10389114880,38342897664
2025-05-14 07:05:53,36.744,3.694,0,0,69.90,30555.61,31707.85,14,5840754,6359247,10389114880,38342897664
2025-05-14 07:05:54,36.599,3.687,0,0,59.90,30555.61,31707.85,14,5840955,6359448,10389114880,38342897664
2025-05-14 07:05:54,36.488,3.703,0,0,79.90,30555.61,31707.85,14,5841160,6359653,10389114880,38342897664
2025-05-14 07:05:54,36.833,3.715,0,0,79.90,30555.61,31707.85,14,5841361,6359854,10389114880,38342897664
2025-05-14 07:05:54,36.798,3.732,0,0,69.90,30555.61,31707.85,11,5841561,6360054,10389114880,38342897664
2025-05-14 07:05:54,36.907,3.712,0,0,69.90,30555.61,31707.85,11,5841762,6360255,10389114880,38342897664
2025-05-14 07:05:55,36.640,3.666,0,0,69.90,30555.61,31707.85,11,5841963,6360456,10389114880,38342897664
2025-05-14 07:05:55,36.705,3.719,0,0,69.90,30555.61,31707.85,11,5842164,6360657,10389114880,38342897664
2025-05-14 07:05:55,36.241,3.660,0,0,69.90,30555.61,31707.85,11,5842365,6360858,10389114880,38342897664
2025-05-14 07:05:55,36.440,3.650,0,0,69.90,30555.61,31707.85,11,5842566,6361059,10389114880,38342897664
2025-05-14 07:05:55,36.863,3.692,0,0,69.90,30555.61,31707.85,11,5842767,6361260,10389114880,38342897664
2025-05-14 07:05:56,36.856,3.706,0,0,79.90,30555.61,31707.85,11,5842968,6361461,10389114880,38342897664
2025-05-14 07:05:56,36.289,3.715,0,0,79.90,30555.61,31707.85,11,5843170,6361663,10389114880,38342897664
2025-05-14 07:05:56,36.307,3.789,0,0,59.90,30555.61,31707.85,11,5843371,6361864,10389114880,38342897664
2025-05-14 07:05:56,36.244,3.722,0,0,69.90,30555.61,31707.85,11,5843570,6362064,10389114880,38342897664
2025-05-14 07:05:56,37.247,3.713,0,0,59.90,30555.61,31707.85,11,5843772,6362265,10389114880,38342897664
2025-05-14 07:05:57,36.281,3.676,0,0,69.90,30555.61,31707.85,11,5843973,6362466,10389114880,38342897664
2025-05-14 07:05:57,36.332,3.684,0,0,79.90,30555.61,31707.85,11,5844174,6362667,10389114880,38342897664
2025-05-14 07:05:57,36.585,3.694,0,0,69.90,30555.61,31707.85,11,5844375,6362868,10389114880,38342897664
2025-05-14 07:05:57,36.241,3.631,0,0,79.90,30555.61,31707.85,11,5844576,6363069,10389114880,38342897664
2025-05-14 07:05:57,36.397,3.689,0,0,79.90,30555.61,31707.85,11,5844777,6363270,10389114880,38342897664
2025-05-14 07:05:58,36.218,3.648,0,0,79.90,30555.61,31707.85,11,5844978,6363471,10389114880,38342897664
2025-05-14 07:05:58,36.386,3.682,0,0,79.90,30555.61,31707.85,11,5845179,6363672,10389114880,38342897664
2025-05-14 07:05:58,36.495,3.672,0,0,69.90,30555.61,31707.85,11,5845380,6363874,10389114880,38342897664
2025-05-14 07:05:58,36.502,3.658,0,0,69.90,30555.61,31707.85,11,5845581,6364074,10389114880,38342897664
2025-05-14 07:05:58,36.054,3.677,0,0,69.90,30555.61,31707.85,11,5845782,6364275,10389114880,38342897664
2025-05-14 07:05:59,36.494,3.700,0,0,69.90,30555.61,31707.85,11,5845983,6364476,10389114880,38342897664
2025-05-14 07:05:59,36.307,3.691,0,0,79.90,30555.61,31707.85,11,5846184,6364677,10389114880,38342897664
2025-05-14 07:05:59,36.950,3.682,0,0,69.90,30555.61,31707.85,11,5846384,6364877,10389114880,38342897664
2025-05-14 07:05:59,36.264,3.656,0,0,69.90,30555.61,31707.85,11,5846585,6365078,10389114880,38342897664
2025-05-14 07:05:59,36.058,3.669,0,0,69.90,30555.61,31707.85,11,5846786,6365279,10389114880,38342897664
2025-05-14 07:06:00,36.527,3.723,0,0,79.90,30555.61,31707.85,11,5846989,6365482,10389114880,38342897664
2025-05-14 07:06:00,36.470,3.718,0,0,89.90,30555.61,31707.85,11,5847191,6365684,10389114880,38342897664
2025-05-14 07:06:00,36.405,3.752,0,0,79.90,30555.61,31707.85,11,5847390,6365883,10389114880,38342897664
2025-05-14 07:06:00,37.321,3.734,0,0,49.90,30555.61,31707.85,11,5847591,6366084,10389114880,38342897664
2025-05-14 07:06:00,41.539,3.681,0,0,49.90,30555.61,31707.85,11,5847792,6366285,10389114880,38342897664
2025-05-14 07:06:01,41.891,3.706,0,0,99.80,30555.61,32212.08,75,5848066,6366742,10389114880,38343987200
2025-05-14 07:06:01,38.365,3.815,0,1097728,69.90,30555.61,32212.08,75,5848270,6366947,10389114880,38343995392
2025-05-14 07:06:01,38.776,3.749,0,0,69.90,30555.61,32212.08,75,5848471,6367148,10389114880,38343995392
2025-05-14 07:06:01,37.245,3.728,0,0,69.90,30555.61,32212.08,75,5848673,6367350,10389114880,38343995392
2025-05-14 07:06:01,36.872,3.711,0,0,59.90,30555.61,32212.08,75,5848874,6367551,10389114880,38343995392
2025-05-14 07:06:02,36.418,3.647,0,0,59.90,30555.61,32212.08,75,5849075,6367752,10389114880,38343995392
2025-05-14 07:06:02,36.347,3.732,0,0,169.70,30555.61,32212.08,75,5849275,6367952,10389114880,38343995392
2025-05-14 07:06:02,38.671,3.890,0,0,79.90,30555.61,32212.08,75,5849476,6368153,10389114880,38343995392
2025-05-14 07:06:02,35.934,3.664,0,0,79.90,30555.61,32212.08,75,5849676,6368353,10389114880,38343995392
2025-05-14 07:06:02,35.517,3.660,0,0,69.90,30555.61,32212.08,75,5849877,6368554,10389114880,38343995392
2025-05-14 07:06:03,37.107,3.718,0,0,59.90,30555.61,32212.08,75,5850079,6368756,10389114880,38343995392
2025-05-14 07:06:03,36.517,3.723,0,0,79.90,30555.61,32212.08,75,5850280,6368957,10389114880,38343995392
2025-05-14 07:06:03,36.933,3.727,0,0,59.90,30555.61,32212.08,75,5850481,6369158,10389114880,38343995392
2025-05-14 07:06:03,36.176,3.743,0,0,69.90,30555.61,32212.08,75,5850682,6369359,10389114880,38343995392
2025-05-14 07:06:03,36.079,3.711,0,0,79.90,30555.61,32212.08,75,5850883,6369560,10389114880,38343995392
2025-05-14 07:06:04,36.082,3.707,0,0,59.90,30555.61,32212.08,75,5851084,6369761,10389114880,38343995392
2025-05-14 07:06:04,36.614,3.743,0,0,79.90,30555.61,32212.08,75,5851285,6369962,10389114880,38343995392
2025-05-14 07:06:04,36.620,3.750,0,0,69.90,30555.61,32212.08,75,5851487,6370164,10389114880,38343995392
2025-05-14 07:06:04,36.589,3.728,0,0,69.90,30555.61,32212.08,75,5851687,6370364,10389114880,38343995392
2025-05-14 07:06:04,36.173,3.702,0,0,69.90,30555.61,32212.08,75,5851888,6370565,10389114880,38343995392
2025-05-14 07:06:05,36.864,3.731,0,0,69.90,30555.61,32212.08,75,5852089,6370766,10389114880,38343995392
2025-05-14 07:06:05,36.592,3.685,0,0,79.90,30555.61,32212.08,75,5852290,6370967,10389114880,38343995392
2025-05-14 07:06:05,36.692,3.722,0,0,69.90,30555.61,32212.08,75,5852491,6371168,10389114880,38343995392
2025-05-14 07:06:05,36.919,3.741,0,1597440,59.90,30555.61,32212.08,75,5852721,6371418,10389114880,38346117120
2025-05-14 07:06:05,36.747,3.703,0,524288,59.90,30555.61,32212.08,75,5852922,6371619,10389114880,38346117120
2025-05-14 07:06:06,36.768,3.639,0,0,69.90,30555.61,32212.08,75,5853123,6371820,10389114880,38346117120
2025-05-14 07:06:06,36.497,3.705,0,0,79.90,30555.61,32212.08,75,5853324,6372021,10389114880,38346117120
2025-05-14 07:06:06,36.448,3.684,0,0,69.90,30555.61,32212.08,75,5853525,6372222,10389114880,38346117120
2025-05-14 07:06:06,36.839,3.712,0,0,69.90,30555.61,32212.08,75,5853725,6372422,10389114880,38346117120
2025-05-14 07:06:06,36.216,3.714,0,0,69.90,30555.61,32212.08,75,5853926,6372623,10389114880,38346117120
2025-05-14 07:06:07,36.626,3.672,0,0,69.90,30555.61,32212.08,75,5854127,6372824,10389114880,38346117120
2025-05-14 07:06:07,36.407,3.684,0,0,59.90,30555.61,32212.08,75,5854328,6373025,10389114880,38346117120
2025-05-14 07:06:07,36.534,3.740,0,0,59.90,30555.61,32212.08,75,5854530,6373227,10389114880,38346117120
2025-05-14 07:06:07,38.332,3.700,0,0,59.90,30555.61,32212.08,75,5854731,6373428,10389114880,38346117120
2025-05-14 07:06:07,36.082,3.696,0,0,79.90,30555.61,32212.08,75,5854931,6373628,10389114880,38346117120
2025-05-14 07:06:08,36.962,3.699,0,0,69.90,30555.61,32212.08,75,5855132,6373829,10389114880,38346117120
2025-05-14 07:06:08,36.289,3.677,0,0,69.90,30555.61,32212.08,75,5855333,6374030,10389114880,38346117120
2025-05-14 07:06:08,36.634,3.709,0,0,59.90,30555.61,32212.08,75,5855535,6374232,10389114880,38346117120
2025-05-14 07:06:08,37.480,3.691,0,0,59.90,30555.61,32212.08,75,5855734,6374431,10389114880,38346117120
2025-05-14 07:06:08,36.710,3.676,0,0,59.90,30555.61,32212.08,75,5855935,6374632,10389114880,38346117120
2025-05-14 07:06:09,37.379,3.670,0,0,49.90,30555.61,32212.08,75,5856137,6374834,10389114880,38346117120
2025-05-14 07:06:09,37.481,3.715,0,0,79.90,30555.61,32212.08,75,5856338,6375035,10389114880,38346117120
2025-05-14 07:06:09,36.364,3.636,0,0,59.90,30555.61,32212.08,75,5856539,6375236,10389114880,38346117120
2025-05-14 07:06:09,36.634,3.668,0,0,79.90,30555.61,32212.08,75,5856740,6375437,10389114880,38346117120
2025-05-14 07:06:09,36.572,3.678,0,0,59.90,30555.61,32212.08,75,5856941,6375638,10389114880,38346117120
2025-05-14 07:06:10,36.884,3.686,0,0,79.90,30555.61,32212.08,75,5857142,6375839,10389114880,38346117120
2025-05-14 07:06:10,36.545,3.704,0,0,59.90,30555.61,32212.08,75,5857344,6376041,10389114880,38346117120
2025-05-14 07:06:10,37.923,3.726,0,0,49.90,30555.61,32212.08,75,5857546,6376243,10389114880,38346117120
2025-05-14 07:06:10,37.106,3.672,0,0,59.90,30555.61,32212.08,75,5857745,6376442,10389114880,38346117120
2025-05-14 07:06:10,37.047,3.735,0,0,69.90,30555.61,32212.08,75,5857946,6376643,10389114880,38346117120
2025-05-14 07:06:11,36.883,3.709,0,0,89.90,30555.87,31963.96,40,5858148,6376845,10389114880,38346117120
2025-05-14 07:06:11,36.799,3.689,0,0,59.90,30555.83,31947.95,38,5858349,6377046,10389114880,38346117120
2025-05-14 07:06:11,37.117,3.786,0,0,59.90,30555.83,31947.95,38,5858550,6377247,10389114880,38346117120
2025-05-14 07:06:11,37.141,3.705,0,0,59.90,30555.83,31947.95,38,5858751,6377448,10389114880,38346117120
2025-05-14 07:06:11,36.913,3.673,0,28672,79.90,30555.83,31947.95,38,5858956,6377655,10389114880,38346145792
2025-05-14 07:06:12,36.361,3.726,0,0,69.90,30555.83,31947.95,38,5859160,6377859,10389114880,38346145792
2025-05-14 07:06:12,36.858,3.653,0,0,69.90,30555.83,31947.95,38,5859361,6378060,10389114880,38346145792
2025-05-14 07:06:12,36.609,3.698,0,0,69.90,30555.83,31947.95,38,5859562,6378261,10389114880,38346145792
2025-05-14 07:06:12,36.500,3.683,0,0,59.90,30555.83,31947.95,38,5859762,6378461,10389114880,38346145792
2025-05-14 07:06:12,36.089,3.746,0,0,69.90,30555.83,31947.95,38,5859963,6378662,10389114880,38346145792
2025-05-14 07:06:13,35.957,3.702,0,0,69.90,30555.83,31947.95,38,5860164,6378863,10389114880,38346145792
2025-05-14 07:06:13,36.466,3.693,0,0,79.90,30555.83,31947.95,38,5860365,6379064,10389114880,38346145792
2025-05-14 07:06:13,36.477,3.705,0,0,69.90,30555.83,31947.95,38,5860566,6379265,10389114880,38346145792
2025-05-14 07:06:13,36.816,3.704,0,0,79.90,30555.83,31947.95,38,5860767,6379466,10389114880,38346145792
2025-05-14 07:06:13,36.193,3.678,0,0,69.90,30555.83,31947.95,38,5860968,6379667,10389114880,38346145792
2025-05-14 07:06:14,36.685,3.658,0,0,89.90,30555.83,31947.95,38,5861169,6379868,10389114880,38346145792
2025-05-14 07:06:14,37.053,3.711,0,0,69.90,30555.83,31947.95,38,5861370,6380069,10389114880,38346145792
2025-05-14 07:06:14,36.487,3.698,0,0,79.90,30555.83,31947.95,38,5861571,6380270,10389114880,38346145792
2025-05-14 07:06:14,36.893,3.659,0,0,69.90,30555.83,31947.95,38,5861772,6380471,10389114880,38346145792
2025-05-14 07:06:14,36.508,3.701,0,0,49.90,30555.83,31947.95,38,5861972,6380672,10389114880,38346145792
2025-05-14 07:06:15,36.432,3.673,0,0,79.90,30555.83,31947.95,38,5862174,6380873,10389114880,38346145792
2025-05-14 07:06:15,36.625,3.710,0,0,109.90,30555.83,31947.95,38,5862375,6381074,10389114880,38346145792
2025-05-14 07:06:15,39.660,3.787,0,0,169.70,30555.83,31947.95,38,5862576,6381275,10389114880,38346145792
2025-05-14 07:06:15,41.149,3.746,0,0,149.80,30555.74,31747.86,13,5862777,6381476,10389114880,38346145792
2025-05-14 07:06:15,41.204,3.697,0,0,139.70,30555.74,31747.86,13,5862995,6381699,10389114880,38346203136
2025-05-14 07:06:16,38.543,3.767,0,57344,79.90,30555.74,31747.86,13,5863196,6381900,10389114880,38346203136
2025-05-14 07:06:16,37.433,3.712,0,0,79.90,30555.74,31747.86,13,5863394,6382098,10389114880,38346203136
2025-05-14 07:06:16,36.683,3.704,0,0,79.90,30555.74,31747.86,13,5863595,6382299,10389114880,38346203136
2025-05-14 07:06:16,36.167,3.644,0,0,69.90,30555.74,31747.86,13,5863795,6382499,10389114880,38346203136
2025-05-14 07:06:16,36.473,3.622,0,4096,79.90,30555.74,31747.86,13,5863998,6382703,10389114880,38346207232
2025-05-14 07:06:17,36.635,3.668,0,0,69.90,30555.74,31747.86,13,5864216,6382929,10389114880,38346248192
2025-05-14 07:06:17,37.007,3.712,0,40960,69.90,30555.74,31747.86,13,5864417,6383130,10389114880,38346248192
2025-05-14 07:06:17,37.021,3.692,0,0,59.90,30555.74,31747.86,13,5864618,6383331,10389114880,38346248192
2025-05-14 07:06:17,36.108,3.692,0,0,69.90,30555.74,31747.86,13,5864819,6383532,10389114880,38346248192
2025-05-14 07:06:17,36.860,3.686,0,0,69.90,30555.74,31747.86,13,5865020,6383733,10389114880,38346248192
2025-05-14 07:06:18,36.459,3.742,0,0,79.90,30555.74,31747.86,13,5865221,6383934,10389114880,38346248192
2025-05-14 07:06:18,36.502,3.721,0,0,69.90,30555.74,31747.86,13,5865422,6384135,10389114880,38346248192
2025-05-14 07:06:18,36.325,3.712,0,0,49.90,30555.74,31747.86,13,5865624,6384337,10389114880,38346248192
2025-05-14 07:06:18,36.578,3.718,0,0,49.90,30555.74,31747.86,13,5865823,6384536,10389114880,38346248192
2025-05-14 07:06:18,36.593,3.708,0,0,69.90,30555.74,31747.86,13,5866025,6384738,10389114880,38346248192
2025-05-14 07:06:19,36.101,3.711,0,0,69.90,30555.74,31747.86,13,5866226,6384939,10389114880,38346248192
2025-05-14 07:06:19,36.487,3.663,0,0,79.90,30555.74,31747.86,13,5866427,6385140,10389114880,38346248192
2025-05-14 07:06:19,36.933,3.705,0,0,69.90,30555.74,31747.86,13,5866628,6385341,10389114880,38346248192
2025-05-14 07:06:19,36.389,3.722,0,0,69.90,30555.74,31747.86,13,5866829,6385542,10389114880,38346248192
2025-05-14 07:06:19,36.510,3.677,0,0,69.90,30555.74,31747.86,13,5867030,6385743,10389114880,38346248192
2025-05-14 07:06:20,36.551,3.682,0,0,69.90,30555.74,31747.86,13,5867231,6385944,10389114880,38346248192
2025-05-14 07:06:20,36.557,3.690,0,0,59.90,30555.74,31747.86,13,5867432,6386145,10389114880,38346248192
2025-05-14 07:06:20,37.685,3.716,0,0,69.90,30555.74,31747.86,13,5867636,6386349,10389114880,38346248192
2025-05-14 07:06:20,37.805,3.695,0,0,49.90,30555.74,31747.86,13,5867837,6386550,10389114880,38346248192
2025-05-14 07:06:21,37.126,3.690,0,0,69.90,30555.74,31747.86,13,5868036,6386749,10389114880,38346248192
2025-05-14 07:06:21,36.808,3.694,0,0,79.90,30555.74,31747.86,13,5868237,6386950,10389114880,38346248192
2025-05-14 07:06:21,36.477,3.686,0,0,69.90,30555.74,31747.86,13,5868438,6387151,10389114880,38346248192
2025-05-14 07:06:21,36.801,3.716,0,0,69.90,30555.74,31747.86,13,5868648,6387364,10389114880,38346264576
2025-05-14 07:06:21,37.655,3.788,0,16384,79.90,30555.74,31747.86,13,5868849,6387565,10389114880,38346264576
2025-05-14 07:06:22,36.397,3.676,0,0,69.90,30555.74,31747.86,13,5869050,6387766,10389114880,38346264576
2025-05-14 07:06:22,36.354,3.688,0,0,79.90,30555.74,31747.86,13,5869251,6387967,10389114880,38346264576
2025-05-14 07:06:22,36.510,3.687,0,0,79.90,30555.74,31747.86,13,5869452,6388168,10389114880,38346264576
2025-05-14 07:06:22,37.043,3.712,0,0,69.90,30555.74,31747.86,13,5869652,6388368,10389114880,38346264576
2025-05-14 07:06:22,36.246,3.716,0,0,79.90,30555.74,31747.86,13,5869853,6388569,10389114880,38346264576
2025-05-14 07:06:23,36.079,3.663,0,0,59.90,30555.74,31747.86,13,5870054,6388770,10389114880,38346264576
2025-05-14 07:06:23,36.605,3.742,0,0,69.90,30555.74,31747.86,13,5870255,6388971,10389114880,38346264576
2025-05-14 07:06:23,36.435,3.745,0,0,69.90,30555.74,31747.86,13,5870457,6389173,10389114880,38346264576
2025-05-14 07:06:23,37.154,3.719,0,0,69.90,30555.74,31747.86,13,5870658,6389374,10389114880,38346264576
2025-05-14 07:06:23,36.035,3.699,0,0,69.90,30555.74,31747.86,13,5870859,6389575,10389114880,38346264576
2025-05-14 07:06:24,36.467,3.721,0,0,69.90,30555.74,31747.86,13,5871060,6389776,10389114880,38346264576
2025-05-14 07:06:24,36.176,3.706,0,0,99.80,30555.74,31747.86,13,5871261,6389977,10389114880,38346264576
2025-05-14 07:06:24,36.773,3.734,0,0,69.90,30555.74,31747.86,13,5871462,6390178,10389114880,38346264576
2025-05-14 07:06:24,37.103,3.723,0,0,79.90,30555.74,31747.86,13,5871662,6390378,10389114880,38346264576
2025-05-14 07:06:24,36.495,3.719,0,0,69.90,30555.74,31747.86,13,5871863,6390579,10389114880,38346264576
2025-05-14 07:06:25,36.785,3.694,0,0,69.90,30555.74,31747.86,13,5872063,6390779,10389114880,38346264576
2025-05-14 07:06:25,36.706,3.711,0,0,79.90,30555.74,31747.86,13,5872265,6390981,10389114880,38346264576
2025-05-14 07:06:25,36.171,3.724,0,0,79.90,30555.74,31747.86,13,5872467,6391183,10389114880,38346264576
2025-05-14 07:06:25,36.773,3.770,0,0,69.90,30555.74,31747.86,13,5872668,6391384,10389114880,38346264576
2025-05-14 07:06:25,36.255,3.754,0,0,69.90,30555.74,31747.86,13,5872868,6391584,10389114880,38346264576
2025-05-14 07:06:26,36.174,3.695,0,0,69.90,30555.74,31747.86,13,5873070,6391786,10389114880,38346264576
2025-05-14 07:06:26,36.592,3.707,0,0,69.90,30555.74,31747.86,13,5873271,6391987,10389114880,38346264576
2025-05-14 07:06:26,36.464,3.731,0,0,79.90,30555.74,31747.86,13,5873475,6392191,10389114880,38346264576
2025-05-14 07:06:26,36.666,3.719,0,0,79.90,30555.74,31747.86,13,5873679,6392396,10389114880,38346264576
2025-05-14 07:06:26,36.648,3.731,0,0,69.90,30555.74,31747.86,13,5873880,6392597,10389114880,38346264576
2025-05-14 07:06:27,36.301,3.728,0,0,69.90,30555.74,31747.86,13,5874081,6392798,10389114880,38346264576
2025-05-14 07:06:27,36.348,3.719,0,0,79.90,30555.74,31747.86,13,5874282,6392999,10389114880,38346264576
2025-05-14 07:06:27,35.444,3.734,0,0,79.90,30555.74,31747.86,13,5874485,6393203,10389118976,38346268672
2025-05-14 07:06:27,35.910,3.767,4096,4096,79.90,30555.74,31747.86,13,5874686,6393404,10389118976,38346268672
2025-05-14 07:06:27,35.725,3.731,0,0,69.90,30555.74,31747.86,13,5874887,6393605,10389118976,38346268672
2025-05-14 07:06:28,38.192,3.850,0,1282048,159.70,30555.74,31747.86,14,5876144,6395193,10389118976,38348632064
2025-05-14 07:06:28,41.221,3.683,0,2228224,159.70,30555.74,31747.86,14,5877772,6397318,10389118976,38350819328
2025-05-14 07:06:28,41.103,3.679,0,2162688,159.70,30555.74,31747.86,14,5879337,6399361,10389118976,38352904192
2025-05-14 07:06:28,41.272,3.695,0,2199552,159.70,30555.74,31747.86,14,5880938,6401454,10389118976,38355402752
2025-05-14 07:06:28,41.318,3.635,0,2564096,159.70,30555.74,31747.86,14,5882502,6403496,10389118976,38358102016
2025-05-14 07:06:29,40.885,3.680,0,2670592,149.70,30555.74,31747.86,14,5884089,6405574,10389118976,38360768512
2025-05-14 07:06:29,38.805,3.726,0,1404928,69.90,30555.74,31747.86,14,5884296,6405783,10389118976,38360780800
2025-05-14 07:06:29,36.305,3.772,0,0,69.90,30555.74,31747.86,14,5884497,6405984,10389118976,38360780800
2025-05-14 07:06:29,36.702,3.763,0,0,59.90,30555.74,31747.86,14,5884698,6406185,10389118976,38360780800
2025-05-14 07:06:29,36.407,3.749,0,0,69.90,30555.74,31747.86,14,5884899,6406386,10389118976,38360780800
2025-05-14 07:06:30,36.097,3.741,0,0,79.90,30555.74,31747.86,14,5885100,6406587,10389118976,38360780800
2025-05-14 07:06:30,36.309,3.741,0,0,69.90,30555.74,31747.86,14,5885301,6406788,10389118976,38360780800
2025-05-14 07:06:30,36.687,3.733,0,0,69.90,30555.74,31747.86,14,5885507,6406996,10389118976,38360793088
2025-05-14 07:06:30,36.831,3.735,0,12288,69.90,30555.74,31747.86,14,5885707,6407196,10389118976,38360793088
2025-05-14 07:06:30,36.906,3.761,0,0,69.90,30555.74,31747.86,14,5885911,6407400,10389118976,38360793088
2025-05-14 07:06:31,38.102,3.799,0,0,59.90,30555.74,31747.86,14,5886113,6407602,10389118976,38360793088
2025-05-14 07:06:31,37.411,3.753,0,0,79.90,30555.74,31747.86,14,5886314,6407803,10389118976,38360793088
2025-05-14 07:06:31,36.981,3.811,0,0,79.90,30555.74,31747.86,14,5886515,6408004,10389118976,38360793088
2025-05-14 07:06:31,37.714,3.778,0,0,39.90,30555.74,31747.86,14,5886716,6408205,10389118976,38360793088
2025-05-14 07:06:31,38.237,3.846,0,0,79.90,30555.74,31747.86,14,5886918,6408407,10389118976,38360793088
2025-05-14 07:06:32,36.372,3.735,0,0,69.90,30555.74,31747.86,14,5887119,6408608,10389118976,38360793088
2025-05-14 07:06:32,36.424,3.759,0,0,69.90,30555.74,31747.86,14,5887320,6408809,10389118976,38360793088
2025-05-14 07:06:32,36.602,3.734,0,0,69.90,30555.74,31747.86,14,5887521,6409010,10389118976,38360793088
2025-05-14 07:06:32,36.811,3.740,0,0,59.90,30555.74,31747.86,14,5887721,6409210,10389118976,38360793088
2025-05-14 07:06:32,36.603,3.718,0,0,59.90,30555.74,31747.86,14,5887922,6409411,10389118976,38360793088
2025-05-14 07:06:33,36.160,3.736,0,0,69.90,30555.74,31747.86,14,5888131,6409623,10389118976,38360813568
2025-05-14 07:06:33,36.816,3.705,0,20480,49.90,30555.74,31747.86,14,5888332,6409824,10389118976,38360813568
2025-05-14 07:06:33,36.767,3.724,0,0,79.90,30555.74,31747.86,14,5888552,6410052,10389118976,38360850432
2025-05-14 07:06:33,36.888,3.710,0,36864,59.90,30555.74,31747.86,14,5888753,6410253,10389118976,38360850432
2025-05-14 07:06:33,36.699,3.735,0,0,79.90,30555.74,31747.86,14,5888954,6410454,10389118976,38360850432
2025-05-14 07:06:34,36.192,3.726,0,0,59.90,30555.74,31747.86,14,5889155,6410655,10389118976,38360850432
2025-05-14 07:06:34,36.441,3.755,0,0,89.90,30555.74,31747.86,14,5889356,6410856,10389118976,38360850432
2025-05-14 07:06:34,37.211,3.790,0,0,59.90,30555.74,31747.86,14,5889557,6411057,10389118976,38360850432
2025-05-14 07:06:34,37.236,3.813,0,0,69.90,30555.74,31747.86,14,5889757,6411257,10389118976,38360850432
2025-05-14 07:06:34,36.855,3.796,0,0,79.90,30555.74,31747.86,14,5889958,6411458,10389118976,38360850432
2025-05-14 07:06:35,35.826,3.757,0,0,79.90,30555.74,31747.86,14,5890159,6411659,10389118976,38360850432
2025-05-14 07:06:35,36.391,3.799,0,0,69.90,30555.74,31747.86,14,5890360,6411860,10389118976,38360850432
2025-05-14 07:06:35,36.429,3.757,0,0,69.90,30555.74,31747.86,14,5890561,6412061,10389118976,38360850432
2025-05-14 07:06:35,36.492,3.722,0,0,299.40,30555.74,31747.86,14,5890759,6412259,10389118976,38360850432
2025-05-14 07:06:35,39.722,3.867,0,0,69.90,30555.74,31747.86,14,5890961,6412461,10389118976,38360850432
2025-05-14 07:06:36,36.000,3.700,0,0,79.90,30555.74,31747.86,14,5891161,6412661,10389118976,38360850432
2025-05-14 07:06:36,36.138,3.712,0,0,79.90,30555.74,31747.86,14,5891362,6412862,10389118976,38360850432
2025-05-14 07:06:36,35.965,3.708,0,0,69.90,30555.74,31747.86,14,5891563,6413063,10389118976,38360850432
2025-05-14 07:06:36,36.090,3.732,0,0,69.90,30555.74,31747.86,14,5891763,6413263,10389118976,38360850432
2025-05-14 07:06:36,36.128,3.729,0,0,69.90,30555.74,31747.86,14,5891964,6413464,10389118976,38360850432
2025-05-14 07:06:37,36.170,3.719,0,0,69.90,30555.74,31747.86,14,5892165,6413665,10389118976,38360850432
2025-05-14 07:06:37,36.505,3.706,0,0,69.90,30555.74,31747.86,14,5892366,6413866,10389118976,38360850432
2025-05-14 07:06:37,36.479,3.753,0,0,79.90,30555.74,31747.86,14,5892571,6414071,10389118976,38360850432
2025-05-14 07:06:37,36.593,3.650,0,0,79.90,30555.74,31747.86,14,5892771,6414271,10389118976,38360850432
2025-05-14 07:06:37,36.254,3.678,0,0,79.90,30555.74,31747.86,14,5892973,6414473,10389118976,38360850432
2025-05-14 07:06:38,36.804,3.725,0,0,69.90,30555.74,31747.86,14,5893174,6414674,10389118976,38360850432
2025-05-14 07:06:38,36.058,3.722,0,0,59.90,30555.74,31747.86,14,5893381,6414883,10389118976,38360858624
2025-05-14 07:06:38,36.374,3.727,0,8192,79.80,30555.74,31747.86,14,5893582,6415084,10389118976,38360858624
2025-05-14 07:06:38,35.947,3.719,0,0,79.90,30555.74,31747.86,14,5893782,6415284,10389118976,38360858624
2025-05-14 07:06:38,36.373,3.697,0,0,69.90,30555.74,31747.86,14,5893983,6415485,10389118976,38360858624
2025-05-14 07:06:39,36.406,3.702,0,0,69.90,30555.74,31747.86,14,5894184,6415686,10389118976,38360858624
2025-05-14 07:06:39,35.918,3.698,0,0,59.90,30555.74,31747.86,14,5894385,6415887,10389118976,38360858624
2025-05-14 07:06:39,36.098,3.691,0,0,69.90,30555.74,31747.86,14,5894586,6416088,10389118976,38360858624
2025-05-14 07:06:39,36.325,3.743,0,0,59.90,30555.74,31747.86,14,5894787,6416289,10389118976,38360858624
2025-05-14 07:06:39,37.211,3.729,0,0,69.90,30555.74,31747.86,14,5894988,6416490,10389118976,38360858624
2025-05-14 07:06:40,36.625,3.713,0,0,59.90,30555.74,31747.86,14,5895190,6416692,10389118976,38360858624
2025-05-14 07:06:40,37.831,3.697,0,0,59.90,30555.74,31747.86,14,5895392,6416894,10389118976,38360858624
2025-05-14 07:06:40,36.904,3.662,0,0,69.90,30555.74,31747.86,14,5895593,6417095,10389118976,38360858624
2025-05-14 07:06:40,36.376,3.680,0,0,69.90,30555.74,31747.86,14,5895793,6417295,10389118976,38360858624
2025-05-14 07:06:40,36.510,3.719,0,0,59.90,30555.74,31747.86,14,5895994,6417496,10389118976,38360858624
2025-05-14 07:06:41,36.402,3.674,0,0,79.90,30555.74,31747.86,14,5896195,6417697,10389118976,38360858624
2025-05-14 07:06:41,36.638,3.721,0,0,59.90,30555.74,31747.86,14,5896396,6417898,10389118976,38360858624
2025-05-14 07:06:41,36.518,3.709,0,0,69.90,30555.74,31747.86,14,5896597,6418099,10389118976,38360858624
2025-05-14 07:06:41,36.589,3.703,0,0,49.90,30555.74,31747.86,14,5896798,6418300,10389118976,38360858624
2025-05-14 07:06:41,38.207,3.776,0,0,69.90,30555.74,31747.86,14,5897000,6418502,10389118976,38360858624
2025-05-14 07:06:42,36.417,3.655,0,0,69.90,30555.74,31747.86,14,5897200,6418702,10389118976,38360858624
2025-05-14 07:06:42,36.628,3.686,0,0,69.90,30555.74,31747.86,14,5897402,6418904,10389118976,38360858624
2025-05-14 07:06:42,36.426,3.668,0,0,79.90,30555.74,31747.86,14,5897603,6419105,10389118976,38360858624
2025-05-14 07:06:42,36.506,3.702,0,0,69.90,30555.74,31747.86,14,5897803,6419305,10389118976,38360858624
2025-05-14 07:06:42,36.239,3.651,0,0,59.90,30555.74,31747.86,14,5898004,6419506,10389118976,38360858624
2025-05-14 07:06:43,36.391,3.643,0,0,79.90,30555.74,31747.86,14,5898205,6419707,10389118976,38360858624
2025-05-14 07:06:43,36.159,3.652,0,0,59.90,30555.74,31747.86,14,5898407,6419909,10389118976,38360858624
2025-05-14 07:06:43,36.960,3.725,0,0,69.90,30555.74,31747.86,14,5898608,6420110,10389118976,38360858624
2025-05-14 07:06:43,36.538,3.675,0,0,59.90,30555.74,31747.86,14,5898809,6420311,10389118976,38360858624
2025-05-14 07:06:43,36.769,3.616,0,0,69.90,30555.74,31747.86,14,5899010,6420512,10389118976,38360858624
2025-05-14 07:06:44,36.711,3.658,0,0,69.90,30555.74,31747.86,14,5899211,6420713,10389118976,38360858624
2025-05-14 07:06:44,36.664,3.689,0,0,69.90,30555.74,31747.86,14,5899412,6420914,10389118976,38360858624
2025-05-14 07:06:44,36.738,3.694,0,0,69.90,30555.74,31747.86,14,5899613,6421115,10389118976,38360858624
2025-05-14 07:06:44,37.016,3.720,0,0,89.90,30555.74,31747.86,14,5899813,6421315,10389118976,38360858624
2025-05-14 07:06:44,36.570,3.685,0,0,59.90,30555.74,31747.86,14,5900014,6421516,10389118976,38360858624
2025-05-14 07:06:45,36.608,3.659,0,0,69.90,30555.74,31747.86,14,5900215,6421717,10389118976,38360858624
2025-05-14 07:06:45,36.468,3.644,0,0,69.90,30555.74,31747.86,14,5900416,6421918,10389118976,38360858624
2025-05-14 07:06:45,36.859,3.658,0,0,69.90,30555.74,31747.86,14,5900617,6422119,10389118976,38360858624
2025-05-14 07:06:45,36.504,3.719,0,0,69.90,30555.74,31747.86,14,5900818,6422320,10389118976,38360858624
2025-05-14 07:06:45,36.430,3.687,0,0,99.80,30555.74,31747.86,14,5901033,6422540,10389118976,38360903680
2025-05-14 07:06:46,36.996,3.661,0,45056,69.90,30555.74,31747.86,14,5901234,6422741,10389118976,38360903680
2025-05-14 07:06:46,36.705,3.661,0,4096,149.80,30555.74,31747.86,14,5901437,6422945,10389118976,38360907776
2025-05-14 07:06:46,41.140,3.706,8192,69632,69.90,30555.74,31747.86,14,5901650,6423162,10389127168,38360977408
2025-05-14 07:06:46,36.293,3.682,0,0,69.90,30555.74,31747.86,14,5901850,6423362,10389127168,38360977408
2025-05-14 07:06:46,36.225,3.724,0,0,69.90,30555.74,31747.86,14,5902050,6423562,10389127168,38360977408
2025-05-14 07:06:47,36.079,3.694,0,4096,59.90,30555.74,31747.86,14,5902253,6423766,10389127168,38360981504
2025-05-14 07:06:47,36.998,3.754,0,0,79.90,30555.74,31747.86,14,5902453,6423966,10389127168,38360981504
2025-05-14 07:06:47,36.043,3.669,0,0,69.90,30555.74,31747.86,14,5902654,6424167,10389127168,38360981504
2025-05-14 07:06:47,36.432,3.737,0,0,59.90,30555.74,31747.86,14,5902855,6424368,10389127168,38360981504
2025-05-14 07:06:47,36.631,3.687,0,0,59.90,30555.74,31747.86,14,5903057,6424570,10389127168,38360981504
2025-05-14 07:06:48,36.458,3.717,0,0,59.90,30555.74,31747.86,14,5903258,6424771,10389127168,38360981504
2025-05-14 07:06:48,36.660,3.731,0,0,69.90,30555.74,31747.86,14,5903459,6424972,10389127168,38360981504
2025-05-14 07:06:48,37.182,3.660,0,73728,59.90,30555.74,31747.86,14,5903665,6425181,10389127168,38361055232
2025-05-14 07:06:48,37.852,3.698,0,0,59.90,30555.74,31747.86,14,5903871,6425389,10389127168,38361063424
2025-05-14 07:06:48,36.785,3.685,0,8192,69.90,30555.74,31747.86,14,5904072,6425590,10389127168,38361063424
2025-05-14 07:06:49,36.729,3.657,0,0,49.90,30555.74,31747.86,14,5904273,6425791,10389127168,38361063424
2025-05-14 07:06:49,38.460,3.742,0,0,59.90,30555.74,31747.86,14,5904475,6425993,10389127168,38361063424
2025-05-14 07:06:49,36.557,3.650,0,0,79.90,30555.74,31747.86,14,5904676,6426194,10389127168,38361063424
2025-05-14 07:06:49,37.184,3.685,0,0,69.90,30555.74,31747.86,14,5904876,6426394,10389127168,38361063424
2025-05-14 07:06:49,36.334,3.729,0,0,59.90,30555.74,31747.86,14,5905078,6426596,10389127168,38361063424
2025-05-14 07:06:50,36.204,3.704,0,0,69.90,30555.74,31747.86,14,5905279,6426797,10389127168,38361063424
2025-05-14 07:06:50,35.963,3.691,0,0,69.90,30555.74,31747.86,14,5905497,6427026,10389127168,38361108480
2025-05-14 07:06:50,38.128,3.699,0,45056,49.90,30555.74,31747.86,14,5905697,6427226,10389127168,38361108480
2025-05-14 07:06:50,37.251,3.710,0,0,79.90,30555.74,31747.86,14,5905897,6427426,10389127168,38361108480
2025-05-14 07:06:50,36.215,3.713,0,0,69.90,30555.74,31747.86,14,5906099,6427628,10389127168,38361108480
2025-05-14 07:06:51,36.606,3.745,0,0,79.90,30555.74,31747.86,14,5906300,6427829,10389127168,38361108480
2025-05-14 07:06:51,36.668,3.711,0,8192,59.90,30555.74,31747.86,14,5906504,6428034,10389127168,38361116672
2025-05-14 07:06:51,36.519,3.734,0,0,69.90,30555.74,31747.86,14,5906714,6428247,10389127168,38361137152
2025-05-14 07:06:51,36.725,3.725,0,20480,69.90,30555.74,31747.86,14,5906916,6428449,10389127168,38361137152
2025-05-14 07:06:51,37.721,3.795,0,0,79.90,30555.74,31747.86,14,5907117,6428650,10389127168,38361137152
2025-05-14 07:06:52,36.416,3.717,0,0,59.90,30555.74,31747.86,14,5907318,6428851,10389127168,38361137152
2025-05-14 07:06:52,36.380,3.790,0,0,69.90,30555.74,31747.86,14,5907519,6429052,10389127168,38361137152
2025-05-14 07:06:52,35.991,3.745,0,0,59.90,30555.74,31747.86,14,5907720,6429253,10389127168,38361137152
2025-05-14 07:06:52,36.769,3.739,0,0,69.90,30555.74,31747.86,14,5907920,6429453,10389127168,38361137152
2025-05-14 07:06:52,36.637,3.756,0,0,59.90,30555.74,31747.86,14,5908121,6429654,10389127168,38361137152
2025-05-14 07:06:53,36.265,3.726,0,0,69.90,30555.74,31747.86,14,5908322,6429855,10389127168,38361137152
2025-05-14 07:06:53,36.083,3.698,0,0,69.90,30555.74,31747.86,14,5908523,6430056,10389127168,38361137152
2025-05-14 07:06:53,35.930,3.701,0,0,79.90,30555.74,31747.86,14,5908724,6430257,10389127168,38361137152
2025-05-14 07:06:53,35.943,3.721,0,0,69.90,30555.74,31747.86,14,5908925,6430458,10389127168,38361137152
2025-05-14 07:06:53,35.656,3.673,0,0,69.90,30555.74,31747.86,14,5909126,6430659,10389127168,38361137152
2025-05-14 07:06:54,36.102,3.722,0,0,79.90,30555.74,31747.86,14,5909328,6430861,10389127168,38361137152
2025-05-14 07:06:54,36.186,3.736,0,0,89.90,30555.74,31747.86,14,5909529,6431062,10389127168,38361137152
2025-05-14 07:06:54,35.715,3.718,0,0,89.90,30555.74,31747.86,14,5909729,6431262,10389127168,38361137152
2025-05-14 07:06:54,36.459,3.709,0,0,79.90,30555.74,31747.86,14,5909930,6431463,10389127168,38361137152
2025-05-14 07:06:54,35.911,3.682,0,0,79.90,30555.74,31747.86,14,5910131,6431664,10389127168,38361137152
2025-05-14 07:06:55,35.939,3.699,0,0,79.90,30555.74,31747.86,14,5910332,6431865,10389127168,38361137152
2025-05-14 07:06:55,35.677,3.667,0,0,79.90,30555.74,31747.86,14,5910533,6432066,10389127168,38361137152
2025-05-14 07:06:55,35.608,3.702,0,0,89.90,30555.74,31747.86,14,5910734,6432267,10389127168,38361137152
2025-05-14 07:06:55,35.784,3.680,0,0,59.90,30555.74,31747.86,14,5910935,6432468,10389127168,38361137152
2025-05-14 07:06:55,35.919,3.702,0,0,79.90,30555.74,31747.86,14,5911136,6432669,10389127168,38361137152
2025-05-14 07:06:56,35.815,3.664,0,0,79.90,30555.74,31747.86,14,5911337,6432870,10389127168,38361137152
2025-05-14 07:06:56,35.906,3.674,0,0,69.90,30555.74,31747.86,14,5911538,6433071,10389127168,38361137152
2025-05-14 07:06:56,35.717,3.687,0,0,79.90,30555.74,31747.86,14,5911739,6433272,10389127168,38361137152
2025-05-14 07:06:56,35.851,3.704,0,0,79.90,30555.74,31747.86,14,5911943,6433477,10389127168,38361137152
2025-05-14 07:06:56,36.032,3.690,0,0,69.90,30555.74,31747.86,14,5912144,6433678,10389127168,38361137152
2025-05-14 07:06:57,36.065,3.715,0,0,69.90,30555.74,31747.86,14,5912345,6433879,10389127168,38361137152
2025-05-14 07:06:57,35.982,3.709,0,0,69.90,30555.74,31747.86,14,5912545,6434079,10389127168,38361137152
2025-05-14 07:06:57,36.264,3.691,0,0,59.90,30555.74,31747.86,14,5912746,6434280,10389127168,38361137152
2025-05-14 07:06:57,36.678,3.677,0,0,69.90,30555.74,31747.86,14,5912947,6434481,10389127168,38361137152
2025-05-14 07:06:57,36.457,3.695,0,0,69.90,30555.74,31747.86,14,5913148,6434682,10389127168,38361137152
2025-05-14 07:06:58,36.507,3.701,0,0,69.90,30555.74,31747.86,14,5913349,6434883,10389127168,38361137152
2025-05-14 07:06:58,36.468,3.739,0,0,79.90,30555.74,31747.86,14,5913550,6435084,10389127168,38361137152
2025-05-14 07:06:58,36.280,3.713,0,0,79.90,30555.74,31747.86,14,5913750,6435284,10389127168,38361137152
2025-05-14 07:06:58,36.673,3.694,0,0,59.90,30555.74,31747.86,14,5913951,6435485,10389127168,38361137152
2025-05-14 07:06:59,36.678,3.684,0,0,69.90,30555.74,31747.86,14,5914152,6435686,10389127168,38361137152
2025-05-14 07:06:59,36.069,3.675,0,0,59.90,30555.74,31747.86,14,5914354,6435888,10389127168,38361137152
2025-05-14 07:06:59,36.757,3.712,0,0,69.90,30555.74,31747.86,14,5914555,6436089,10389127168,38361137152
2025-05-14 07:06:59,36.125,3.698,0,0,79.90,30555.74,31747.86,14,5914755,6436289,10389127168,38361137152
2025-05-14 07:06:59,36.062,3.665,0,0,69.90,30555.74,31747.86,14,5914956,6436490,10389127168,38361137152
2025-05-14 07:07:00,36.325,3.656,0,0,59.90,30555.74,31747.86,14,5915159,6436693,10389127168,38361137152
2025-05-14 07:07:00,37.103,3.685,0,0,69.90,30555.74,31747.86,14,5915361,6436895,10389127168,38361137152
2025-05-14 07:07:00,36.104,3.706,0,0,69.90,30555.74,31747.86,14,5915560,6437094,10389127168,38361137152
2025-05-14 07:07:00,35.825,3.721,0,0,59.90,30555.74,31747.86,14,5915764,6437298,10389127168,38361137152
2025-05-14 07:07:00,38.602,3.703,0,0,39.90,30555.74,31747.86,14,5915965,6437499,10389127168,38361137152
2025-05-14 07:07:01,38.992,3.707,0,0,59.90,30555.74,31747.86,14,5916167,6437701,10389127168,38361137152
2025-05-14 07:07:01,37.449,3.671,0,0,109.80,30555.74,31747.86,14,5916750,6438334,10389127168,38363947008
2025-05-14 07:07:01,37.227,3.748,0,2809856,69.90,30555.74,31747.86,14,5916951,6438535,10389127168,38363947008
2025-05-14 07:07:01,36.276,3.663,0,0,69.90,30555.74,31747.86,14,5917152,6438736,10389127168,38363947008
2025-05-14 07:07:01,36.803,3.708,0,0,69.90,30555.74,31747.86,14,5917353,6438937,10389127168,38363947008
2025-05-14 07:07:02,36.813,3.700,0,0,59.90,30555.74,31747.86,14,5917554,6439138,10389127168,38363947008
2025-05-14 07:07:02,36.871,3.701,0,0,79.80,30555.74,31747.86,14,5917755,6439339,10389127168,38363947008
2025-05-14 07:07:02,36.153,3.681,0,0,69.90,30555.74,31747.86,14,5917956,6439540,10389127168,38363947008
2025-05-14 07:07:02,35.883,3.676,0,0,79.90,30555.74,31747.86,14,5918156,6439740,10389127168,38363947008
2025-05-14 07:07:02,36.794,3.719,0,0,79.90,30555.74,31747.86,14,5918356,6439940,10389127168,38363947008
2025-05-14 07:07:03,36.182,3.681,0,0,49.90,30555.74,31747.86,14,5918557,6440141,10389127168,38363947008
2025-05-14 07:07:03,36.859,3.676,0,0,69.90,30555.74,31747.86,14,5918758,6440342,10389127168,38363947008
2025-05-14 07:07:03,36.467,3.686,0,0,69.90,30555.74,31747.86,14,5918959,6440543,10389127168,38363947008
2025-05-14 07:07:03,36.043,3.669,0,0,79.90,30555.74,31747.86,14,5919160,6440744,10389127168,38363947008
2025-05-14 07:07:03,36.695,3.680,0,0,69.90,30555.74,31747.86,14,5919361,6440945,10389127168,38363947008
2025-05-14 07:07:04,37.148,3.676,0,0,59.90,30555.74,31747.86,14,5919562,6441146,10389127168,38363947008
2025-05-14 07:07:04,36.548,3.657,0,0,89.90,30555.74,31747.86,14,5919763,6441347,10389127168,38363947008
2025-05-14 07:07:04,36.499,3.678,0,0,69.90,30555.74,31747.86,14,5919964,6441548,10389127168,38363947008
2025-05-14 07:07:04,36.533,3.637,0,0,79.90,30555.74,31747.86,14,5920164,6441748,10389127168,38363947008
2025-05-14 07:07:04,36.949,3.660,0,0,59.90,30555.74,31747.86,14,5920365,6441949,10389127168,38363947008
2025-05-14 07:07:05,36.457,3.662,0,0,79.90,30555.74,31747.86,14,5920566,6442150,10389127168,38363947008
2025-05-14 07:07:05,36.385,3.665,0,0,79.90,30555.74,31747.86,14,5920767,6442351,10389127168,38363947008
2025-05-14 07:07:05,36.227,3.731,0,0,69.90,30555.74,31747.86,14,5920968,6442552,10389127168,38363947008
2025-05-14 07:07:05,36.394,3.714,0,65536,369.40,30555.74,31811.89,25,5921189,6442799,10389127168,38365925376
2025-05-14 07:07:05,45.041,4.203,0,2310144,69.90,30555.74,31811.89,25,5921397,6443012,10389127168,38366322688
2025-05-14 07:07:06,35.930,3.718,0,0,69.90,30555.74,31811.89,25,5921598,6443213,10389127168,38366322688
2025-05-14 07:07:06,36.229,3.659,0,0,79.90,30555.74,31811.89,25,5921799,6443414,10389127168,38366322688
2025-05-14 07:07:06,35.958,3.689,0,0,79.90,30555.74,31811.89,25,5922000,6443615,10389127168,38366322688
2025-05-14 07:07:06,36.072,3.711,0,0,89.90,30555.74,31811.89,25,5922200,6443815,10389127168,38366322688
2025-05-14 07:07:06,36.059,3.688,0,0,69.90,30555.74,31811.89,25,5922401,6444016,10389127168,38366322688
2025-05-14 07:07:07,36.193,3.713,0,0,69.90,30555.74,31811.89,25,5922602,6444217,10389127168,38366322688
2025-05-14 07:07:07,36.439,3.659,0,0,79.90,30555.74,31811.89,25,5922803,6444418,10389127168,38366322688
2025-05-14 07:07:07,36.651,3.690,0,0,79.90,30555.74,31811.89,25,5923004,6444619,10389127168,38366322688
2025-05-14 07:07:07,36.258,3.664,0,0,79.90,30555.74,31811.89,25,5923205,6444820,10389127168,38366322688
2025-05-14 07:07:07,36.567,3.708,0,0,49.90,30555.74,31811.89,25,5923406,6445021,10389127168,38366322688
2025-05-14 07:07:08,36.621,3.707,0,0,69.90,30555.74,31811.89,25,5923607,6445222,10389127168,38366322688
2025-05-14 07:07:08,36.888,3.705,0,0,59.90,30555.74,31811.89,25,5923808,6445423,10389127168,38366322688
2025-05-14 07:07:08,36.740,3.699,0,0,69.90,30555.74,31811.89,25,5924010,6445625,10389127168,38366322688
2025-05-14 07:07:08,36.571,3.674,0,0,79.90,30555.74,31811.89,25,5924210,6445825,10389127168,38366322688
2025-05-14 07:07:08,36.133,3.693,0,0,69.90,30555.74,31811.89,25,5924411,6446026,10389127168,38366322688
2025-05-14 07:07:09,35.966,3.674,0,0,70.00,30555.74,31811.89,25,5924612,6446227,10389127168,38366322688
2025-05-14 07:07:09,37.269,3.682,0,0,59.90,30555.74,31811.89,25,5924813,6446428,10389127168,38366322688
2025-05-14 07:07:09,36.922,3.754,0,0,59.90,30555.74,31811.89,25,5925015,6446630,10389127168,38366322688
2025-05-14 07:07:09,36.972,3.718,0,0,79.90,30555.74,31811.89,25,5925216,6446831,10389127168,38366322688
2025-05-14 07:07:09,36.941,3.709,0,0,69.90,30555.74,31811.89,25,5925417,6447032,10389127168,38366322688
2025-05-14 07:07:10,36.065,3.694,0,0,69.90,30555.74,31811.89,25,5925618,6447233,10389127168,38366322688
2025-05-14 07:07:10,36.855,3.693,0,0,69.90,30555.74,31811.89,25,5925819,6447434,10389127168,38366322688
2025-05-14 07:07:10,36.510,3.696,0,0,69.90,30555.74,31811.89,25,5926020,6447635,10389127168,38366322688
2025-05-14 07:07:10,36.682,3.676,0,0,69.90,30555.74,31811.89,25,5926220,6447835,10389127168,38366322688
2025-05-14 07:07:10,37.346,3.669,0,0,79.90,30555.74,31811.89,25,5926425,6448040,10389127168,38366322688
2025-05-14 07:07:11,37.253,3.682,0,0,69.90,30555.74,31811.89,25,5926626,6448241,10389127168,38366322688
2025-05-14 07:07:11,37.422,3.682,0,0,69.90,30555.74,31811.89,25,5926827,6448442,10389127168,38366322688
2025-05-14 07:07:11,36.583,3.684,0,0,49.90,30555.74,31811.89,25,5927028,6448643,10389127168,38366322688
2025-05-14 07:07:11,36.458,3.718,0,0,69.90,30555.74,31811.89,25,5927229,6448844,10389127168,38366322688
2025-05-14 07:07:11,37.566,3.731,0,0,69.90,30555.74,31811.89,25,5927430,6449045,10389127168,38366322688
2025-05-14 07:07:12,36.055,3.711,0,0,69.90,30555.74,31811.89,25,5927631,6449246,10389127168,38366322688
2025-05-14 07:07:12,37.489,3.655,0,0,69.90,30555.74,31811.89,25,5927832,6449447,10389127168,38366322688
2025-05-14 07:07:12,36.376,3.643,0,0,69.90,30555.74,31811.89,25,5928033,6449648,10389127168,38366322688
2025-05-14 07:07:12,36.269,3.676,0,0,69.90,30555.74,31811.89,25,5928233,6449848,10389127168,38366322688
2025-05-14 07:07:12,36.857,3.685,0,0,69.90,30555.74,31811.89,25,5928434,6450049,10389127168,38366322688
2025-05-14 07:07:13,36.300,3.688,0,0,69.90,30555.74,31811.89,25,5928635,6450250,10389127168,38366322688
2025-05-14 07:07:13,36.603,3.657,0,0,69.90,30555.74,31811.89,25,5928836,6450452,10389127168,38366322688
2025-05-14 07:07:13,36.074,3.671,0,0,79.90,30555.74,31811.89,25,5929037,6450653,10389127168,38366322688
2025-05-14 07:07:13,36.237,3.717,0,0,59.90,30555.74,31811.89,25,5929239,6450854,10389127168,38366322688
2025-05-14 07:07:13,36.709,3.693,0,0,69.90,30555.74,31811.89,25,5929440,6451055,10389127168,38366322688
2025-05-14 07:07:14,36.206,3.648,0,0,49.90,30555.74,31811.89,25,5929641,6451256,10389127168,38366322688
2025-05-14 07:07:14,37.385,3.714,0,0,89.90,30555.74,31811.89,25,5929842,6451457,10389127168,38366322688
2025-05-14 07:07:14,36.896,3.748,0,0,79.90,30555.74,31811.89,25,5930043,6451658,10389127168,38366322688
2025-05-14 07:07:14,35.935,3.734,0,0,79.80,30555.74,31811.89,25,5930243,6451858,10389127168,38366322688
2025-05-14 07:07:14,37.038,3.667,0,0,59.90,30555.74,31811.89,25,5930444,6452059,10389127168,38366322688
2025-05-14 07:07:15,36.181,3.632,0,0,69.90,30555.74,31811.89,25,5930645,6452260,10389127168,38366322688
2025-05-14 07:07:15,36.767,3.680,0,0,59.90,30555.74,31811.89,25,5930846,6452461,10389127168,38366322688
2025-05-14 07:07:15,36.247,3.670,0,0,79.90,30555.74,31811.89,25,5931047,6452662,10389127168,38366322688
2025-05-14 07:07:15,36.273,3.728,0,0,69.90,30555.75,31771.87,16,5931248,6452863,10389127168,38366322688
2025-05-14 07:07:15,36.541,3.750,0,0,79.90,30555.73,31731.85,11,5931449,6453064,10389127168,38366322688
2025-05-14 07:07:16,36.083,3.689,0,0,79.90,30555.73,31731.85,11,5931653,6453268,10389127168,38366322688
2025-05-14 07:07:16,36.061,3.702,0,0,69.80,30555.73,31731.85,11,5931854,6453469,10389127168,38366322688
2025-05-14 07:07:16,36.720,3.685,0,0,69.90,30555.73,31731.85,11,5932055,6453670,10389127168,38366322688
2025-05-14 07:07:16,35.897,3.628,0,0,69.90,30555.73,31731.85,11,5932255,6453870,10389127168,38366322688
2025-05-14 07:07:16,36.149,3.710,0,0,69.90,30555.73,31731.85,11,5932456,6454071,10389127168,38366322688
2025-05-14 07:07:17,36.283,3.640,0,0,79.90,30555.73,31731.85,11,5932657,6454272,10389127168,38366322688
2025-05-14 07:07:17,35.846,3.670,0,0,59.90,30555.73,31731.85,11,5932858,6454473,10389127168,38366322688
2025-05-14 07:07:17,36.867,3.648,0,0,69.90,30555.73,31731.85,11,5933059,6454674,10389127168,38366322688
2025-05-14 07:07:17,36.023,3.722,0,0,79.90,30555.73,31731.85,11,5933260,6454875,10389127168,38366322688
2025-05-14 07:07:17,36.660,3.695,0,0,69.90,30555.73,31731.85,11,5933460,6455075,10389127168,38366322688
2025-05-14 07:07:18,36.137,3.706,0,0,79.90,30555.73,31731.85,11,5933661,6455276,10389127168,38366322688
2025-05-14 07:07:18,35.682,3.630,0,0,59.90,30555.73,31731.85,11,5933862,6455477,10389127168,38366322688
2025-05-14 07:07:18,36.958,3.650,0,0,69.90,30555.73,31731.85,11,5934063,6455678,10389127168,38366322688
2025-05-14 07:07:18,35.952,3.687,0,0,69.90,30555.73,31731.85,11,5934263,6455878,10389127168,38366322688
2025-05-14 07:07:18,36.665,3.672,0,0,49.90,30555.73,31731.85,11,5934464,6456079,10389127168,38366322688
2025-05-14 07:07:19,36.276,3.676,0,16384,59.90,30555.73,31731.85,13,5934669,6456288,10389127168,38366339072
2025-05-14 07:07:19,36.176,3.731,0,0,69.90,30555.73,31731.85,13,5934870,6456489,10389127168,38366339072
2025-05-14 07:07:19,36.709,3.743,0,0,79.90,30555.73,31731.85,13,5935071,6456690,10389127168,38366339072
2025-05-14 07:07:19,35.748,3.716,0,0,69.90,30555.73,31731.85,13,5935272,6456891,10389127168,38366339072
2025-05-14 07:07:19,36.909,3.735,0,0,79.90,30555.73,31731.85,13,5935476,6457095,10389127168,38366339072
2025-05-14 07:07:20,36.042,3.733,0,0,69.90,30555.73,31731.85,13,5935681,6457300,10389127168,38366339072
2025-05-14 07:07:20,37.484,3.694,0,0,59.90,30555.73,31731.85,13,5935882,6457501,10389127168,38366339072
2025-05-14 07:07:20,38.636,3.758,0,0,69.90,30555.73,31731.85,13,5936083,6457702,10389127168,38366339072
2025-05-14 07:07:20,37.618,3.718,0,0,69.90,30555.73,31731.85,13,5936282,6457901,10389127168,38366339072
2025-05-14 07:07:20,37.545,3.768,0,0,59.90,30555.73,31731.85,13,5936483,6458102,10389127168,38366339072
2025-05-14 07:07:21,36.673,3.697,0,0,49.90,30555.73,31731.85,13,5936684,6458303,10389127168,38366339072
2025-05-14 07:07:21,38.288,3.739,0,0,69.90,30555.73,31731.85,13,5936885,6458504,10389127168,38366339072
2025-05-14 07:07:21,37.349,3.750,0,0,69.90,30555.73,31731.85,13,5937085,6458704,10389127168,38366339072
2025-05-14 07:07:21,36.521,3.672,0,0,69.90,30555.73,31731.85,13,5937286,6458905,10389127168,38366339072
2025-05-14 07:07:21,36.872,3.665,0,0,69.90,30555.73,31731.85,13,5937487,6459106,10389127168,38366339072
2025-05-14 07:07:22,36.505,3.711,0,0,59.90,30555.73,31731.85,13,5937688,6459307,10389127168,38366339072
2025-05-14 07:07:22,36.230,3.703,0,0,49.90,30555.73,31731.85,13,5937884,6459503,10389127168,38366339072
2025-05-14 07:07:22,37.427,3.701,0,0,69.90,30555.73,31731.85,13,5938085,6459704,10389127168,38366339072
2025-05-14 07:07:22,36.200,3.735,0,0,79.90,30555.73,31731.85,13,5938285,6459904,10389127168,38366339072
2025-05-14 07:07:22,35.814,3.774,0,0,59.90,30555.73,31731.85,13,5938486,6460105,10389127168,38366339072
2025-05-14 07:07:23,35.855,3.718,0,0,79.90,30555.73,31731.85,13,5938687,6460306,10389127168,38366339072
2025-05-14 07:07:23,35.386,3.690,0,0,69.90,30555.73,31731.85,13,5938888,6460507,10389127168,38366339072
2025-05-14 07:07:23,36.741,3.653,0,0,69.90,30555.73,31731.85,13,5939089,6460708,10389127168,38366339072
2025-05-14 07:07:23,35.856,3.652,0,0,69.90,30555.73,31731.85,13,5939290,6460909,10389127168,38366339072
2025-05-14 07:07:23,36.945,3.681,0,0,59.90,30555.73,31731.85,13,5939491,6461110,10389127168,38366339072
2025-05-14 07:07:24,36.943,3.708,0,0,69.90,30555.73,31731.85,13,5939691,6461310,10389127168,38366339072
2025-05-14 07:07:24,36.995,3.736,0,0,69.90,30555.73,31731.85,13,5939892,6461511,10389127168,38366339072
2025-05-14 07:07:24,36.917,3.729,0,0,59.90,30555.73,31731.85,13,5940093,6461712,10389127168,38366339072
2025-05-14 07:07:24,36.549,3.749,0,0,89.90,30555.73,31731.85,13,5940294,6461913,10389127168,38366339072
2025-05-14 07:07:24,36.951,3.757,0,0,59.90,30555.73,31731.85,13,5940494,6462113,10389127168,38366339072
2025-05-14 07:07:25,36.399,3.668,0,0,49.90,30555.73,31731.85,13,5940695,6462314,10389127168,38366339072
2025-05-14 07:07:25,36.405,3.729,0,0,59.90,30555.73,31731.85,13,5940897,6462516,10389127168,38366339072
2025-05-14 07:07:25,36.726,3.744,0,0,59.90,30555.73,31731.85,13,5941097,6462716,10389127168,38366339072
2025-05-14 07:07:25,35.918,3.754,0,0,69.90,30555.73,31731.85,13,5941298,6462917,10389127168,38366339072
2025-05-14 07:07:25,36.278,3.709,0,0,69.90,30555.73,31731.85,13,5941499,6463118,10389127168,38366339072
2025-05-14 07:07:26,36.845,3.708,0,0,59.90,30555.73,31731.85,13,5941700,6463319,10389127168,38366339072
2025-05-14 07:07:26,36.448,3.712,0,0,69.90,30555.73,31731.85,13,5941901,6463520,10389127168,38366339072
2025-05-14 07:07:26,36.604,3.744,0,0,59.90,30555.73,31731.85,13,5942102,6463721,10389127168,38366339072
2025-05-14 07:07:26,36.122,3.687,0,0,79.90,30555.73,31731.85,13,5942302,6463921,10389127168,38366339072
2025-05-14 07:07:26,36.212,3.770,0,0,69.90,30555.73,31731.85,13,5942503,6464122,10389127168,38366339072
2025-05-14 07:07:27,36.206,3.756,0,0,69.90,30555.73,31731.85,13,5942704,6464323,10389127168,38366339072
2025-05-14 07:07:27,35.941,3.749,0,0,79.90,30555.73,31731.85,13,5942905,6464524,10389127168,38366339072
2025-05-14 07:07:27,36.322,3.767,0,0,59.90,30555.73,31731.85,13,5943106,6464725,10389127168,38366339072
2025-05-14 07:07:27,36.227,3.713,0,0,79.90,30555.73,31731.85,13,5943307,6464926,10389127168,38366339072
2025-05-14 07:07:27,36.299,3.719,0,0,79.90,30555.73,31731.85,13,5943508,6465127,10389127168,38366339072
2025-05-14 07:07:28,36.602,3.725,0,0,59.90,30555.73,31731.85,13,5943709,6465328,10389127168,38366339072
2025-05-14 07:07:28,35.892,3.723,0,0,69.90,30555.73,31731.85,13,5943910,6465529,10389127168,38366339072
2025-05-14 07:07:28,36.530,3.735,0,0,69.90,30555.73,31731.85,13,5944111,6465730,10389127168,38366339072
2025-05-14 07:07:28,36.093,3.708,0,0,79.90,30555.73,31731.85,13,5944311,6465930,10389127168,38366339072
2025-05-14 07:07:28,36.684,3.706,0,0,59.90,30555.73,31731.85,13,5944512,6466131,10389127168,38366339072
2025-05-14 07:07:29,36.095,3.724,0,0,69.90,30555.73,31731.85,11,5944713,6466332,10389127168,38366339072
2025-05-14 07:07:29,36.952,3.760,0,0,59.90,30555.73,31731.85,11,5944914,6466533,10389127168,38366339072
2025-05-14 07:07:29,36.631,3.682,0,0,59.90,30555.73,31731.85,11,5945115,6466734,10389127168,38366339072
2025-05-14 07:07:29,36.652,3.685,0,0,59.90,30555.73,31731.85,11,5945316,6466935,10389127168,38366339072
2025-05-14 07:07:29,36.319,3.749,0,0,69.90,30555.73,31731.85,11,5945517,6467136,10389127168,38366339072
2025-05-14 07:07:30,36.077,3.730,0,0,79.90,30555.73,31731.85,11,5945718,6467337,10389127168,38366339072
2025-05-14 07:07:30,36.081,3.735,0,0,59.90,30555.73,31731.85,11,5945923,6467542,10389127168,38366339072
2025-05-14 07:07:30,38.243,3.683,0,0,59.90,30555.73,31731.85,11,5946124,6467743,10389127168,38366339072
2025-05-14 07:07:30,37.943,3.678,0,0,59.90,30555.73,31731.85,11,5946324,6467943,10389127168,38366339072
2025-05-14 07:07:30,36.409,3.681,0,0,69.90,30555.73,31731.85,11,5946525,6468144,10389127168,38366339072
2025-05-14 07:07:31,36.500,3.675,0,32768,69.90,30555.73,31731.85,12,5946735,6468361,10389127168,38366371840
2025-05-14 07:07:31,37.862,3.772,0,0,59.90,30555.73,31731.85,12,5946935,6468562,10389127168,38366371840
2025-05-14 07:07:31,36.878,3.680,0,0,59.90,30555.73,31731.85,12,5947137,6468763,10389127168,38366371840
2025-05-14 07:07:31,36.499,3.688,0,0,79.90,30555.73,31731.85,12,5947338,6468964,10389127168,38366371840
2025-05-14 07:07:31,36.459,3.702,0,0,59.90,30555.73,31731.85,12,5947539,6469165,10389127168,38366371840
2025-05-14 07:07:32,36.438,3.649,0,0,69.90,30555.73,31731.85,12,5947740,6469366,10389127168,38366371840
2025-05-14 07:07:32,36.525,3.671,0,0,69.90,30555.73,31731.85,12,5947942,6469568,10389127168,38366371840
2025-05-14 07:07:32,36.418,3.665,0,0,59.90,30555.73,31731.85,12,5948143,6469769,10389127168,38366371840
2025-05-14 07:07:32,36.394,3.689,0,0,79.90,30555.73,31731.85,12,5948343,6469969,10389127168,38366371840
2025-05-14 07:07:32,35.858,3.686,0,0,79.90,30555.73,31731.85,12,5948544,6470170,10389127168,38366371840
2025-05-14 07:07:33,35.869,3.670,0,0,79.90,30555.73,31731.85,12,5948745,6470371,10389127168,38366371840
2025-05-14 07:07:33,36.175,3.732,0,0,59.90,30555.73,31731.85,12,5948946,6470572,10389127168,38366371840
2025-05-14 07:07:33,36.247,3.687,0,0,79.90,30555.73,31731.85,12,5949147,6470773,10389127168,38366371840
2025-05-14 07:07:33,36.123,3.688,0,0,69.90,30555.73,31731.85,12,5949348,6470974,10389127168,38366371840
2025-05-14 07:07:33,36.098,3.714,0,0,69.90,30555.73,31731.85,12,5949549,6471175,10389127168,38366371840
2025-05-14 07:07:34,35.890,3.754,0,0,69.90,30555.73,31731.85,12,5949750,6471376,10389127168,38366371840
2025-05-14 07:07:34,36.610,3.720,0,0,69.90,30555.73,31731.85,12,5949950,6471582,10389127168,38366404608
2025-05-14 07:07:34,36.948,3.711,0,32768,69.90,30555.73,31731.85,12,5950151,6471783,10389127168,38366404608
2025-05-14 07:07:34,36.219,3.676,0,0,79.90,30555.73,31731.85,12,5950351,6471983,10389127168,38366404608
2025-05-14 07:07:34,36.594,3.700,0,0,69.90,30555.73,31731.85,12,5950552,6472184,10389127168,38366404608
2025-05-14 07:07:35,36.251,3.738,0,0,69.90,30555.73,31731.85,12,5950753,6472385,10389127168,38366404608
2025-05-14 07:07:35,36.016,3.727,0,0,79.90,30555.73,31731.85,12,5950957,6472589,10389127168,38366404608
2025-05-14 07:07:35,36.255,3.703,0,0,139.80,30555.73,31731.85,12,5951147,6472779,10389127168,38366404608
2025-05-14 07:07:35,37.497,3.799,0,0,59.90,30555.73,31731.85,12,5951353,6472985,10389127168,38366404608
2025-05-14 07:07:35,36.460,3.699,0,0,79.90,30555.73,31731.85,12,5951554,6473186,10389127168,38366404608
2025-05-14 07:07:36,35.791,3.657,0,0,59.90,30555.73,31731.85,12,5951755,6473387,10389127168,38366404608
2025-05-14 07:07:36,36.112,3.670,0,0,69.90,30555.73,31731.85,12,5951956,6473588,10389127168,38366404608
2025-05-14 07:07:36,35.789,3.702,0,0,69.90,30555.73,31731.85,12,5952157,6473789,10389127168,38366404608
2025-05-14 07:07:36,35.851,3.645,0,0,59.90,30555.73,31731.85,12,5952358,6473990,10389127168,38366404608
2025-05-14 07:07:36,36.545,3.650,0,0,69.90,30555.73,31731.85,12,5952559,6474191,10389127168,38366404608
2025-05-14 07:07:37,36.254,3.746,0,0,69.90,30555.73,31731.85,12,5952760,6474392,10389127168,38366404608
2025-05-14 07:07:37,36.011,3.702,0,0,79.90,30555.73,31731.85,12,5952961,6474593,10389127168,38366404608
2025-05-14 07:07:37,36.053,3.728,0,0,69.90,30555.73,31731.85,12,5953162,6474794,10389127168,38366404608
2025-05-14 07:07:37,36.093,3.717,0,0,59.90,30555.73,31731.85,12,5953363,6474995,10389127168,38366404608
2025-05-14 07:07:38,37.116,3.713,0,0,59.90,30555.73,31731.85,12,5953564,6475196,10389127168,38366404608
2025-05-14 07:07:38,36.443,3.735,0,0,79.90,30555.73,31731.85,12,5953765,6475397,10389127168,38366404608
2025-05-14 07:07:38,35.708,3.749,0,0,69.90,30555.73,31731.85,12,5953966,6475598,10389127168,38366404608
2025-05-14 07:07:38,36.802,3.693,0,0,69.90,30555.73,31731.85,12,5954166,6475798,10389127168,38366404608
2025-05-14 07:07:38,36.119,3.737,0,0,79.90,30555.73,31731.85,12,5954367,6475999,10389127168,38366404608
2025-05-14 07:07:39,36.190,3.723,0,0,69.90,30555.73,31731.85,12,5954568,6476200,10389127168,38366404608
2025-05-14 07:07:39,36.348,3.710,0,0,59.90,30555.73,31731.85,12,5954769,6476401,10389127168,38366404608
2025-05-14 07:07:39,36.162,3.695,0,0,69.90,30555.73,31731.85,12,5954969,6476601,10389127168,38366404608
2025-05-14 07:07:39,36.281,3.752,0,4096,79.90,30555.73,31731.85,12,5955174,6476807,10389127168,38366408704
2025-05-14 07:07:39,36.225,3.743,0,0,59.90,30555.73,31731.85,12,5955375,6477008,10389127168,38366408704
2025-05-14 07:07:40,37.705,3.743,0,0,59.90,30555.73,31731.85,12,5955576,6477209,10389127168,38366408704
2025-05-14 07:07:40,36.220,3.752,0,0,59.90,30555.73,31731.85,12,5955777,6477410,10389127168,38366408704
2025-05-14 07:07:40,36.311,3.771,0,0,69.90,30555.73,31731.85,12,5955978,6477611,10389127168,38366408704
2025-05-14 07:07:40,36.178,3.675,0,0,69.90,30555.73,31731.85,12,5956177,6477810,10389127168,38366408704
2025-05-14 07:07:40,37.180,3.670,0,0,79.90,30555.73,31731.85,12,5956378,6478011,10389127168,38366408704
2025-05-14 07:07:41,36.243,3.658,0,0,69.90,30555.73,31731.85,12,5956579,6478212,10389127168,38366408704
2025-05-14 07:07:41,36.048,3.696,0,0,89.90,30555.73,31731.85,12,5956780,6478413,10389127168,38366408704
2025-05-14 07:07:41,37.775,3.756,0,0,69.90,30555.73,31731.85,12,5956982,6478615,10389127168,38366408704
2025-05-14 07:07:41,36.580,3.741,0,0,69.90,30555.73,31731.85,12,5957183,6478816,10389127168,38366408704
2025-05-14 07:07:41,36.012,3.699,0,0,69.90,30555.73,31731.85,12,5957384,6479017,10389127168,38366408704
2025-05-14 07:07:42,36.400,3.703,0,0,69.90,30555.73,31731.85,12,5957585,6479218,10389127168,38366408704
2025-05-14 07:07:42,36.100,3.670,0,0,49.90,30555.73,31731.85,12,5957786,6479419,10389127168,38366408704
2025-05-14 07:07:42,36.427,3.673,0,0,59.90,30555.73,31731.85,12,5957987,6479620,10389127168,38366408704
2025-05-14 07:07:42,36.646,3.682,0,0,69.90,30555.73,31731.85,12,5958187,6479820,10389127168,38366408704
2025-05-14 07:07:42,36.337,3.708,0,0,69.90,30555.73,31731.85,12,5958388,6480021,10389127168,38366408704
2025-05-14 07:07:43,35.971,3.707,0,0,59.90,30555.73,31731.85,12,5958589,6480222,10389127168,38366408704
2025-05-14 07:07:43,35.931,3.700,0,0,69.90,30555.73,31731.85,12,5958790,6480423,10389127168,38366408704
2025-05-14 07:07:43,36.298,3.727,0,0,59.90,30555.73,31731.85,12,5958991,6480624,10389127168,38366408704
2025-05-14 07:07:43,36.621,3.709,0,0,69.90,30555.73,31731.85,12,5959192,6480825,10389127168,38366408704
2025-05-14 07:07:43,36.088,3.702,0,0,69.90,30555.73,31731.85,12,5959393,6481026,10389127168,38366408704
2025-05-14 07:07:44,36.743,3.737,0,0,69.90,30555.73,31731.85,12,5959594,6481227,10389127168,38366408704
2025-05-14 07:07:44,36.142,3.713,0,0,69.90,30555.73,31731.85,12,5959795,6481428,10389127168,38366408704
2025-05-14 07:07:44,36.686,3.745,0,0,79.90,30555.73,31731.85,12,5959995,6481628,10389127168,38366408704
2025-05-14 07:07:44,36.288,3.677,0,0,79.90,30555.73,31731.85,12,5960202,6481839,10389127168,38366420992
2025-05-14 07:07:44,36.869,3.732,0,12288,69.90,30555.73,31731.85,12,5960403,6482040,10389127168,38366420992
2025-05-14 07:07:45,36.104,3.708,0,0,59.90,30555.73,31731.85,12,5960604,6482241,10389127168,38366420992
2025-05-14 07:07:45,36.598,3.683,0,0,69.90,30555.73,31731.85,12,5960805,6482442,10389127168,38366420992
2025-05-14 07:07:45,36.114,3.662,0,0,49.90,30555.73,31731.85,12,5961006,6482643,10389127168,38366420992
2025-05-14 07:07:45,36.701,3.680,0,0,79.90,30555.73,31731.85,12,5961207,6482844,10389127168,38366420992
2025-05-14 07:07:45,36.453,3.652,0,0,79.90,30555.73,31731.85,12,5961408,6483045,10389127168,38366420992
2025-05-14 07:07:46,36.481,3.722,0,0,59.90,30555.73,31731.85,12,5961609,6483246,10389127168,38366420992
2025-05-14 07:07:46,36.352,3.712,0,0,79.90,30555.73,31731.85,12,5961810,6483447,10389127168,38366420992
2025-05-14 07:07:46,36.025,3.726,0,0,59.90,30555.73,31731.85,12,5962011,6483648,10389127168,38366420992
2025-05-14 07:07:46,36.540,3.673,0,0,69.90,30555.73,31731.85,12,5962211,6483848,10389127168,38366420992
2025-05-14 07:07:46,36.295,3.722,0,0,59.90,30555.73,31731.85,12,5962412,6484049,10389127168,38366420992
2025-05-14 07:07:47,36.834,3.691,0,0,69.90,30555.73,31731.85,12,5962613,6484250,10389127168,38366420992
2025-05-14 07:07:47,35.960,3.684,0,0,59.90,30555.73,31731.85,12,5962813,6484450,10389127168,38366420992
2025-05-14 07:07:47,35.787,3.718,0,0,69.90,30555.73,31731.85,12,5963014,6484651,10389127168,38366420992
2025-05-14 07:07:47,36.335,3.640,0,0,69.90,30555.73,31731.85,12,5963215,6484852,10389127168,38366420992
2025-05-14 07:07:47,35.961,3.667,0,0,69.90,30555.73,31731.85,12,5963416,6485053,10389127168,38366420992
2025-05-14 07:07:48,36.291,3.679,0,0,69.90,30555.73,31731.85,12,5963617,6485254,10389127168,38366420992
2025-05-14 07:07:48,36.448,3.726,0,0,59.90,30555.73,31731.85,12,5963818,6485455,10389127168,38366420992
2025-05-14 07:07:48,35.863,3.694,0,0,69.90,30555.73,31731.85,12,5964019,6485656,10389127168,38366420992
2025-05-14 07:07:48,36.282,3.673,0,0,69.90,30555.73,31731.85,12,5964219,6485856,10389127168,38366420992
2025-05-14 07:07:48,35.922,3.636,0,0,69.90,30555.73,31731.85,12,5964420,6486057,10389127168,38366420992
2025-05-14 07:07:49,36.482,3.654,0,0,79.90,30555.73,31731.85,12,5964621,6486258,10389127168,38366420992
2025-05-14 07:07:49,36.033,3.641,0,0,79.90,30555.73,31731.85,12,5964822,6486459,10389127168,38366420992
2025-05-14 07:07:49,36.015,3.650,0,0,69.90,30555.73,31731.85,12,5965023,6486660,10389127168,38366420992
2025-05-14 07:07:49,35.926,3.648,0,0,69.90,30555.73,31731.85,12,5965224,6486861,10389127168,38366420992
2025-05-14 07:07:49,36.540,3.711,0,0,69.90,30555.73,31731.85,12,5965425,6487062,10389127168,38366420992
2025-05-14 07:07:50,36.329,3.672,0,0,59.90,30555.73,31731.85,12,5965626,6487263,10389127168,38366420992
2025-05-14 07:07:50,36.168,3.675,0,0,79.90,30555.73,31731.85,12,5965827,6487464,10389127168,38366420992
2025-05-14 07:07:50,35.867,3.669,0,0,69.90,30555.73,31731.85,12,5966028,6487665,10389127168,38366420992
2025-05-14 07:07:50,35.903,3.672,0,0,79.80,30555.73,31731.85,12,5966228,6487865,10389127168,38366420992
2025-05-14 07:07:50,35.975,3.676,0,0,69.90,30555.73,31731.85,12,5966432,6488069,10389127168,38366420992
2025-05-14 07:07:51,37.473,3.661,0,0,49.90,30555.73,31731.85,12,5966633,6488270,10389127168,38366420992
2025-05-14 07:07:51,37.298,3.692,0,0,69.90,30555.73,31731.85,12,5966835,6488472,10389127168,38366420992
2025-05-14 07:07:51,36.834,3.774,0,0,69.90,30555.73,31731.85,12,5967036,6488673,10389127168,38366420992
2025-05-14 07:07:51,36.522,3.675,0,0,79.90,30555.73,31731.85,12,5967237,6488874,10389127168,38366420992
2025-05-14 07:07:51,36.139,3.701,0,0,69.90,30555.73,31731.85,12,5967438,6489075,10389127168,38366420992
2025-05-14 07:07:52,36.571,3.732,0,0,69.90,30555.73,31731.85,12,5967640,6489277,10389127168,38366420992
2025-05-14 07:07:52,35.917,3.695,0,0,69.90,30555.73,31731.85,12,5967841,6489478,10389127168,38366420992
2025-05-14 07:07:52,35.824,3.672,0,0,69.90,30555.73,31731.85,12,5968041,6489678,10389127168,38366420992
2025-05-14 07:07:52,36.093,3.697,0,0,59.90,30555.73,31731.85,12,5968242,6489879,10389127168,38366420992
2025-05-14 07:07:52,36.125,3.704,0,0,69.90,30555.73,31731.85,12,5968442,6490079,10389127168,38366420992
2025-05-14 07:07:53,35.825,3.688,0,0,79.90,30555.73,31731.85,12,5968643,6490280,10389127168,38366420992
2025-05-14 07:07:53,36.223,3.674,0,0,69.90,30555.73,31731.85,12,5968844,6490481,10389127168,38366420992
2025-05-14 07:07:53,35.863,3.672,0,0,79.90,30555.73,31731.85,12,5969045,6490682,10389127168,38366420992
2025-05-14 07:07:53,35.734,3.687,0,0,59.90,30555.73,31731.85,12,5969246,6490883,10389127168,38366420992
2025-05-14 07:07:53,36.184,3.678,0,0,69.90,30555.73,31731.85,12,5969447,6491084,10389127168,38366420992
2025-05-14 07:07:54,36.271,3.709,0,0,69.90,30555.73,31731.85,12,5969648,6491285,10389127168,38366420992
2025-05-14 07:07:54,36.118,3.679,0,0,89.80,30555.73,31731.85,12,5969849,6491486,10389127168,38366420992
2025-05-14 07:07:54,36.131,3.744,0,0,69.90,30555.73,31731.85,12,5970050,6491687,10389127168,38366420992
2025-05-14 07:07:54,36.804,3.718,0,0,79.90,30555.73,31731.85,11,5970250,6491887,10389127168,38366420992
2025-05-14 07:07:54,36.471,3.667,0,0,79.90,30555.73,31731.85,11,5970450,6492087,10389127168,38366420992
2025-05-14 07:07:55,36.403,3.675,0,0,69.90,30555.73,31731.85,11,5970651,6492288,10389127168,38366420992
2025-05-14 07:07:55,36.254,3.736,0,0,69.90,30555.73,31731.85,11,5970852,6492489,10389127168,38366420992
2025-05-14 07:07:55,36.168,3.688,0,0,69.90,30555.73,31731.85,11,5971053,6492690,10389127168,38366420992
2025-05-14 07:07:55,36.567,3.728,0,0,69.90,30555.73,31731.85,11,5971254,6492891,10389127168,38366420992
2025-05-14 07:07:55,36.269,3.715,0,0,59.90,30555.73,31731.85,11,5971455,6493092,10389127168,38366420992
2025-05-14 07:07:56,36.461,3.685,0,0,69.90,30555.73,31731.85,11,5971656,6493293,10389127168,38366420992
2025-05-14 07:07:56,36.340,3.663,0,0,59.90,30555.73,31731.85,11,5971857,6493494,10389127168,38366420992
2025-05-14 07:07:56,35.815,3.647,0,0,69.90,30555.73,31731.85,11,5972058,6493695,10389127168,38366420992
2025-05-14 07:07:56,36.134,3.688,0,0,59.90,30555.73,31731.85,11,5972258,6493895,10389127168,38366420992
2025-05-14 07:07:56,35.608,3.669,0,0,69.90,30555.73,31731.85,11,5972459,6494096,10389127168,38366420992
2025-05-14 07:07:57,36.252,3.671,0,0,69.90,30555.73,31731.85,11,5972660,6494297,10389127168,38366420992
2025-05-14 07:07:57,35.675,3.710,0,0,69.90,30555.73,31731.85,11,5972861,6494498,10389127168,38366420992
2025-05-14 07:07:57,35.744,3.726,0,0,59.90,30555.73,31731.85,11,5973062,6494699,10389127168,38366420992
2025-05-14 07:07:57,36.038,3.714,0,0,79.90,30555.73,31731.85,11,5973263,6494900,10389127168,38366420992
2025-05-14 07:07:57,35.697,3.683,0,0,69.90,30555.73,31731.85,11,5973464,6495101,10389127168,38366420992
2025-05-14 07:07:58,36.325,3.740,0,0,69.90,30555.73,31731.85,11,5973665,6495302,10389127168,38366420992
2025-05-14 07:07:58,35.964,3.666,0,0,69.90,30555.73,31731.85,11,5973866,6495503,10389127168,38366420992
2025-05-14 07:07:58,35.954,3.676,0,0,69.90,30555.73,31731.85,11,5974067,6495704,10389127168,38366420992
2025-05-14 07:07:58,36.252,3.652,0,0,69.90,30555.73,31731.85,11,5974267,6495904,10389127168,38366420992
2025-05-14 07:07:58,36.022,3.638,0,0,69.90,30555.73,31731.85,11,5974468,6496105,10389127168,38366420992
2025-05-14 07:07:59,36.118,3.679,0,0,79.90,30555.73,31731.85,11,5974669,6496306,10389127168,38366420992
2025-05-14 07:07:59,36.135,3.708,0,0,69.90,30555.73,31731.85,11,5974870,6496507,10389127168,38366420992
2025-05-14 07:07:59,36.032,3.749,0,0,69.90,30555.73,31731.85,11,5975071,6496708,10389127168,38366420992
2025-05-14 07:07:59,35.816,3.759,0,0,59.90,30555.73,31731.85,11,5975272,6496909,10389127168,38366420992
2025-05-14 07:07:59,36.728,3.727,0,0,79.90,30555.73,31731.85,11,5975473,6497110,10389127168,38366420992
2025-05-14 07:08:00,36.286,3.754,0,0,59.90,30555.73,31731.85,11,5975681,6497318,10389127168,38366420992
2025-05-14 07:08:00,37.897,3.720,0,0,69.90,30555.73,31731.85,11,5975882,6497519,10389127168,38366420992
2025-05-14 07:08:00,37.072,3.697,0,0,59.90,30555.73,31731.85,11,5976083,6497720,10389127168,38366420992
2025-05-14 07:08:00,38.064,3.684,0,0,49.90,30555.73,31731.85,11,5976283,6497920,10389127168,38366420992
2025-05-14 07:08:00,41.607,3.677,0,0,49.90,30555.73,31731.85,11,5976484,6498121,10389127168,38366420992
2025-05-14 07:08:01,42.054,3.797,0,0,69.90,30555.73,31731.85,11,5976685,6498322,10389127168,38366420992
2025-05-14 07:08:01,36.795,3.791,0,2527232,69.90,30555.73,31771.87,20,5977154,6499013,10389127168,38368948224
2025-05-14 07:08:01,36.254,3.721,0,0,59.90,30555.73,31771.87,20,5977356,6499215,10389127168,38368948224
2025-05-14 07:08:01,37.104,3.730,0,0,59.90,30555.73,31771.87,20,5977557,6499416,10389127168,38368948224
2025-05-14 07:08:01,36.335,3.692,0,0,89.90,30555.73,31771.87,20,5977758,6499617,10389127168,38368948224
2025-05-14 07:08:02,36.216,3.749,0,0,69.90,30555.73,31771.87,20,5977959,6499818,10389127168,38368948224
2025-05-14 07:08:02,35.903,3.706,0,0,59.90,30555.73,31771.87,20,5978160,6500019,10389127168,38368948224
2025-05-14 07:08:02,36.207,3.705,0,0,79.90,30555.73,31771.87,20,5978361,6500220,10389127168,38368948224
2025-05-14 07:08:02,36.014,3.691,0,0,79.90,30555.73,31771.87,20,5978561,6500420,10389127168,38368948224
2025-05-14 07:08:02,35.663,3.709,0,0,69.90,30555.73,31771.87,20,5978762,6500621,10389127168,38368948224
2025-05-14 07:08:03,36.669,3.747,0,0,69.90,30555.73,31771.87,20,5978963,6500822,10389127168,38368948224
2025-05-14 07:08:03,36.021,3.714,0,0,79.90,30555.73,31771.87,20,5979164,6501023,10389127168,38368948224
2025-05-14 07:08:03,36.202,3.686,0,0,79.90,30555.73,31771.87,20,5979365,6501224,10389127168,38368948224
2025-05-14 07:08:03,35.697,3.690,0,0,59.90,30555.73,31771.87,20,5979566,6501425,10389127168,38368948224
2025-05-14 07:08:03,36.416,3.668,0,0,69.90,30555.73,31771.87,20,5979767,6501626,10389127168,38368948224
2025-05-14 07:08:04,36.483,3.709,0,0,79.90,30555.73,31771.87,20,5979968,6501827,10389127168,38368948224
2025-05-14 07:08:04,35.891,3.729,0,0,109.80,30555.73,31771.87,20,5980169,6502028,10389127168,38368948224
2025-05-14 07:08:04,36.652,3.744,0,0,69.90,30555.73,31771.87,20,5980370,6502229,10389127168,38368948224
2025-05-14 07:08:04,36.288,3.701,0,0,79.90,30555.73,31771.87,20,5980570,6502429,10389127168,38368948224
2025-05-14 07:08:04,36.442,3.730,0,0,79.90,30555.73,31771.87,20,5980771,6502630,10389127168,38368948224
2025-05-14 07:08:05,36.243,3.708,0,0,69.90,30555.73,31771.87,20,5980972,6502831,10389127168,38368948224
2025-05-14 07:08:05,36.094,3.752,0,0,79.90,30555.73,31771.87,20,5981173,6503032,10389127168,38368948224
2025-05-14 07:08:05,35.828,3.774,0,0,69.90,30555.73,31771.87,20,5981374,6503233,10389127168,38368948224
2025-05-14 07:08:05,38.698,3.787,0,1515520,89.90,30555.73,31771.87,20,5981597,6503468,10389127168,38370463744
2025-05-14 07:08:05,36.835,3.764,0,0,79.90,30555.73,31771.87,20,5981798,6503669,10389127168,38370463744
2025-05-14 07:08:06,36.567,3.790,0,0,69.90,30555.73,31771.87,20,5981999,6503870,10389127168,38370463744
2025-05-14 07:08:06,35.779,3.734,0,0,79.90,30555.73,31771.87,20,5982200,6504071,10389127168,38370463744
2025-05-14 07:08:06,36.109,3.812,0,0,69.90,30555.73,31771.87,20,5982401,6504272,10389127168,38370463744
2025-05-14 07:08:06,35.906,3.706,0,0,79.90,30555.73,31771.87,20,5982600,6504471,10389127168,38370463744
2025-05-14 07:08:06,35.845,3.708,0,0,69.90,30555.73,31771.87,20,5982801,6504672,10389127168,38370463744
2025-05-14 07:08:07,36.084,3.693,0,0,79.90,30555.73,31771.87,20,5983003,6504874,10389127168,38370463744
2025-05-14 07:08:07,35.716,3.725,0,0,69.90,30555.73,31771.87,20,5983204,6505075,10389127168,38370463744
2025-05-14 07:08:07,36.043,3.748,0,0,69.90,30555.73,31771.87,20,5983405,6505276,10389127168,38370463744
2025-05-14 07:08:07,36.284,3.705,0,0,79.90,30555.73,31771.87,20,5983606,6505477,10389127168,38370463744
2025-05-14 07:08:07,35.902,3.752,0,0,79.90,30555.73,31771.87,20,5983807,6505678,10389127168,38370463744
2025-05-14 07:08:08,36.206,3.747,0,0,69.90,30555.73,31771.87,20,5984008,6505879,10389127168,38370463744
2025-05-14 07:08:08,36.116,3.742,0,0,79.90,30555.73,31771.87,20,5984209,6506080,10389127168,38370463744
2025-05-14 07:08:08,35.800,3.728,0,0,59.90,30555.73,31771.87,20,5984410,6506281,10389127168,38370463744
2025-05-14 07:08:08,36.104,3.700,0,0,79.90,30555.73,31771.87,20,5984610,6506481,10389127168,38370463744
2025-05-14 07:08:08,36.125,3.738,0,0,59.90,30555.73,31771.87,20,5984811,6506682,10389127168,38370463744
2025-05-14 07:08:09,36.109,3.741,0,0,79.90,30555.73,31771.87,20,5985012,6506883,10389127168,38370463744
2025-05-14 07:08:09,35.533,3.727,0,0,59.90,30555.73,31771.87,20,5985213,6507084,10389127168,38370463744
2025-05-14 07:08:09,37.980,3.756,0,0,69.90,30555.73,31771.87,20,5985415,6507286,10389127168,38370463744
2025-05-14 07:08:09,35.767,3.774,0,0,79.90,30555.73,31771.87,20,5985616,6507487,10389127168,38370463744
2025-05-14 07:08:09,35.611,3.775,0,0,79.90,30555.73,31771.87,20,5985817,6507688,10389127168,38370463744
2025-05-14 07:08:10,36.304,3.785,0,0,69.90,30555.73,31771.87,20,5986018,6507889,10389127168,38370463744
2025-05-14 07:08:10,36.184,3.759,0,0,69.90,30555.73,31771.87,20,5986223,6508094,10389127168,38370463744
2025-05-14 07:08:10,37.337,3.746,0,0,59.90,30555.73,31771.87,20,5986424,6508295,10389127168,38370463744
2025-05-14 07:08:10,36.477,3.700,0,32768,59.90,30555.73,31771.87,20,5986626,6508498,10389127168,38370496512
2025-05-14 07:08:10,36.451,3.739,0,0,69.90,30555.73,31771.87,20,5986827,6508699,10389127168,38370496512
2025-05-14 07:08:11,36.234,3.682,0,0,59.90,30555.73,31771.87,20,5987028,6508900,10389127168,38370496512
2025-05-14 07:08:11,36.260,3.661,0,0,69.90,30555.73,31771.87,20,5987229,6509101,10389127168,38370496512
2025-05-14 07:08:11,35.843,3.734,0,0,59.90,30555.73,31771.87,20,5987430,6509302,10389127168,38370496512
2025-05-14 07:08:11,37.737,3.795,0,0,49.90,30555.73,31771.87,20,5987631,6509503,10389127168,38370496512
2025-05-14 07:08:11,36.676,3.732,0,0,69.90,30555.73,31771.87,20,5987832,6509704,10389127168,38370496512
2025-05-14 07:08:12,36.474,3.797,0,0,59.90,30555.73,31771.87,20,5988033,6509905,10389127168,38370496512
2025-05-14 07:08:12,36.215,3.748,0,0,69.90,30555.73,31771.87,20,5988234,6510106,10389127168,38370496512
2025-05-14 07:08:12,36.222,3.754,0,0,69.90,30555.73,31771.87,20,5988435,6510307,10389127168,38370496512
2025-05-14 07:08:12,35.891,3.756,0,0,79.90,30555.73,31771.87,20,5988635,6510507,10389127168,38370496512
2025-05-14 07:08:12,36.079,3.709,0,0,69.90,30555.73,31771.87,20,5988836,6510708,10389127168,38370496512
2025-05-14 07:08:13,36.106,3.781,0,0,59.90,30555.73,31771.87,20,5989039,6510911,10389127168,38370496512
2025-05-14 07:08:13,36.148,3.698,0,0,69.90,30555.73,31771.87,20,5989240,6511112,10389127168,38370496512
2025-05-14 07:08:13,36.162,3.726,0,0,59.90,30555.73,31771.87,20,5989441,6511313,10389127168,38370496512
2025-05-14 07:08:13,36.366,3.699,0,0,69.90,30555.73,31771.87,20,5989642,6511514,10389127168,38370496512
2025-05-14 07:08:13,36.412,3.747,0,0,79.90,30555.73,31771.87,20,5989843,6511715,10389127168,38370496512
2025-05-14 07:08:14,36.631,3.752,0,0,59.90,30555.73,31771.87,20,5990044,6511916,10389127168,38370496512
2025-05-14 07:08:14,37.066,3.789,0,0,59.90,30555.73,31771.87,20,5990244,6512116,10389127168,38370496512
2025-05-14 07:08:14,36.367,3.760,0,0,79.90,30555.73,31771.87,20,5990445,6512317,10389127168,38370496512
2025-05-14 07:08:14,36.401,3.823,0,0,79.90,30555.73,31771.87,20,5990645,6512517,10389127168,38370496512
2025-05-14 07:08:14,36.327,3.718,0,0,79.90,30555.73,31771.87,20,5990846,6512718,10389127168,38370496512
2025-05-14 07:08:15,37.461,3.728,0,0,79.90,30555.73,31771.87,20,5991048,6512920,10389127168,38370496512
2025-05-14 07:08:15,36.379,3.715,0,0,79.90,30555.73,31771.87,20,5991249,6513121,10389127168,38370496512
2025-05-14 07:08:15,36.232,3.742,0,0,69.90,30555.73,31771.87,17,5991450,6513322,10389127168,38370496512
2025-05-14 07:08:15,36.608,3.720,0,0,69.90,30555.73,31739.85,12,5991651,6513523,10389127168,38370496512
2025-05-14 07:08:15,36.251,3.737,0,0,79.90,30555.73,31739.85,12,5991852,6513724,10389127168,38370496512
2025-05-14 07:08:16,36.870,3.764,0,0,59.90,30555.73,31739.85,12,5992053,6513925,10389127168,38370496512
2025-05-14 07:08:16,36.643,3.725,0,0,79.90,30555.73,31739.85,12,5992255,6514127,10389127168,38370496512
2025-05-14 07:08:16,36.180,3.718,0,0,69.90,30555.73,31739.85,12,5992454,6514326,10389127168,38370496512
2025-05-14 07:08:16,36.379,3.735,0,0,69.90,30555.73,31739.85,12,5992656,6514528,10389127168,38370496512
2025-05-14 07:08:17,35.805,3.679,0,0,69.90,30555.73,31739.85,12,5992857,6514729,10389127168,38370496512
2025-05-14 07:08:17,36.801,3.686,0,0,69.90,30555.73,31739.85,12,5993058,6514930,10389127168,38370496512
2025-05-14 07:08:17,36.269,3.687,0,0,59.90,30555.73,31739.85,12,5993259,6515131,10389127168,38370496512
2025-05-14 07:08:17,36.926,3.755,0,0,79.90,30555.73,31739.85,12,5993460,6515332,10389127168,38370496512
2025-05-14 07:08:17,35.976,3.744,0,0,59.90,30555.73,31739.85,12,5993661,6515533,10389127168,38370496512
2025-05-14 07:08:18,36.299,3.701,0,0,69.90,30555.73,31739.85,12,5993862,6515734,10389127168,38370496512
2025-05-14 07:08:18,37.020,3.783,0,0,69.90,30555.73,31739.85,12,5994063,6515935,10389127168,38370496512
2025-05-14 07:08:18,36.394,3.686,0,0,69.90,30555.73,31739.85,12,5994264,6516136,10389127168,38370496512
2025-05-14 07:08:18,36.059,3.724,0,0,89.90,30555.73,31739.85,12,5994464,6516336,10389127168,38370496512
2025-05-14 07:08:18,35.698,3.729,0,0,69.90,30555.73,31739.85,12,5994665,6516537,10389127168,38370496512
2025-05-14 07:08:19,35.971,3.709,0,0,79.90,30555.73,31739.85,12,5994866,6516738,10389127168,38370496512
2025-05-14 07:08:19,36.503,3.741,0,0,79.90,30555.73,31739.85,12,5995067,6516939,10389127168,38370496512
2025-05-14 07:08:19,36.336,3.759,0,0,69.90,30555.73,31739.85,12,5995269,6517141,10389127168,38370496512
2025-05-14 07:08:19,36.142,3.751,0,0,79.90,30555.73,31739.85,12,5995470,6517342,10389127168,38370496512
2025-05-14 07:08:19,36.642,3.728,0,0,59.90,30555.73,31739.85,12,5995671,6517543,10389127168,38370496512
2025-05-14 07:08:20,36.628,3.732,0,0,69.90,30555.73,31739.85,12,5995872,6517744,10389127168,38370496512
2025-05-14 07:08:20,36.406,3.762,0,0,79.90,30555.73,31739.85,12,5996073,6517945,10389127168,38370496512
2025-05-14 07:08:20,36.217,3.752,0,0,59.90,30555.73,31739.85,12,5996275,6518147,10389127168,38370496512
2025-05-14 07:08:20,36.405,3.776,0,0,59.90,30555.73,31731.85,11,5996477,6518349,10389127168,38370496512
2025-05-14 07:08:20,37.818,3.721,0,0,69.90,30555.73,31731.85,11,5996678,6518550,10389127168,38370496512
2025-05-14 07:08:21,36.609,3.709,0,0,69.90,30555.73,31731.85,11,5996879,6518751,10389127168,38370496512
2025-05-14 07:08:21,36.590,3.680,0,0,69.90,30555.73,31731.85,11,5997080,6518952,10389127168,38370496512
2025-05-14 07:08:21,36.332,3.702,0,0,79.90,30555.73,31731.85,11,5997281,6519153,10389127168,38370496512
2025-05-14 07:08:21,36.070,3.707,0,0,59.90,30555.73,31731.85,11,5997482,6519354,10389127168,38370496512
2025-05-14 07:08:21,38.104,3.775,0,0,69.90,30555.73,31731.85,11,5997684,6519556,10389127168,38370496512
2025-05-14 07:08:22,36.108,3.687,0,0,59.90,30555.73,31731.85,11,5997885,6519757,10389127168,38370496512
2025-05-14 07:08:22,36.243,3.716,0,0,69.90,30555.73,31731.85,11,5998086,6519958,10389127168,38370496512
2025-05-14 07:08:22,36.125,3.768,0,0,59.90,30555.73,31731.85,11,5998287,6520159,10389127168,38370496512
2025-05-14 07:08:22,36.290,3.702,0,0,69.90,30555.73,31731.85,11,5998487,6520359,10389127168,38370496512
2025-05-14 07:08:22,36.191,3.685,0,0,89.90,30555.73,31731.85,11,5998688,6520560,10389127168,38370496512
2025-05-14 07:08:23,35.711,3.659,0,0,49.90,30555.73,31731.85,11,5998889,6520761,10389127168,38370496512
2025-05-14 07:08:23,36.471,3.676,0,0,69.90,30555.73,31731.85,11,5999090,6520962,10389127168,38370496512
2025-05-14 07:08:23,36.120,3.748,0,0,79.90,30555.73,31731.85,11,5999289,6521161,10389127168,38370496512
2025-05-14 07:08:23,35.674,3.731,0,0,79.90,30555.73,31731.85,11,5999490,6521362,10389127168,38370496512
2025-05-14 07:08:23,36.006,3.733,0,0,79.80,30555.73,31731.85,11,5999691,6521563,10389127168,38370496512
2025-05-14 07:08:24,35.842,3.706,0,0,69.90,30555.73,31731.85,11,5999892,6521764,10389127168,38370496512
2025-05-14 07:08:24,36.278,3.733,0,0,79.90,30555.73,31731.85,11,6000093,6521965,10389127168,38370496512
2025-05-14 07:08:24,36.272,3.761,0,0,79.90,30555.73,31731.85,11,6000294,6522166,10389127168,38370496512
2025-05-14 07:08:24,35.919,3.778,0,0,89.90,30555.73,31731.85,11,6000494,6522366,10389127168,38370496512
2025-05-14 07:08:24,36.008,3.752,0,0,79.90,30555.73,31731.85,11,6000695,6522567,10389127168,38370496512
2025-05-14 07:08:25,36.238,3.696,0,0,79.90,30555.73,31731.85,11,6000896,6522768,10389127168,38370496512
2025-05-14 07:08:25,35.901,3.744,0,0,79.90,30555.73,31731.85,11,6001097,6522969,10389127168,38370496512
2025-05-14 07:08:25,35.747,3.772,0,0,79.90,30555.73,31731.85,11,6001299,6523171,10389127168,38370496512
2025-05-14 07:08:25,35.952,3.756,0,0,79.90,30555.73,31731.85,11,6001500,6523372,10389127168,38370496512
2025-05-14 07:08:25,36.026,3.759,0,0,69.90,30555.73,31731.85,11,6001701,6523573,10389127168,38370496512
2025-05-14 07:08:26,35.912,3.780,0,0,79.90,30555.73,31731.85,11,6001902,6523774,10389127168,38370496512
2025-05-14 07:08:26,36.257,3.758,0,0,79.90,30555.73,31731.85,11,6002101,6523973,10389127168,38370496512
2025-05-14 07:08:26,35.866,3.710,0,0,79.90,30555.73,31731.85,11,6002302,6524174,10389127168,38370496512
2025-05-14 07:08:26,35.926,3.712,0,0,59.90,30555.73,31731.85,11,6002502,6524374,10389127168,38370496512
2025-05-14 07:08:26,36.001,3.694,0,20480,69.90,30555.73,31731.85,12,6002709,6524583,10389127168,38370516992
2025-05-14 07:08:27,36.130,3.708,0,0,69.90,30555.73,31731.85,12,6002910,6524784,10389127168,38370516992
2025-05-14 07:08:27,36.097,3.740,0,0,69.90,30555.73,31731.85,12,6003111,6524985,10389127168,38370516992
2025-05-14 07:08:27,35.815,3.733,0,0,79.90,30555.73,31731.85,13,6003335,6525220,10389127168,38370562048
2025-05-14 07:08:27,35.833,3.733,0,45056,79.90,30555.73,31731.85,13,6003536,6525421,10389127168,38370562048
2025-05-14 07:08:27,36.150,3.716,0,0,79.90,30555.73,31731.85,13,6003737,6525622,10389127168,38370562048
2025-05-14 07:08:28,36.351,3.764,0,0,69.90,30555.73,31731.85,13,6003938,6525823,10389127168,38370562048
2025-05-14 07:08:28,35.969,3.718,0,0,69.90,30555.73,31731.85,13,6004139,6526024,10389127168,38370562048
2025-05-14 07:08:28,36.349,3.718,0,0,79.90,30555.73,31731.85,13,6004340,6526225,10389127168,38370562048
2025-05-14 07:08:28,36.090,3.754,0,0,79.90,30555.73,31731.85,13,6004540,6526425,10389127168,38370562048
2025-05-14 07:08:28,35.985,3.705,0,0,79.90,30555.73,31731.85,13,6004741,6526626,10389127168,38370562048
2025-05-14 07:08:29,36.045,3.739,0,0,79.90,30555.73,31731.85,13,6004947,6526834,10389127168,38370574336
2025-05-14 07:08:29,35.913,3.728,0,12288,79.90,30555.73,31731.85,13,6005148,6527035,10389127168,38370574336
2025-05-14 07:08:29,36.020,3.717,0,0,49.90,30555.73,31731.85,13,6005349,6527236,10389127168,38370574336
2025-05-14 07:08:29,36.159,3.723,0,0,79.90,30555.73,31731.85,13,6005553,6527440,10389127168,38370574336
2025-05-14 07:08:29,35.903,3.760,0,0,79.90,30555.73,31731.85,13,6005754,6527641,10389127168,38370574336
2025-05-14 07:08:30,35.811,3.750,0,0,69.90,30555.73,31731.85,13,6005955,6527842,10389127168,38370574336
2025-05-14 07:08:30,37.436,3.809,0,40960,69.90,30555.73,31731.85,13,6006159,6528048,10389127168,38370615296
2025-05-14 07:08:30,36.220,3.733,0,0,79.90,30555.73,31731.85,13,6006360,6528249,10389127168,38370615296
2025-05-14 07:08:30,36.431,3.713,0,0,79.90,30555.73,31731.85,13,6006560,6528449,10389127168,38370615296
2025-05-14 07:08:30,35.505,3.713,0,0,59.90,30555.73,31731.85,13,6006765,6528654,10389127168,38370615296
2025-05-14 07:08:31,37.597,3.762,0,0,69.90,30555.73,31731.85,13,6006967,6528856,10389127168,38370615296
2025-05-14 07:08:31,37.112,3.787,0,0,89.80,30555.73,31731.85,13,6007168,6529057,10389127168,38370615296
2025-05-14 07:08:31,36.696,3.771,0,0,79.90,30555.73,31731.85,13,6007369,6529258,10389127168,38370615296
2025-05-14 07:08:31,36.002,3.765,0,0,69.90,30555.73,31731.85,13,6007570,6529459,10389127168,38370615296
2025-05-14 07:08:31,37.296,3.764,0,0,69.90,30555.73,31731.85,13,6007777,6529668,10389127168,38370652160
2025-05-14 07:08:32,36.162,3.759,0,36864,59.90,30555.73,31731.85,13,6007987,6529881,10389127168,38370676736
2025-05-14 07:08:32,36.365,3.738,0,24576,69.90,30555.73,31731.85,13,6008187,6530082,10389127168,38370676736
2025-05-14 07:08:32,35.932,3.712,0,0,79.90,30555.73,31731.85,13,6008394,6530290,10389127168,38370701312
2025-05-14 07:08:32,35.847,3.740,0,24576,69.90,30555.73,31731.85,13,6008595,6530491,10389127168,38370701312
2025-05-14 07:08:32,35.791,3.766,0,0,69.90,30555.73,31731.85,13,6008795,6530691,10389127168,38370701312
2025-05-14 07:08:33,36.179,3.769,0,0,69.90,30555.73,31731.85,13,6008996,6530892,10389127168,38370701312
2025-05-14 07:08:33,35.903,3.762,0,0,79.90,30555.73,31731.85,13,6009197,6531093,10389127168,38370701312
2025-05-14 07:08:33,36.061,3.742,0,8192,69.90,30555.73,31731.85,13,6009402,6531300,10389127168,38370709504
2025-05-14 07:08:33,36.436,3.773,0,0,79.90,30555.73,31731.85,13,6009603,6531501,10389127168,38370709504
2025-05-14 07:08:33,36.202,3.742,0,0,79.90,30555.73,31731.85,13,6009804,6531702,10389127168,38370709504
2025-05-14 07:08:34,36.035,3.746,0,0,59.90,30555.73,31731.85,13,6010005,6531903,10389127168,38370709504
2025-05-14 07:08:34,36.005,3.730,0,0,79.90,30555.73,31731.85,13,6010207,6532105,10389127168,38370709504
2025-05-14 07:08:34,36.094,3.796,0,0,79.90,30555.73,31731.85,13,6010408,6532306,10389127168,38370709504
2025-05-14 07:08:34,36.154,3.740,0,0,79.90,30555.73,31731.85,13,6010608,6532506,10389127168,38370709504
2025-05-14 07:08:34,36.958,3.702,0,0,79.90,30555.73,31731.85,13,6010809,6532707,10389127168,38370709504
2025-05-14 07:08:35,35.807,3.742,0,0,59.90,30555.73,31731.85,13,6011010,6532908,10389127168,38370709504
2025-05-14 07:08:35,36.119,3.730,0,0,79.90,30555.73,31731.85,13,6011211,6533109,10389127168,38370709504
2025-05-14 07:08:35,36.134,3.748,0,0,79.90,30555.73,31731.85,13,6011412,6533310,10389127168,38370709504
2025-05-14 07:08:35,36.823,3.812,0,0,79.90,30555.73,31731.85,13,6011617,6533517,10389127168,38370725888
2025-05-14 07:08:35,36.786,3.748,0,16384,69.90,30555.73,31731.85,13,6011818,6533718,10389127168,38370725888
2025-05-14 07:08:36,36.714,3.732,0,0,69.90,30555.73,31731.85,13,6012019,6533919,10389127168,38370725888
2025-05-14 07:08:36,36.910,3.747,0,0,59.90,30555.73,31731.85,13,6012220,6534120,10389127168,38370725888
2025-05-14 07:08:36,36.084,3.678,0,0,89.90,30555.73,31731.85,13,6012421,6534321,10389127168,38370725888
2025-05-14 07:08:36,36.047,3.734,0,0,79.90,30555.73,31731.85,13,6012621,6534521,10389127168,38370725888
2025-05-14 07:08:36,36.437,3.681,0,0,79.90,30555.73,31731.85,13,6012822,6534722,10389127168,38370725888
2025-05-14 07:08:37,36.450,3.692,0,0,59.90,30555.73,31731.85,13,6013026,6534927,10389127168,38370729984
2025-05-14 07:08:37,36.195,3.661,0,4096,69.90,30555.73,31731.85,13,6013227,6535128,10389127168,38370729984
2025-05-14 07:08:37,36.302,3.713,0,0,59.90,30555.73,31731.85,13,6013428,6535329,10389127168,38370729984
2025-05-14 07:08:37,36.859,3.716,0,0,79.80,30555.73,31731.85,13,6013629,6535530,10389127168,38370729984
2025-05-14 07:08:37,36.239,3.701,0,0,99.80,30555.73,31731.85,13,6013830,6535731,10389127168,38370729984
2025-05-14 07:08:38,37.242,3.728,0,0,69.90,30555.73,31731.85,13,6014032,6535933,10389127168,38370729984
2025-05-14 07:08:38,36.677,3.742,0,0,49.90,30555.73,31731.85,13,6014233,6536134,10389127168,38370729984
2025-05-14 07:08:38,36.781,3.746,0,0,69.90,30555.73,31731.85,13,6014434,6536335,10389127168,38370729984
2025-05-14 07:08:38,36.567,3.753,0,0,69.90,30555.73,31731.85,13,6014635,6536536,10389127168,38370729984
2025-05-14 07:08:38,36.588,3.697,0,0,69.90,30555.73,31731.85,13,6014836,6536737,10389127168,38370729984
2025-05-14 07:08:39,36.463,3.707,0,0,69.90,30555.73,31731.85,13,6015037,6536938,10389127168,38370729984
2025-05-14 07:08:39,36.774,3.730,0,0,79.80,30555.73,31731.85,13,6015238,6537139,10389127168,38370729984
2025-05-14 07:08:39,36.182,3.688,0,0,69.90,30555.73,31731.85,13,6015439,6537340,10389127168,38370729984
2025-05-14 07:08:39,36.416,3.740,0,0,69.90,30555.73,31731.85,13,6015640,6537541,10389127168,38370729984
2025-05-14 07:08:39,36.371,3.681,0,0,69.90,30555.73,31731.85,13,6015841,6537742,10389127168,38370729984
2025-05-14 07:08:40,38.705,3.786,0,0,59.90,30555.73,31731.85,13,6016047,6537948,10389127168,38370729984
2025-05-14 07:08:40,37.206,3.769,0,0,59.90,30555.73,31731.85,13,6016248,6538149,10389127168,38370729984
2025-05-14 07:08:40,36.634,3.746,0,0,69.90,30555.73,31731.85,13,6016449,6538350,10389127168,38370729984
2025-05-14 07:08:40,36.252,3.720,0,0,49.90,30555.73,31731.85,13,6016648,6538549,10389127168,38370729984
2025-05-14 07:08:40,36.664,3.763,0,0,69.90,30555.73,31731.85,13,6016849,6538750,10389127168,38370729984
2025-05-14 07:08:41,36.647,3.748,0,0,59.90,30555.73,31731.85,13,6017051,6538952,10389127168,38370729984
2025-05-14 07:08:41,36.311,3.764,0,0,79.90,30555.73,31731.85,13,6017252,6539153,10389127168,38370729984
2025-05-14 07:08:41,35.747,3.709,0,0,69.90,30555.73,31731.85,13,6017453,6539354,10389127168,38370729984
2025-05-14 07:08:41,35.967,3.770,0,0,69.90,30555.73,31731.85,13,6017654,6539555,10389127168,38370729984
2025-05-14 07:08:41,36.986,3.779,0,0,49.90,30555.73,31731.85,13,6017855,6539756,10389127168,38370729984
2025-05-14 07:08:42,36.980,3.746,0,0,79.90,30555.73,31731.85,13,6018063,6539968,10389127168,38370742272
2025-05-14 07:08:42,36.053,3.733,0,12288,79.90,30555.73,31731.85,13,6018264,6540169,10389127168,38370742272
2025-05-14 07:08:42,36.188,3.765,0,0,79.90,30555.73,31731.85,13,6018465,6540370,10389127168,38370742272
2025-05-14 07:08:42,35.697,3.718,0,0,79.90,30555.73,31731.85,13,6018665,6540570,10389127168,38370742272
2025-05-14 07:08:42,35.738,3.683,0,0,89.90,30555.73,31731.85,13,6018866,6540771,10389127168,38370742272
2025-05-14 07:08:43,36.096,3.672,0,0,49.90,30555.73,31731.85,13,6019067,6540972,10389127168,38370742272
2025-05-14 07:08:43,36.587,3.677,0,0,79.90,30555.73,31731.85,13,6019268,6541173,10389127168,38370742272
2025-05-14 07:08:43,36.731,3.745,0,0,79.90,30555.73,31731.85,13,6019469,6541374,10389127168,38370742272
2025-05-14 07:08:43,35.910,3.653,0,0,79.90,30555.73,31731.85,13,6019670,6541575,10389127168,38370742272
2025-05-14 07:08:43,36.018,3.715,0,0,69.90,30555.73,31731.85,13,6019869,6541774,10389127168,38370742272
2025-05-14 07:08:44,36.300,3.774,0,0,69.90,30555.73,31731.85,13,6020071,6541976,10389127168,38370742272
2025-05-14 07:08:44,37.164,3.722,0,0,89.80,30555.73,31731.85,13,6020272,6542177,10389127168,38370742272
2025-05-14 07:08:44,37.108,3.771,0,0,69.90,30555.73,31731.85,13,6020473,6542378,10389127168,38370742272
2025-05-14 07:08:44,36.961,3.696,0,0,69.90,30555.73,31731.85,13,6020673,6542578,10389127168,38370742272
2025-05-14 07:08:44,37.089,3.741,0,28672,69.90,30555.73,31731.85,13,6020884,6542796,10389127168,38370770944
2025-05-14 07:08:45,37.165,3.730,0,0,69.90,30555.73,31731.85,13,6021085,6542997,10389127168,38370770944
2025-05-14 07:08:45,36.947,3.756,0,0,79.90,30555.73,31731.85,13,6021286,6543198,10389127168,38370770944
2025-05-14 07:08:45,36.329,3.696,0,0,59.90,30555.73,31731.85,13,6021488,6543400,10389127168,38370770944
2025-05-14 07:08:45,37.270,3.693,0,0,59.90,30555.73,31731.85,13,6021689,6543601,10389127168,38370770944
2025-05-14 07:08:45,37.627,3.675,0,0,69.90,30555.73,31731.85,13,6021890,6543802,10389127168,38370770944
2025-05-14 07:08:46,36.739,3.706,0,0,89.80,30555.73,31731.85,13,6022091,6544003,10389127168,38370770944
2025-05-14 07:08:46,35.667,3.703,0,0,79.90,30555.73,31731.85,13,6022292,6544204,10389127168,38370770944
2025-05-14 07:08:46,36.242,3.719,0,0,49.90,30555.73,31731.85,13,6022493,6544405,10389127168,38370770944
2025-05-14 07:08:46,36.580,3.732,0,0,69.90,30555.73,31731.85,13,6022693,6544605,10389127168,38370770944
2025-05-14 07:08:46,36.717,3.742,0,0,69.90,30555.73,31731.85,13,6022894,6544806,10389127168,38370770944
2025-05-14 07:08:47,36.435,3.694,0,0,69.90,30555.73,31731.85,13,6023103,6545018,10389127168,38370783232
2025-05-14 07:08:47,36.646,3.696,0,12288,79.90,30555.73,31731.85,13,6023304,6545219,10389127168,38370783232
2025-05-14 07:08:47,36.296,3.722,0,0,59.90,30555.73,31731.85,13,6023505,6545420,10389127168,38370783232
2025-05-14 07:08:47,36.670,3.707,0,0,69.90,30555.73,31731.85,13,6023706,6545621,10389127168,38370783232
2025-05-14 07:08:47,36.592,3.718,0,0,59.90,30555.73,31731.85,13,6023907,6545822,10389127168,38370783232
2025-05-14 07:08:48,36.901,3.696,0,0,79.90,30555.73,31731.85,13,6024108,6546023,10389127168,38370783232
2025-05-14 07:08:48,36.512,3.758,0,0,69.90,30555.73,31731.85,13,6024310,6546225,10389127168,38370783232
2025-05-14 07:08:48,35.852,3.734,0,0,69.90,30555.73,31731.85,13,6024511,6546426,10389127168,38370783232
2025-05-14 07:08:48,36.013,3.725,0,0,69.90,30555.73,31731.85,13,6024711,6546626,10389127168,38370783232
2025-05-14 07:08:48,36.478,3.709,0,0,79.90,30555.73,31731.85,13,6024912,6546827,10389127168,38370783232
2025-05-14 07:08:49,35.981,3.705,0,0,79.90,30555.73,31731.85,13,6025113,6547028,10389127168,38370783232
2025-05-14 07:08:49,36.641,3.744,0,0,49.90,30555.73,31731.85,13,6025314,6547229,10389127168,38370783232
2025-05-14 07:08:49,38.741,3.779,0,0,79.90,30555.73,31731.85,13,6025516,6547431,10389127168,38370783232
2025-05-14 07:08:49,36.240,3.763,0,0,69.90,30555.73,31731.85,13,6025717,6547632,10389127168,38370783232
2025-05-14 07:08:49,36.453,3.710,0,0,69.90,30555.73,31731.85,13,6025918,6547833,10389127168,38370783232
2025-05-14 07:08:50,36.472,3.749,0,0,79.90,30555.73,31731.85,13,6026119,6548034,10389127168,38370783232
2025-05-14 07:08:50,36.409,3.746,0,0,59.90,30555.73,31731.85,13,6026324,6548239,10389127168,38370783232
2025-05-14 07:08:50,37.136,3.701,0,0,79.90,30555.73,31731.85,13,6026525,6548440,10389127168,38370783232
2025-05-14 07:08:50,36.688,3.718,0,0,79.90,30555.73,31731.85,13,6026726,6548641,10389127168,38370783232
2025-05-14 07:08:50,36.383,3.747,0,0,79.90,30555.73,31731.85,13,6026926,6548841,10389127168,38370783232
2025-05-14 07:08:51,36.376,3.757,0,0,69.90,30555.73,31731.85,13,6027128,6549043,10389127168,38370783232
2025-05-14 07:08:51,36.924,3.747,0,0,69.90,30555.73,31731.85,13,6027329,6549244,10389127168,38370783232
2025-05-14 07:08:51,36.228,3.690,0,0,69.90,30555.73,31731.85,13,6027530,6549445,10389127168,38370783232
2025-05-14 07:08:51,36.153,3.757,0,0,79.80,30555.73,31731.85,13,6027731,6549646,10389127168,38370783232
2025-05-14 07:08:51,36.747,3.725,0,0,59.90,30555.73,31731.85,13,6027932,6549847,10389127168,38370783232
2025-05-14 07:08:52,37.382,3.812,0,0,69.90,30555.73,31731.85,13,6028134,6550049,10389127168,38370783232
2025-05-14 07:08:52,36.527,3.742,0,0,79.90,30555.73,31731.85,13,6028335,6550250,10389127168,38370783232
2025-05-14 07:08:52,35.951,3.771,0,0,79.90,30555.73,31731.85,13,6028536,6550451,10389127168,38370783232
2025-05-14 07:08:52,36.084,3.733,0,0,69.90,30555.73,31731.85,13,6028736,6550651,10389127168,38370783232
2025-05-14 07:08:52,36.337,3.699,0,0,79.90,30555.73,31731.85,13,6028937,6550852,10389127168,38370783232
2025-05-14 07:08:53,35.873,3.722,0,0,79.90,30555.73,31731.85,13,6029138,6551053,10389127168,38370783232
2025-05-14 07:08:53,35.786,3.709,0,0,69.90,30555.73,31731.85,13,6029339,6551254,10389127168,38370783232
2025-05-14 07:08:53,35.956,3.713,0,0,79.90,30555.73,31731.85,13,6029540,6551455,10389127168,38370783232
2025-05-14 07:08:53,35.884,3.677,0,0,59.90,30555.73,31731.85,13,6029741,6551656,10389127168,38370783232
2025-05-14 07:08:54,36.625,3.668,0,0,69.90,30555.73,31731.85,13,6029942,6551857,10389127168,38370783232
2025-05-14 07:08:54,36.217,3.713,0,0,79.90,30555.73,31731.85,13,6030143,6552058,10389127168,38370783232
2025-05-14 07:08:54,36.267,3.713,0,0,109.80,30555.73,31731.85,13,6030344,6552259,10389127168,38370783232
2025-05-14 07:08:54,36.699,3.751,0,0,69.90,30555.73,31731.85,13,6030544,6552459,10389127168,38370783232
2025-05-14 07:08:54,36.420,3.685,0,0,79.80,30555.73,31731.85,13,6030746,6552661,10389127168,38370783232
2025-05-14 07:08:55,36.666,3.700,0,0,69.90,30555.73,31731.85,13,6030947,6552862,10389127168,38370783232
2025-05-14 07:08:55,36.252,3.679,0,0,79.90,30555.73,31731.85,13,6031148,6553063,10389127168,38370783232
2025-05-14 07:08:55,35.943,3.735,0,0,89.80,30555.73,31731.85,13,6031349,6553264,10389127168,38370783232
2025-05-14 07:08:55,36.201,3.740,0,0,59.90,30555.73,31731.85,13,6031550,6553465,10389127168,38370783232
2025-05-14 07:08:55,36.404,3.719,0,0,69.90,30555.73,31731.85,13,6031751,6553666,10389127168,38370783232
2025-05-14 07:08:56,36.645,3.690,0,0,69.90,30555.73,31731.85,13,6031952,6553867,10389127168,38370783232
2025-05-14 07:08:56,36.698,3.703,0,0,69.90,30555.73,31731.85,13,6032153,6554068,10389127168,38370783232
2025-05-14 07:08:56,36.577,3.714,0,0,69.90,30555.73,31731.85,13,6032354,6554269,10389127168,38370783232
2025-05-14 07:08:56,36.325,3.708,0,0,79.90,30555.73,31731.85,13,6032554,6554469,10389127168,38370783232
2025-05-14 07:08:56,35.907,3.672,0,0,59.90,30555.73,31731.85,13,6032755,6554670,10389127168,38370783232
2025-05-14 07:08:57,36.707,3.678,0,0,69.90,30555.73,31731.85,13,6032956,6554871,10389127168,38370783232
2025-05-14 07:08:57,36.545,3.689,0,0,79.90,30555.73,31731.85,11,6033157,6555072,10389127168,38370783232
2025-05-14 07:08:57,36.799,3.614,0,0,79.90,30555.73,31731.85,11,6033358,6555273,10389127168,38370783232
2025-05-14 07:08:57,35.829,3.693,0,0,69.90,30555.73,31731.85,11,6033559,6555474,10389127168,38370783232
2025-05-14 07:08:57,36.317,3.681,0,0,79.90,30555.73,31731.85,11,6033760,6555675,10389127168,38370783232
2025-05-14 07:08:58,36.563,3.737,0,0,69.90,30555.73,31731.85,11,6033961,6555876,10389127168,38370783232
2025-05-14 07:08:58,36.696,3.737,0,0,79.90,30555.73,31731.85,11,6034162,6556077,10389127168,38370783232
2025-05-14 07:08:58,36.683,3.732,0,0,69.90,30555.73,31731.85,11,6034364,6556279,10389127168,38370783232
2025-05-14 07:08:58,36.687,3.700,0,0,59.90,30555.73,31731.85,11,6034563,6556478,10389127168,38370783232
2025-05-14 07:08:58,37.439,3.671,0,0,69.90,30555.73,31731.85,11,6034764,6556679,10389127168,38370783232
2025-05-14 07:08:59,37.542,3.719,0,0,69.90,30555.73,31731.85,11,6034965,6556880,10389127168,38370783232
2025-05-14 07:08:59,36.778,3.703,0,0,89.90,30555.73,31731.85,11,6035166,6557081,10389127168,38370783232
2025-05-14 07:08:59,36.723,3.695,0,0,59.90,30555.73,31731.85,11,6035367,6557282,10389127168,38370783232
2025-05-14 07:08:59,37.672,3.707,0,0,79.90,30555.73,31731.85,11,6035568,6557483,10389127168,38370783232
2025-05-14 07:08:59,36.897,3.747,0,0,69.90,30555.73,31731.85,11,6035769,6557684,10389127168,38370783232
2025-05-14 07:09:00,37.049,3.709,0,0,79.90,30555.73,31731.85,11,6035974,6557889,10389127168,38370783232
2025-05-14 07:09:00,37.419,3.742,0,0,79.90,30555.73,31731.85,11,6036175,6558090,10389127168,38370783232
2025-05-14 07:09:00,36.867,3.787,0,0,69.90,30555.73,31731.85,11,6036376,6558291,10389127168,38370783232
2025-05-14 07:09:00,36.492,3.747,0,0,59.90,30555.73,31731.85,11,6036578,6558493,10389127168,38370783232
2025-05-14 07:09:00,38.697,3.751,0,0,49.90,30555.73,31731.85,11,6036780,6558695,10389127168,38370783232
2025-05-14 07:09:01,38.324,3.727,0,0,59.90,30555.73,31731.85,11,6036981,6558896,10389127168,38370783232
2025-05-14 07:09:01,38.194,3.744,0,0,119.80,30555.73,32108.03,62,6037424,6559481,10389127168,38373150720
2025-05-14 07:09:01,38.170,3.778,0,2375680,59.90,30555.73,32108.03,62,6037628,6559686,10389127168,38373158912
2025-05-14 07:09:01,39.953,3.756,0,0,39.90,30555.73,32108.03,62,6037829,6559887,10389127168,38373158912
2025-05-14 07:09:01,38.565,3.700,0,0,59.90,30555.73,32108.03,62,6038030,6560088,10389127168,38373158912
2025-05-14 07:09:02,38.222,3.757,0,0,39.90,30555.73,32108.03,62,6038231,6560289,10389127168,38373158912
2025-05-14 07:09:02,40.159,3.893,0,0,49.90,30555.73,32108.03,62,6038433,6560491,10389127168,38373158912
2025-05-14 07:09:02,40.088,3.823,0,0,59.90,30555.73,32108.03,62,6038634,6560692,10389127168,38373158912
2025-05-14 07:09:02,39.873,3.801,0,0,59.90,30555.73,32108.03,62,6038834,6560892,10389127168,38373158912
2025-05-14 07:09:02,39.866,3.770,4096,12288,59.90,30555.73,32108.03,62,6039042,6561103,10389131264,38373171200
2025-05-14 07:09:03,40.063,3.769,0,0,39.90,30555.73,32108.03,62,6039243,6561304,10389131264,38373171200
2025-05-14 07:09:03,40.258,3.772,0,0,49.90,30555.73,32108.03,62,6039444,6561505,10389131264,38373171200
2025-05-14 07:09:03,40.307,3.781,0,0,69.90,30555.73,32108.03,62,6039646,6561707,10389131264,38373171200
2025-05-14 07:09:03,39.890,3.781,0,0,49.90,30555.73,32108.03,62,6039847,6561908,10389131264,38373171200
2025-05-14 07:09:03,39.669,3.796,0,0,59.90,30555.73,32108.03,62,6040048,6562109,10389131264,38373171200
2025-05-14 07:09:04,39.911,3.768,0,0,59.90,30555.73,32108.03,62,6040249,6562310,10389131264,38373171200
2025-05-14 07:09:04,39.169,3.771,0,0,69.90,30555.73,32108.03,62,6040450,6562511,10389131264,38373171200
2025-05-14 07:09:04,39.029,3.798,0,8192,69.90,30555.73,32108.03,62,6040655,6562718,10389131264,38373179392
2025-05-14 07:09:04,38.751,3.757,0,0,59.90,30555.73,32108.03,62,6040856,6562919,10389131264,38373179392
2025-05-14 07:09:04,39.535,3.871,0,0,59.90,30555.73,32108.03,62,6041055,6563118,10389131264,38373179392
2025-05-14 07:09:05,39.216,3.815,0,0,39.90,30555.73,32108.03,62,6041256,6563319,10389131264,38373179392
2025-05-14 07:09:05,39.077,3.783,0,0,59.90,30555.73,32108.03,62,6041457,6563520,10389131264,38373179392
2025-05-14 07:09:05,39.907,3.797,0,0,49.90,30555.73,32108.03,62,6041658,6563721,10389131264,38373179392
2025-05-14 07:09:05,39.715,3.780,0,0,369.40,30555.73,32108.03,62,6041902,6563986,10389131264,38375100416
2025-05-14 07:09:05,42.984,4.089,0,1921024,59.90,30555.73,32108.03,62,6042104,6564188,10389131264,38375100416
2025-05-14 07:09:06,39.016,3.785,0,0,49.90,30555.73,32108.03,62,6042305,6564389,10389131264,38375100416
2025-05-14 07:09:06,38.821,3.717,0,0,69.90,30555.73,32108.03,62,6042506,6564590,10389131264,38375100416
2025-05-14 07:09:06,38.161,3.738,0,0,59.90,30555.73,32108.03,62,6042707,6564791,10389131264,38375100416
2025-05-14 07:09:06,38.787,3.764,0,0,49.90,30555.73,32108.03,62,6042907,6564991,10389131264,38375100416
2025-05-14 07:09:06,39.967,3.746,0,0,49.90,30555.73,32108.03,62,6043108,6565192,10389131264,38375100416
2025-05-14 07:09:07,39.661,3.710,0,0,49.90,30555.73,32108.03,62,6043316,6565405,10389131264,38375116800
2025-05-14 07:09:07,40.106,3.717,0,16384,49.90,30555.73,32108.03,62,6043518,6565606,10389131264,38375116800
2025-05-14 07:09:07,39.622,3.747,0,0,49.90,30555.73,32108.03,62,6043719,6565807,10389131264,38375116800
2025-05-14 07:09:07,40.106,3.768,0,0,49.90,30555.73,32108.03,62,6043920,6566008,10389131264,38375116800
2025-05-14 07:09:07,39.671,3.738,0,0,49.90,30555.73,32108.03,62,6044121,6566209,10389131264,38375116800
2025-05-14 07:09:08,40.047,3.771,0,0,49.90,30555.73,32108.03,62,6044322,6566410,10389131264,38375116800
2025-05-14 07:09:08,39.534,3.821,0,0,39.90,30555.73,32108.03,62,6044524,6566612,10389131264,38375116800
2025-05-14 07:09:08,40.039,3.822,0,0,39.90,30555.73,32108.03,62,6044725,6566813,10389131264,38375116800
2025-05-14 07:09:08,39.768,3.795,0,0,49.90,30555.73,32108.03,62,6044925,6567013,10389131264,38375116800
2025-05-14 07:09:08,40.013,3.795,0,0,39.90,30555.73,32108.03,62,6045126,6567214,10389131264,38375116800
2025-05-14 07:09:09,39.723,3.757,0,0,39.90,30555.73,32108.03,62,6045327,6567415,10389131264,38375116800
2025-05-14 07:09:09,40.039,3.790,0,0,39.90,30555.73,32108.03,62,6045528,6567616,10389131264,38375116800
2025-05-14 07:09:09,39.535,3.811,0,0,39.90,30555.73,32108.03,62,6045729,6567817,10389131264,38375116800
2025-05-14 07:09:09,39.730,3.791,0,0,49.90,30555.73,32108.03,62,6045931,6568019,10389131264,38375116800
2025-05-14 07:09:09,39.646,3.755,0,0,39.90,30555.73,32108.03,62,6046132,6568220,10389131264,38375116800
2025-05-14 07:09:10,39.937,3.762,0,0,49.90,30555.73,32108.03,62,6046333,6568421,10389131264,38375116800
2025-05-14 07:09:10,39.576,3.788,0,0,59.90,30555.73,32108.03,62,6046534,6568622,10389131264,38375116800
2025-05-14 07:09:10,39.952,3.774,0,0,49.90,30555.73,32108.03,62,6046735,6568823,10389131264,38375116800
2025-05-14 07:09:10,39.465,3.729,0,32768,49.90,30555.73,32108.03,62,6046940,6569030,10389131264,38375149568
2025-05-14 07:09:10,40.079,3.813,0,0,59.90,30555.73,32108.03,62,6047142,6569232,10389131264,38375149568
2025-05-14 07:09:11,40.200,3.792,0,0,49.90,30555.73,32108.03,62,6047343,6569433,10389131264,38375149568
2025-05-14 07:09:11,40.332,3.835,0,0,59.90,30555.82,32092.02,56,6047544,6569634,10389131264,38375149568
2025-05-14 07:09:11,39.783,3.799,0,0,30.00,30555.83,32076.02,54,6047745,6569835,10389131264,38375149568
2025-05-14 07:09:11,39.829,3.739,0,0,39.90,30555.83,32076.02,54,6047946,6570036,10389131264,38375149568
2025-05-14 07:09:11,39.800,3.805,0,0,39.90,30555.83,32076.02,54,6048148,6570238,10389131264,38375149568
2025-05-14 07:09:12,40.447,3.778,0,0,49.90,30555.83,32076.02,54,6048349,6570439,10389131264,38375149568
2025-05-14 07:09:12,40.129,3.865,0,4096,39.90,30555.83,32076.02,54,6048554,6570645,10389131264,38375153664
2025-05-14 07:09:12,39.965,3.810,0,0,49.90,30555.83,32076.02,54,6048755,6570846,10389131264,38375153664
2025-05-14 07:09:12,39.787,3.739,0,0,49.90,30555.81,32068.01,53,6048955,6571046,10389131264,38375153664
2025-05-14 07:09:12,39.943,3.843,0,0,39.90,30555.81,32068.01,53,6049156,6571247,10389131264,38375153664
2025-05-14 07:09:13,39.829,3.785,0,0,49.90,30555.81,32068.01,53,6049358,6571449,10389131264,38375153664
2025-05-14 07:09:13,39.927,3.823,0,0,49.90,30555.81,32068.01,53,6049559,6571650,10389131264,38375153664
2025-05-14 07:09:13,39.800,3.835,0,0,49.90,30555.81,32068.01,53,6049760,6571851,10389131264,38375153664
2025-05-14 07:09:13,40.062,3.811,0,0,39.90,30555.81,32068.01,53,6049961,6572052,10389131264,38375153664
2025-05-14 07:09:13,39.979,3.734,0,0,39.90,30555.81,32068.01,53,6050162,6572253,10389131264,38375153664
2025-05-14 07:09:14,40.054,3.768,0,0,39.90,30555.81,32068.01,53,6050364,6572455,10389131264,38375153664
2025-05-14 07:09:14,39.541,3.728,0,0,39.90,30555.81,32052.00,51,6050565,6572656,10389131264,38375153664
2025-05-14 07:09:14,40.310,3.843,0,0,49.90,30555.81,32052.00,51,6050766,6572857,10389131264,38375153664
2025-05-14 07:09:14,39.494,3.815,0,0,49.90,30555.81,32052.00,51,6050966,6573057,10389131264,38375153664
2025-05-14 07:09:14,40.088,3.846,0,0,39.90,30555.81,32052.00,51,6051167,6573258,10389131264,38375153664
2025-05-14 07:09:15,39.705,3.790,0,0,39.90,30555.81,32052.00,51,6051368,6573459,10389131264,38375153664
2025-05-14 07:09:15,40.017,3.772,0,0,39.90,30555.81,32052.00,51,6051569,6573660,10389131264,38375153664
2025-05-14 07:09:15,39.608,3.783,0,0,39.90,30555.81,32052.00,51,6051770,6573861,10389131264,38375153664
2025-05-14 07:09:15,39.945,3.811,0,0,39.90,30555.77,31795.88,19,6051971,6574062,10389131264,38375153664
2025-05-14 07:09:15,39.631,3.772,0,0,39.90,30555.77,31795.88,19,6052172,6574263,10389131264,38375153664
2025-05-14 07:09:16,39.912,3.798,0,0,39.90,30555.77,31795.88,19,6052374,6574465,10389131264,38375153664
2025-05-14 07:09:16,39.900,3.833,0,0,49.90,30555.77,31795.88,19,6052575,6574666,10389131264,38375153664
2025-05-14 07:09:16,39.983,3.829,0,0,39.90,30555.77,31795.88,19,6052776,6574867,10389131264,38375153664
2025-05-14 07:09:16,39.676,3.749,0,0,49.90,30555.77,31795.88,19,6052976,6575067,10389131264,38375153664
2025-05-14 07:09:16,40.051,3.713,0,0,49.90,30555.77,31795.88,19,6053177,6575268,10389131264,38375153664
2025-05-14 07:09:17,39.963,3.741,0,0,49.90,30555.75,31763.86,15,6053379,6575470,10389131264,38375153664
2025-05-14 07:09:17,40.102,3.776,0,0,59.90,30555.75,31763.86,15,6053588,6575682,10389131264,38375165952
2025-05-14 07:09:17,39.702,3.762,0,12288,39.90,30555.75,31763.86,15,6053789,6575883,10389131264,38375165952
2025-05-14 07:09:17,40.099,3.783,0,0,49.90,30555.75,31763.86,15,6053991,6576085,10389131264,38375165952
2025-05-14 07:09:17,39.813,3.824,0,0,49.90,30555.75,31763.86,15,6054191,6576285,10389131264,38375165952
2025-05-14 07:09:18,39.705,3.765,0,0,59.90,30555.75,31763.86,15,6054392,6576486,10389131264,38375165952
2025-05-14 07:09:18,39.763,3.795,0,0,49.90,30555.75,31763.86,15,6054593,6576687,10389131264,38375165952
2025-05-14 07:09:18,39.957,3.743,0,0,49.90,30555.75,31763.86,15,6054794,6576888,10389131264,38375165952
2025-05-14 07:09:18,39.605,3.799,0,0,39.90,30555.75,31763.86,15,6054994,6577088,10389131264,38375165952
2025-05-14 07:09:18,39.861,3.786,0,0,49.90,30555.75,31763.86,15,6055195,6577289,10389131264,38375165952
2025-05-14 07:09:19,39.762,3.767,0,0,49.90,30555.75,31763.86,15,6055396,6577490,10389131264,38375165952
2025-05-14 07:09:19,39.976,3.753,0,0,49.90,30555.75,31763.86,15,6055597,6577691,10389131264,38375165952
2025-05-14 07:09:19,39.871,3.734,0,0,59.90,30555.75,31763.86,15,6055799,6577893,10389131264,38375165952
2025-05-14 07:09:19,40.047,3.764,0,4096,59.90,30555.75,31763.86,15,6055998,6578093,10389131264,38375170048
2025-05-14 07:09:19,40.077,3.746,0,0,49.90,30555.75,31763.86,15,6056199,6578294,10389131264,38375170048
2025-05-14 07:09:20,39.990,3.844,0,0,49.90,30555.75,31763.86,15,6056407,6578502,10389131264,38375170048
2025-05-14 07:09:20,40.189,3.842,0,0,49.90,30555.75,31763.86,15,6056609,6578704,10389131264,38375170048
2025-05-14 07:09:20,39.895,3.831,0,0,39.90,30555.75,31763.86,15,6056810,6578905,10389131264,38375170048
2025-05-14 07:09:20,39.897,3.810,0,0,39.90,30555.75,31763.86,15,6057010,6579105,10389131264,38375170048
2025-05-14 07:09:20,39.929,3.746,0,0,39.90,30555.75,31763.86,15,6057211,6579306,10389131264,38375170048
2025-05-14 07:09:21,41.064,3.847,0,0,39.90,30555.75,31763.86,15,6057412,6579507,10389131264,38375170048
2025-05-14 07:09:21,40.426,3.893,0,0,49.90,30555.75,31763.86,15,6057614,6579709,10389131264,38375170048
2025-05-14 07:09:21,39.813,3.817,0,0,49.90,30555.75,31763.86,15,6057815,6579910,10389131264,38375170048
2025-05-14 07:09:21,39.868,3.769,0,0,49.90,30555.75,31763.86,15,6058016,6580111,10389131264,38375170048
2025-05-14 07:09:21,39.697,3.772,0,0,50.00,30555.75,31763.86,15,6058217,6580312,10389131264,38375170048
2025-05-14 07:09:22,40.014,3.814,0,0,49.90,30555.75,31763.86,15,6058418,6580513,10389131264,38375170048
2025-05-14 07:09:22,39.789,3.822,0,0,49.90,30555.75,31763.86,15,6058627,6580725,10389131264,38375182336
2025-05-14 07:09:22,39.979,3.844,0,12288,39.90,30555.75,31763.86,15,6058829,6580927,10389131264,38375182336
2025-05-14 07:09:22,39.760,3.786,0,0,49.90,30555.75,31763.86,15,6059029,6581127,10389131264,38375182336
2025-05-14 07:09:22,39.885,3.810,0,0,49.90,30555.75,31763.86,15,6059230,6581328,10389131264,38375182336
2025-05-14 07:09:23,39.858,3.840,0,0,49.90,30555.75,31763.86,15,6059431,6581529,10389131264,38375182336
2025-05-14 07:09:23,39.933,3.808,0,0,49.90,30555.75,31763.86,15,6059632,6581730,10389131264,38375182336
2025-05-14 07:09:23,39.825,3.827,0,0,49.90,30555.75,31763.86,15,6059833,6581931,10389131264,38375182336
2025-05-14 07:09:23,39.775,3.813,0,0,49.90,30555.75,31763.86,15,6060035,6582133,10389131264,38375182336
2025-05-14 07:09:23,39.725,3.775,0,0,39.90,30555.75,31763.86,15,6060236,6582334,10389131264,38375182336
2025-05-14 07:09:24,39.938,3.800,0,0,39.90,30555.75,31763.86,15,6060437,6582535,10389131264,38375182336
2025-05-14 07:09:24,39.869,3.786,0,0,89.90,30555.75,31763.86,15,6060637,6582735,10389131264,38375182336
2025-05-14 07:09:24,40.333,3.851,0,0,49.90,30555.75,31763.86,15,6060838,6582936,10389131264,38375182336
2025-05-14 07:09:24,39.879,3.819,0,0,59.90,30555.75,31763.86,15,6061038,6583136,10389131264,38375182336
2025-05-14 07:09:24,40.154,3.872,0,0,49.90,30555.75,31763.86,15,6061239,6583337,10389131264,38375182336
2025-05-14 07:09:25,39.781,3.809,0,0,49.90,30555.75,31763.86,15,6061440,6583538,10389131264,38375182336
2025-05-14 07:09:25,39.929,3.837,0,0,59.90,30555.75,31763.86,15,6061642,6583740,10389131264,38375182336
2025-05-14 07:09:25,39.664,3.814,0,0,49.90,30555.75,31763.86,15,6061843,6583941,10389131264,38375182336
2025-05-14 07:09:25,39.957,3.851,0,0,40.00,30555.75,31763.86,15,6062044,6584142,10389131264,38375182336
2025-05-14 07:09:25,39.685,3.814,0,0,39.90,30555.75,31763.86,15,6062245,6584343,10389131264,38375182336
2025-05-14 07:09:26,39.819,3.806,0,0,39.90,30555.75,31763.86,15,6062446,6584544,10389131264,38375182336
2025-05-14 07:09:26,40.022,3.761,0,0,49.90,30555.75,31763.86,15,6062647,6584745,10389131264,38375182336
2025-05-14 07:09:26,39.470,3.823,0,0,39.90,30555.75,31763.86,15,6062848,6584946,10389131264,38375182336
2025-05-14 07:09:26,39.827,3.776,0,0,49.90,30555.75,31763.86,15,6063048,6585146,10389131264,38375182336
2025-05-14 07:09:26,39.706,3.754,0,0,49.90,30555.75,31763.86,15,6063249,6585347,10389131264,38375182336
2025-05-14 07:09:27,39.479,3.745,0,0,49.90,30555.75,31763.86,15,6063451,6585549,10389131264,38375182336
2025-05-14 07:09:27,40.018,3.765,0,0,59.90,30555.75,31763.86,15,6063652,6585750,10389131264,38375182336
2025-05-14 07:09:27,39.732,3.766,0,0,49.90,30555.75,31763.86,15,6063853,6585951,10389131264,38375182336
2025-05-14 07:09:27,39.934,3.778,0,0,49.90,30555.75,31763.86,15,6064054,6586152,10389131264,38375182336
2025-05-14 07:09:27,39.593,3.797,0,0,49.90,30555.75,31763.86,15,6064255,6586353,10389131264,38375182336
2025-05-14 07:09:28,40.128,3.875,0,0,49.90,30555.75,31763.86,15,6064456,6586554,10389131264,38375182336
2025-05-14 07:09:28,39.580,3.801,0,0,39.90,30555.75,31763.86,15,6064657,6586755,10389131264,38375182336
2025-05-14 07:09:28,39.967,3.778,0,0,39.90,30555.75,31763.86,15,6064858,6586956,10389131264,38375182336
2025-05-14 07:09:28,39.677,3.757,0,0,49.90,30555.75,31763.86,15,6065059,6587157,10389131264,38375182336
2025-05-14 07:09:29,40.003,3.764,0,0,49.90,30555.75,31763.86,15,6065260,6587358,10389131264,38375182336
2025-05-14 07:09:29,39.794,3.806,0,0,49.90,30555.75,31763.86,15,6065461,6587559,10389131264,38375182336
2025-05-14 07:09:29,40.197,3.763,0,0,59.90,30555.75,31763.86,15,6065661,6587759,10389131264,38375182336
2025-05-14 07:09:29,40.086,3.821,0,0,49.90,30555.75,31763.86,15,6065862,6587960,10389131264,38375182336
2025-05-14 07:09:29,40.376,3.868,0,0,49.90,30555.75,31763.86,15,6066063,6588161,10389131264,38375182336
2025-05-14 07:09:30,39.559,3.780,0,0,49.90,30555.75,31763.86,15,6066264,6588362,10389131264,38375182336
2025-05-14 07:09:30,39.892,3.776,0,0,49.90,30555.75,31763.86,15,6066465,6588563,10389131264,38375182336
2025-05-14 07:09:30,39.884,3.782,0,0,39.90,30555.75,31763.86,15,6066668,6588766,10389131264,38375182336
2025-05-14 07:09:30,40.840,3.803,0,0,49.90,30555.75,31763.86,15,6066868,6588966,10389131264,38375182336
2025-05-14 07:09:30,40.309,3.771,0,0,69.90,30555.75,31763.86,15,6067069,6589167,10389131264,38375182336
2025-05-14 07:09:31,40.322,3.789,0,0,79.90,30555.75,31763.86,15,6067270,6589368,10389131264,38375182336
2025-05-14 07:09:31,40.083,3.806,0,12288,59.90,30555.75,31763.86,15,6067476,6589576,10389131264,38375194624
2025-05-14 07:09:31,40.497,3.919,0,0,59.90,30555.75,31763.86,15,6067677,6589777,10389131264,38375194624
2025-05-14 07:09:31,40.310,3.857,0,0,39.90,30555.75,31763.86,15,6067879,6589979,10389131264,38375194624
2025-05-14 07:09:31,40.211,3.800,0,0,39.90,30555.75,31763.86,15,6068080,6590180,10389131264,38375194624
2025-05-14 07:09:32,40.135,3.749,0,0,39.90,30555.75,31763.86,15,6068281,6590381,10389131264,38375194624
2025-05-14 07:09:32,40.378,3.716,0,0,59.90,30555.75,31763.86,15,6068482,6590582,10389131264,38375194624
2025-05-14 07:09:32,40.269,3.780,0,0,59.90,30555.73,31755.86,14,6068683,6590783,10389131264,38375194624
2025-05-14 07:09:32,40.245,3.826,0,0,49.90,30555.73,31755.86,14,6068883,6590983,10389131264,38375194624
2025-05-14 07:09:32,40.057,3.794,0,0,49.90,30555.73,31755.86,14,6069084,6591184,10389131264,38375194624
2025-05-14 07:09:33,39.870,3.761,0,0,49.90,30555.73,31755.86,14,6069286,6591386,10389131264,38375194624
2025-05-14 07:09:33,40.301,3.767,0,0,59.90,30555.73,31755.86,14,6069487,6591587,10389131264,38375194624
2025-05-14 07:09:33,39.931,3.773,0,0,59.90,30555.73,31755.86,14,6069688,6591788,10389131264,38375194624
2025-05-14 07:09:33,40.149,3.763,0,0,49.90,30555.73,31755.86,14,6069889,6591989,10389131264,38375194624
2025-05-14 07:09:33,39.899,3.718,0,0,49.90,30555.73,31755.86,14,6070090,6592190,10389131264,38375194624
2025-05-14 07:09:34,40.127,3.729,0,0,49.90,30555.73,31755.86,14,6070295,6592397,10389131264,38375206912
2025-05-14 07:09:34,40.086,3.733,0,12288,49.90,30555.73,31755.86,14,6070497,6592599,10389131264,38375206912
2025-05-14 07:09:34,40.234,3.734,0,0,69.90,30555.73,31755.86,14,6070698,6592800,10389131264,38375206912
2025-05-14 07:09:34,40.360,3.789,0,0,39.90,30555.73,31755.86,14,6070907,6593013,10389131264,38375231488
2025-05-14 07:09:34,40.214,3.791,0,24576,69.90,30555.73,31755.86,14,6071116,6593225,10389131264,38375243776
2025-05-14 07:09:35,40.118,3.753,0,12288,49.90,30555.73,31755.86,14,6071317,6593426,10389131264,38375243776
2025-05-14 07:09:35,40.051,3.765,0,0,49.90,30555.73,31755.86,14,6071518,6593627,10389131264,38375243776
2025-05-14 07:09:35,39.867,3.750,0,0,59.90,30555.73,31755.86,14,6071719,6593828,10389131264,38375243776
2025-05-14 07:09:35,40.223,3.767,0,0,169.70,30555.73,31755.86,14,6071919,6594028,10389131264,38375243776
2025-05-14 07:09:35,40.860,3.899,0,0,39.90,30555.73,31755.86,14,6072121,6594230,10389131264,38375243776
2025-05-14 07:09:36,40.217,3.740,0,0,39.90,30555.73,31755.86,14,6072322,6594431,10389131264,38375243776
2025-05-14 07:09:36,39.959,3.732,0,0,49.90,30555.73,31755.86,14,6072523,6594632,10389131264,38375243776
2025-05-14 07:09:36,40.467,3.763,0,0,59.90,30555.73,31755.86,14,6072724,6594833,10389131264,38375243776
2025-05-14 07:09:36,39.638,3.739,0,0,30.00,30555.73,31755.86,14,6072924,6595033,10389131264,38375243776
2025-05-14 07:09:36,40.170,3.770,0,0,39.90,30555.73,31755.86,14,6073125,6595235,10389131264,38375243776
2025-05-14 07:09:37,40.275,3.724,0,32768,49.90,30555.73,31755.86,14,6073341,6595458,10389131264,38375276544
2025-05-14 07:09:37,40.554,3.747,0,0,59.90,30555.73,31755.86,14,6073542,6595659,10389131264,38375276544
2025-05-14 07:09:37,39.978,3.768,0,0,49.90,30555.73,31755.86,14,6073743,6595860,10389131264,38375276544
2025-05-14 07:09:37,39.684,3.757,0,0,39.90,30555.73,31755.86,14,6073944,6596061,10389131264,38375276544
2025-05-14 07:09:37,39.910,3.766,0,0,49.90,30555.73,31755.86,14,6074145,6596262,10389131264,38375276544
2025-05-14 07:09:38,40.227,3.787,0,0,49.90,30555.73,31755.86,14,6074346,6596463,10389131264,38375276544
2025-05-14 07:09:38,39.997,3.731,0,0,59.90,30555.73,31755.86,14,6074547,6596664,10389131264,38375276544
2025-05-14 07:09:38,39.819,3.740,0,0,59.90,30555.73,31755.86,14,6074749,6596866,10389131264,38375276544
2025-05-14 07:09:38,40.051,3.749,0,0,49.90,30555.73,31755.86,14,6074949,6597066,10389131264,38375276544
2025-05-14 07:09:38,39.626,3.768,0,0,49.90,30555.73,31755.86,14,6075150,6597267,10389131264,38375276544
2025-05-14 07:09:39,39.890,3.808,0,0,49.90,30555.73,31755.86,14,6075351,6597468,10389131264,38375276544
2025-05-14 07:09:39,39.888,3.753,0,0,49.90,30555.73,31755.86,14,6075552,6597669,10389131264,38375276544
2025-05-14 07:09:39,40.125,3.736,0,0,49.90,30555.73,31755.86,14,6075753,6597870,10389131264,38375276544
2025-05-14 07:09:39,39.919,3.717,0,0,49.90,30555.73,31755.86,14,6075954,6598071,10389131264,38375276544
2025-05-14 07:09:39,39.920,3.767,0,0,49.90,30555.73,31755.86,14,6076155,6598272,10389131264,38375276544
2025-05-14 07:09:40,39.884,3.758,0,0,39.90,30555.73,31755.86,14,6076365,6598485,10389131264,38375288832
2025-05-14 07:09:40,40.109,3.773,0,12288,39.90,30555.73,31755.86,14,6076566,6598686,10389131264,38375288832
2025-05-14 07:09:40,39.946,3.744,0,0,49.90,30555.73,31755.86,14,6076767,6598887,10389131264,38375288832
2025-05-14 07:09:40,41.422,3.874,0,0,59.90,30555.73,31755.86,14,6076970,6599090,10389131264,38375288832
2025-05-14 07:09:40,40.039,3.788,0,0,59.90,30555.73,31755.86,14,6077171,6599291,10389131264,38375288832
2025-05-14 07:09:41,40.067,3.801,0,0,49.90,30555.73,31755.86,14,6077372,6599492,10389131264,38375288832
2025-05-14 07:09:41,39.889,3.813,0,0,59.90,30555.73,31755.86,14,6077573,6599693,10389131264,38375288832
2025-05-14 07:09:41,40.370,3.867,0,0,59.90,30555.73,31755.86,14,6077774,6599894,10389131264,38375288832
2025-05-14 07:09:41,39.905,3.799,0,0,59.90,30555.73,31755.86,14,6077976,6600096,10389131264,38375288832
2025-05-14 07:09:41,40.264,3.773,0,0,49.90,30555.73,31755.86,14,6078175,6600295,10389131264,38375288832
2025-05-14 07:09:42,40.192,3.801,0,0,59.90,30555.73,31755.86,14,6078376,6600496,10389131264,38375288832
2025-05-14 07:09:42,40.036,3.783,0,0,59.90,30555.73,31755.86,14,6078577,6600697,10389131264,38375288832
2025-05-14 07:09:42,39.925,3.761,0,0,59.90,30555.73,31755.86,14,6078781,6600902,10389131264,38375301120
2025-05-14 07:09:42,40.518,3.846,0,12288,49.90,30555.73,31755.86,14,6078981,6601102,10389131264,38375301120
2025-05-14 07:09:42,39.001,3.840,0,0,49.90,30555.73,31755.86,14,6079185,6601306,10389131264,38375301120
2025-05-14 07:09:43,37.469,3.814,0,0,59.90,30555.73,31755.86,14,6079386,6601507,10389131264,38375301120
2025-05-14 07:09:43,37.035,3.813,0,0,49.90,30555.73,31755.86,14,6079587,6601708,10389131264,38375301120
2025-05-14 07:09:43,37.831,3.877,0,0,49.90,30555.73,31755.86,14,6079788,6601909,10389131264,38375301120
2025-05-14 07:09:43,37.079,3.863,0,0,69.90,30555.73,31755.86,14,6079989,6602110,10389131264,38375301120
2025-05-14 07:09:43,37.576,3.821,0,0,59.90,30555.73,31755.86,14,6080190,6602311,10389131264,38375301120
2025-05-14 07:09:44,36.714,3.838,0,0,59.90,30555.73,31755.86,14,6080391,6602512,10389131264,38375301120
2025-05-14 07:09:44,37.439,3.844,0,0,49.90,30555.73,31755.86,14,6080592,6602713,10389131264,38375301120
2025-05-14 07:09:44,37.141,3.879,0,0,59.90,30555.73,31755.86,14,6080793,6602914,10389131264,38375301120
2025-05-14 07:09:44,37.523,3.848,0,0,59.90,30555.73,31755.86,14,6080993,6603114,10389131264,38375301120
2025-05-14 07:09:44,37.851,3.869,0,0,89.90,30555.73,31755.86,14,6081194,6603315,10389131264,38375301120
2025-05-14 07:09:45,36.814,3.842,0,0,69.90,30555.73,31755.86,14,6081395,6603516,10389131264,38375301120
2025-05-14 07:09:45,36.993,3.891,0,0,49.90,30555.73,31755.86,14,6081596,6603717,10389131264,38375301120
2025-05-14 07:09:45,37.399,3.872,0,0,59.90,30555.73,31755.86,14,6081797,6603918,10389131264,38375301120
2025-05-14 07:09:45,37.644,3.915,0,0,49.90,30555.73,31755.86,14,6081998,6604119,10389131264,38375301120
2025-05-14 07:09:45,38.418,3.855,0,0,49.90,30555.73,31755.86,14,6082199,6604320,10389131264,38375301120
2025-05-14 07:09:46,37.138,3.865,0,0,49.90,30555.73,31755.86,14,6082400,6604521,10389131264,38375301120
2025-05-14 07:09:46,37.394,3.872,0,0,59.90,30555.73,31755.86,14,6082602,6604723,10389131264,38375301120
2025-05-14 07:09:46,37.627,3.866,0,0,59.90,30555.73,31755.86,14,6082802,6604923,10389131264,38375301120
2025-05-14 07:09:46,37.609,3.909,0,0,39.90,30555.73,31755.86,14,6083003,6605124,10389131264,38375301120
2025-05-14 07:09:46,37.754,3.862,0,0,49.90,30555.73,31755.86,14,6083204,6605325,10389131264,38375301120
2025-05-14 07:09:47,37.547,3.826,0,0,39.90,30555.73,31755.86,14,6083405,6605526,10389131264,38375301120
2025-05-14 07:09:47,37.290,3.903,0,0,59.90,30555.73,31755.86,14,6083606,6605727,10389131264,38375301120
2025-05-14 07:09:47,37.327,3.914,0,0,49.90,30555.73,31755.86,14,6083807,6605928,10389131264,38375301120
2025-05-14 07:09:47,37.956,3.858,0,0,49.90,30555.73,31755.86,14,6084008,6606129,10389131264,38375301120
2025-05-14 07:09:47,38.213,3.823,0,0,49.90,30555.73,31755.86,14,6084209,6606330,10389131264,38375301120
2025-05-14 07:09:48,37.311,3.866,0,0,59.90,30555.73,31755.86,14,6084410,6606531,10389131264,38375301120
2025-05-14 07:09:48,38.107,3.874,0,0,59.90,30555.73,31755.86,14,6084611,6606732,10389131264,38375301120
2025-05-14 07:09:48,37.028,3.895,0,0,49.90,30555.73,31755.86,14,6084812,6606933,10389131264,38375301120
2025-05-14 07:09:48,37.248,3.938,0,0,49.90,30555.73,31755.86,14,6085012,6607133,10389131264,38375301120
2025-05-14 07:09:48,38.164,3.900,0,0,59.90,30555.73,31755.86,14,6085212,6607333,10389131264,38375301120
2025-05-14 07:09:49,37.484,3.873,0,0,59.90,30555.73,31755.86,14,6085414,6607535,10389131264,38375301120
2025-05-14 07:09:49,37.429,3.850,0,0,49.90,30555.73,31755.86,14,6085615,6607736,10389131264,38375301120
2025-05-14 07:09:49,37.607,3.882,0,0,49.90,30555.73,31755.86,14,6085816,6607937,10389131264,38375301120
2025-05-14 07:09:49,37.273,3.889,0,0,69.90,30555.73,31755.86,14,6086017,6608138,10389131264,38375301120
2025-05-14 07:09:49,37.041,3.899,0,0,59.90,30555.73,31755.86,14,6086218,6608339,10389131264,38375301120
2025-05-14 07:09:50,36.249,3.862,0,0,69.90,30555.73,31747.86,13,6086418,6608539,10389131264,38375301120
2025-05-14 07:09:50,36.573,3.904,0,0,69.90,30555.73,31747.86,13,6086619,6608740,10389131264,38375301120
2025-05-14 07:09:50,36.409,3.865,0,0,89.80,30555.73,31747.86,13,6086820,6608941,10389131264,38375301120
2025-05-14 07:09:50,36.431,3.896,0,0,69.90,30555.73,31747.86,13,6087020,6609141,10389131264,38375301120
2025-05-14 07:09:50,36.642,3.872,0,0,69.90,30555.73,31747.86,13,6087225,6609346,10389131264,38375301120
2025-05-14 07:09:51,37.507,3.925,0,0,59.90,30555.73,31747.86,13,6087426,6609547,10389131264,38375301120
2025-05-14 07:09:51,36.831,3.915,0,0,79.90,30555.73,31747.86,13,6087628,6609749,10389131264,38375301120
2025-05-14 07:09:51,38.579,4.072,0,0,69.90,30555.73,31747.86,13,6087829,6609950,10389131264,38375301120
2025-05-14 07:09:51,36.597,3.830,0,0,49.90,30555.73,31747.86,13,6088030,6610151,10389131264,38375301120
2025-05-14 07:09:51,37.453,3.843,0,0,59.90,30555.73,31747.86,13,6088231,6610352,10389131264,38375301120
2025-05-14 07:09:52,37.443,3.847,0,0,69.90,30555.73,31747.86,13,6088432,6610553,10389131264,38375301120
2025-05-14 07:09:52,36.444,3.847,0,0,59.90,30555.73,31747.86,13,6088633,6610754,10389131264,38375301120
2025-05-14 07:09:52,36.970,3.878,0,0,69.90,30555.73,31731.85,11,6088834,6610955,10389131264,38375301120
2025-05-14 07:09:52,36.859,3.845,0,0,59.90,30555.73,31731.85,11,6089034,6611155,10389131264,38375301120
2025-05-14 07:09:52,37.462,3.864,0,0,59.90,30555.73,31731.85,11,6089235,6611356,10389131264,38375301120
2025-05-14 07:09:53,36.707,3.826,0,0,59.90,30555.73,31731.85,11,6089436,6611557,10389131264,38375301120
2025-05-14 07:09:53,36.893,3.838,0,0,49.90,30555.73,31731.85,11,6089637,6611758,10389131264,38375301120
2025-05-14 07:09:53,36.946,3.819,0,0,69.90,30555.73,31731.85,11,6089838,6611959,10389131264,38375301120
2025-05-14 07:09:53,36.930,3.853,0,0,69.90,30555.73,31731.85,11,6090039,6612160,10389131264,38375301120
2025-05-14 07:09:53,36.578,3.813,0,0,49.90,30555.73,31731.85,11,6090240,6612361,10389131264,38375301120
2025-05-14 07:09:54,37.635,3.851,0,0,69.90,30555.73,31731.85,11,6090441,6612562,10389131264,38375301120
2025-05-14 07:09:54,37.237,3.855,0,0,59.90,30555.73,31731.85,11,6090642,6612763,10389131264,38375301120
2025-05-14 07:09:54,37.374,3.925,0,0,69.90,30555.73,31731.85,11,6090843,6612964,10389131264,38375301120
2025-05-14 07:09:54,37.051,3.895,0,0,59.90,30555.73,31731.85,11,6091043,6613164,10389131264,38375301120
2025-05-14 07:09:54,37.545,3.866,0,0,79.90,30555.73,31731.85,11,6091244,6613365,10389131264,38375301120
2025-05-14 07:09:55,37.033,3.847,0,0,49.90,30555.73,31731.85,11,6091445,6613566,10389131264,38375301120
2025-05-14 07:09:55,36.924,3.793,0,0,59.90,30555.73,31731.85,11,6091646,6613767,10389131264,38375301120
2025-05-14 07:09:55,36.795,3.815,0,0,69.90,30555.73,31731.85,11,6091847,6613968,10389131264,38375301120
2025-05-14 07:09:55,37.121,3.881,0,0,39.90,30555.73,31731.85,11,6092048,6614169,10389131264,38375301120
2025-05-14 07:09:55,37.310,3.777,0,0,69.90,30555.73,31731.85,11,6092249,6614370,10389131264,38375301120
2025-05-14 07:09:56,36.534,3.799,0,0,69.90,30555.73,31731.85,11,6092450,6614571,10389131264,38375301120
2025-05-14 07:09:56,36.851,3.800,0,0,69.90,30555.73,31731.85,11,6092650,6614771,10389131264,38375301120
2025-05-14 07:09:56,36.910,3.841,0,0,49.90,30555.73,31731.85,11,6092851,6614972,10389131264,38375301120
2025-05-14 07:09:56,36.454,3.859,0,0,59.90,30555.73,31731.85,11,6093051,6615172,10389131264,38375301120
2025-05-14 07:09:56,36.723,3.829,0,0,59.90,30555.73,31731.85,11,6093252,6615373,10389131264,38375301120
2025-05-14 07:09:57,36.710,3.798,0,0,69.90,30555.73,31731.85,11,6093453,6615574,10389131264,38375301120
2025-05-14 07:09:57,36.919,3.813,0,0,69.90,30555.73,31731.85,11,6093654,6615775,10389131264,38375301120
2025-05-14 07:09:57,37.320,3.794,0,12288,59.90,30555.73,31731.85,12,6093861,6615985,10389131264,38375313408
2025-05-14 07:09:57,37.270,3.833,0,0,59.90,30555.73,31731.85,12,6094062,6616186,10389131264,38375313408
2025-05-14 07:09:57,36.740,3.783,0,0,59.90,30555.73,31731.85,12,6094263,6616387,10389131264,38375313408
2025-05-14 07:09:58,37.281,3.843,0,0,59.90,30555.73,31731.85,12,6094464,6616588,10389131264,38375313408
2025-05-14 07:09:58,36.686,3.844,0,0,59.90,30555.73,31731.85,12,6094665,6616789,10389131264,38375313408
2025-05-14 07:09:58,36.943,3.804,0,0,49.90,30555.73,31731.85,12,6094866,6616990,10389131264,38375313408
2025-05-14 07:09:58,36.817,3.855,0,0,59.90,30555.73,31731.85,12,6095065,6617189,10389131264,38375313408
2025-05-14 07:09:58,36.968,3.865,0,45056,39.90,30555.73,31731.85,12,6095268,6617393,10389131264,38375358464
2025-05-14 07:09:59,36.957,3.782,0,0,69.90,30555.73,31731.85,12,6095469,6617594,10389131264,38375358464
2025-05-14 07:09:59,36.990,3.847,0,0,49.90,30555.73,31731.85,12,6095670,6617795,10389131264,38375358464
2025-05-14 07:09:59,37.183,3.857,0,0,69.90,30555.73,31731.85,12,6095871,6617996,10389131264,38375358464
2025-05-14 07:09:59,37.148,3.889,0,0,69.90,30555.73,31731.85,12,6096072,6618197,10389131264,38375358464
2025-05-14 07:09:59,36.591,3.896,0,0,59.90,30555.73,31731.85,12,6096273,6618398,10389131264,38375358464
2025-05-14 07:10:00,37.287,3.865,0,0,69.90,30555.73,31731.85,12,6096478,6618603,10389131264,38375358464
2025-05-14 07:10:00,36.740,3.791,0,0,59.90,30555.73,31731.85,12,6096684,6618811,10389131264,38375428096
2025-05-14 07:10:00,36.270,3.829,0,69632,79.90,30555.73,31731.85,12,6096885,6619012,10389131264,38375428096
2025-05-14 07:10:00,39.739,3.900,0,0,39.90,30555.73,31731.85,12,6097085,6619212,10389131264,38375428096
2025-05-14 07:10:00,42.305,3.893,0,0,49.90,30555.73,31731.85,12,6097289,6619416,10389131264,38375428096
2025-05-14 07:10:01,41.359,3.998,0,0,49.90,30555.73,31731.85,12,6097490,6619617,10389131264,38375428096
2025-05-14 07:10:01,39.608,3.711,0,0,89.90,30555.73,31747.86,17,6097949,6620206,10389131264,38377590784
2025-05-14 07:10:01,40.869,3.988,0,2174976,59.90,30555.73,31747.86,17,6098159,6620419,10389131264,38377603072
2025-05-14 07:10:01,41.807,3.957,0,0,49.90,30555.73,31747.86,17,6098360,6620620,10389131264,38377603072
2025-05-14 07:10:01,40.123,3.797,0,0,49.90,30555.73,31747.86,17,6098561,6620821,10389131264,38377603072
2025-05-14 07:10:02,39.900,3.789,0,0,39.90,30555.73,31747.86,17,6098763,6621023,10389131264,38377603072
2025-05-14 07:10:02,39.675,3.680,0,0,39.90,30555.73,31747.86,17,6098964,6621224,10389131264,38377603072
2025-05-14 07:10:02,39.998,3.710,0,0,49.90,30555.73,31747.86,17,6099165,6621425,10389131264,38377603072
2025-05-14 07:10:02,39.797,3.752,0,0,39.90,30555.73,31747.86,17,6099365,6621625,10389131264,38377603072
2025-05-14 07:10:02,40.502,3.728,0,0,39.90,30555.73,31747.86,17,6099566,6621826,10389131264,38377603072
2025-05-14 07:10:03,40.054,3.681,0,0,39.90,30555.73,31747.86,17,6099767,6622027,10389131264,38377603072
2025-05-14 07:10:03,40.181,3.717,0,65536,49.90,30555.73,31747.86,17,6099970,6622231,10389131264,38377668608
2025-05-14 07:10:03,39.961,3.772,0,0,59.90,30555.73,31747.86,17,6100172,6622433,10389131264,38377668608
2025-05-14 07:10:03,40.363,3.762,0,0,59.90,30555.73,31747.86,17,6100373,6622634,10389131264,38377668608
2025-05-14 07:10:03,39.962,3.770,0,0,49.90,30555.73,31747.86,17,6100574,6622835,10389131264,38377668608
2025-05-14 07:10:04,40.303,3.808,0,0,49.90,30555.73,31747.86,17,6100775,6623036,10389131264,38377668608
2025-05-14 07:10:04,39.903,3.755,0,0,59.90,30555.73,31747.86,17,6100976,6623237,10389131264,38377668608
2025-05-14 07:10:04,40.458,3.841,0,0,79.90,30555.73,31747.86,17,6101175,6623436,10389131264,38377668608
2025-05-14 07:10:04,40.084,3.830,0,0,59.90,30555.73,31747.86,17,6101375,6623636,10389131264,38377668608
2025-05-14 07:10:04,40.268,3.793,0,0,59.90,30555.73,31747.86,17,6101577,6623838,10389131264,38377668608
2025-05-14 07:10:05,39.857,3.762,0,0,49.90,30555.73,31747.86,17,6101778,6624039,10389131264,38377668608
2025-05-14 07:10:05,40.356,3.734,0,0,50.00,30555.73,31747.86,17,6101979,6624240,10389131264,38377668608
2025-05-14 07:10:05,40.285,3.789,0,0,109.80,30555.73,31747.86,17,6102196,6624470,10389131264,38378803200
2025-05-14 07:10:05,41.001,3.913,0,1380352,39.90,30555.73,31747.86,17,6102402,6624679,10389131264,38379048960
2025-05-14 07:10:06,40.090,3.763,0,0,49.90,30555.73,31747.86,17,6102603,6624880,10389131264,38379048960
2025-05-14 07:10:06,39.851,3.822,0,0,59.90,30555.73,31747.86,17,6102804,6625081,10389131264,38379048960
2025-05-14 07:10:06,40.271,3.830,0,0,59.90,30555.73,31747.86,17,6103005,6625282,10389131264,38379048960
2025-05-14 07:10:06,39.815,3.771,0,4096,49.90,30555.73,31747.86,17,6103208,6625486,10389131264,38379053056
2025-05-14 07:10:06,40.318,3.821,0,0,39.90,30555.73,31747.86,17,6103409,6625687,10389131264,38379053056
2025-05-14 07:10:07,39.886,3.782,0,0,39.90,30555.73,31747.86,17,6103610,6625888,10389131264,38379053056
2025-05-14 07:10:07,39.922,3.773,0,0,49.90,30555.73,31747.86,17,6103811,6626089,10389131264,38379053056
2025-05-14 07:10:07,39.881,3.756,0,0,49.90,30555.73,31747.86,17,6104013,6626291,10389131264,38379053056
2025-05-14 07:10:07,39.934,3.777,0,0,59.90,30555.73,31747.86,17,6104214,6626492,10389131264,38379053056
2025-05-14 07:10:07,39.892,3.796,0,0,49.90,30555.73,31747.86,17,6104415,6626693,10389131264,38379053056
2025-05-14 07:10:08,39.926,3.723,0,0,49.90,30555.73,31747.86,17,6104616,6626894,10389131264,38379053056
2025-05-14 07:10:08,39.808,3.805,0,0,49.90,30555.73,31747.86,17,6104817,6627095,10389131264,38379053056
2025-05-14 07:10:08,40.031,3.784,0,0,49.90,30555.73,31747.86,17,6105018,6627296,10389131264,38379053056
2025-05-14 07:10:08,39.994,3.818,0,0,59.90,30555.73,31747.86,17,6105218,6627496,10389131264,38379053056
2025-05-14 07:10:08,40.261,3.760,0,0,49.90,30555.73,31747.86,17,6105419,6627697,10389131264,38379053056
2025-05-14 07:10:09,39.739,3.810,0,0,49.90,30555.73,31747.86,17,6105620,6627898,10389131264,38379053056
2025-05-14 07:10:09,40.060,3.796,0,0,49.90,30555.73,31747.86,17,6105821,6628099,10389131264,38379053056
2025-05-14 07:10:09,39.917,3.815,0,0,49.90,30555.73,31747.86,17,6106023,6628301,10389131264,38379053056
2025-05-14 07:10:09,40.111,3.791,0,0,49.90,30555.73,31747.86,17,6106224,6628502,10389131264,38379053056
2025-05-14 07:10:09,41.150,3.867,0,0,59.90,30555.73,31747.86,17,6106425,6628703,10389131264,38379053056
2025-05-14 07:10:10,39.998,3.796,0,0,39.90,30555.73,31747.86,17,6106626,6628904,10389131264,38379053056
2025-05-14 07:10:10,39.771,3.811,0,0,79.90,30555.73,31747.86,17,6106830,6629108,10389131264,38379053056
2025-05-14 07:10:10,36.854,3.909,0,0,59.90,30555.73,31747.86,17,6107031,6629309,10389131264,38379053056
2025-05-14 07:10:10,36.105,3.806,0,0,69.90,30555.73,31747.86,17,6107231,6629509,10389131264,38379053056
2025-05-14 07:10:10,38.459,3.886,0,0,39.90,30555.73,31747.86,17,6107432,6629710,10389131264,38379053056
2025-05-14 07:10:11,39.796,3.782,0,0,39.90,30555.73,31747.86,17,6107633,6629911,10389131264,38379053056
2025-05-14 07:10:11,39.784,3.744,0,0,39.90,30555.73,31747.86,17,6107835,6630113,10389131264,38379053056
2025-05-14 07:10:11,40.177,3.815,0,0,59.90,30555.73,31747.86,17,6108036,6630314,10389131264,38379053056
2025-05-14 07:10:11,39.601,3.779,0,12288,59.90,30555.73,31747.86,17,6108245,6630526,10389131264,38379065344
2025-05-14 07:10:11,40.301,3.874,0,0,59.90,30555.73,31747.86,17,6108446,6630727,10389131264,38379065344
2025-05-14 07:10:12,39.633,3.802,0,0,49.90,30555.73,31747.86,17,6108647,6630928,10389131264,38379065344
2025-05-14 07:10:12,39.832,3.762,0,0,49.90,30555.73,31747.86,17,6108847,6631128,10389131264,38379065344
2025-05-14 07:10:12,39.722,3.850,0,0,39.90,30555.73,31747.86,17,6109048,6631329,10389131264,38379065344
2025-05-14 07:10:12,39.860,3.777,0,0,49.90,30555.73,31747.86,17,6109248,6631529,10389131264,38379065344
2025-05-14 07:10:12,39.726,3.805,0,0,39.90,30555.73,31747.86,17,6109450,6631731,10389131264,38379065344
2025-05-14 07:10:13,40.197,3.770,0,0,39.90,30555.73,31747.86,17,6109651,6631932,10389131264,38379065344
2025-05-14 07:10:13,39.978,3.715,0,0,39.90,30555.73,31747.86,17,6109852,6632133,10389131264,38379065344
2025-05-14 07:10:13,40.016,3.747,0,0,59.90,30555.73,31747.86,17,6110053,6632334,10389131264,38379065344
2025-05-14 07:10:13,39.486,3.823,0,0,49.90,30555.73,31747.86,17,6110254,6632535,10389131264,38379065344
2025-05-14 07:10:13,39.847,3.822,0,0,59.90,30555.73,31747.86,17,6110457,6632739,10389131264,38379069440
2025-05-14 07:10:14,39.698,3.787,0,4096,49.90,30555.73,31747.86,17,6110658,6632940,10389131264,38379069440
2025-05-14 07:10:14,40.010,3.761,0,0,59.90,30555.73,31747.86,17,6110859,6633141,10389131264,38379069440
2025-05-14 07:10:14,39.735,3.753,0,0,59.90,30555.73,31747.86,17,6111061,6633343,10389131264,38379069440
2025-05-14 07:10:14,40.161,3.808,0,0,39.90,30555.73,31747.86,17,6111261,6633543,10389131264,38379069440
2025-05-14 07:10:14,39.890,3.849,0,0,49.90,30555.73,31747.86,17,6111462,6633744,10389131264,38379069440
2025-05-14 07:10:15,40.066,3.806,0,0,39.90,30555.73,31747.86,17,6111662,6633944,10389131264,38379069440
2025-05-14 07:10:15,39.704,3.761,0,0,39.90,30555.73,31747.86,17,6111863,6634145,10389131264,38379069440
2025-05-14 07:10:15,39.876,3.764,0,0,39.90,30555.73,31747.86,17,6112065,6634347,10389131264,38379069440
2025-05-14 07:10:15,39.686,3.734,0,0,40.00,30555.73,31747.86,17,6112266,6634548,10389131264,38379069440
2025-05-14 07:10:15,39.927,3.747,0,0,40.00,30555.73,31747.86,17,6112467,6634749,10389131264,38379069440
2025-05-14 07:10:16,39.633,3.759,0,0,39.90,30555.73,31747.86,17,6112668,6634950,10389131264,38379069440
2025-05-14 07:10:16,39.922,3.731,0,0,49.90,30555.73,31747.86,17,6112869,6635151,10389131264,38379069440
2025-05-14 07:10:16,40.027,3.760,0,0,39.90,30555.73,31747.86,17,6113070,6635352,10389131264,38379069440
2025-05-14 07:10:16,39.839,3.746,0,0,39.90,30555.75,31747.86,16,6113270,6635552,10389131264,38379069440
2025-05-14 07:10:16,39.590,3.774,0,12288,39.90,30555.75,31747.86,16,6113479,6635764,10389131264,38379081728
2025-05-14 07:10:17,40.169,3.745,0,0,59.90,30555.75,31747.86,16,6113680,6635965,10389131264,38379081728
2025-05-14 07:10:17,40.080,3.729,0,0,59.90,30555.75,31747.86,16,6113882,6636167,10389131264,38379081728
2025-05-14 07:10:17,40.333,3.812,0,0,49.90,30555.75,31747.86,16,6114083,6636368,10389131264,38379081728
2025-05-14 07:10:17,39.606,3.763,0,0,49.90,30555.75,31747.86,16,6114284,6636569,10389131264,38379081728
2025-05-14 07:10:17,39.740,3.761,0,0,39.90,30555.75,31747.86,16,6114485,6636770,10389131264,38379081728
2025-05-14 07:10:18,39.530,3.725,0,0,39.90,30555.75,31747.86,16,6114686,6636971,10389131264,38379081728
2025-05-14 07:10:18,39.875,3.744,0,0,39.90,30555.75,31747.86,16,6114887,6637172,10389131264,38379081728
2025-05-14 07:10:18,39.932,3.781,0,0,39.90,30555.75,31747.86,16,6115088,6637373,10389131264,38379081728
2025-05-14 07:10:18,40.030,3.756,0,0,59.90,30555.75,31747.86,16,6115288,6637573,10389131264,38379081728
2025-05-14 07:10:18,39.793,3.785,0,0,49.90,30555.75,31747.86,16,6115490,6637775,10389131264,38379081728
2025-05-14 07:10:19,39.874,3.764,0,0,50.00,30555.75,31747.86,16,6115691,6637976,10389131264,38379081728
2025-05-14 07:10:19,39.878,3.767,0,0,49.90,30555.75,31747.86,16,6115892,6638177,10389131264,38379081728
2025-05-14 07:10:19,39.929,3.793,0,0,49.90,30555.75,31747.86,16,6116093,6638378,10389131264,38379081728
2025-05-14 07:10:19,39.732,3.812,0,0,49.90,30555.75,31747.86,16,6116294,6638579,10389131264,38379081728
2025-05-14 07:10:19,39.937,3.819,0,0,39.90,30555.75,31747.86,16,6116495,6638780,10389131264,38379081728
2025-05-14 07:10:20,39.752,3.756,0,0,39.90,30555.75,31747.86,16,6116696,6638981,10389131264,38379081728
2025-05-14 07:10:20,39.949,3.753,0,0,39.90,30555.75,31747.86,16,6116898,6639183,10389131264,38379081728
2025-05-14 07:10:20,39.739,3.796,0,0,39.90,30555.75,31747.86,16,6117103,6639388,10389131264,38379081728
2025-05-14 07:10:20,39.965,3.779,0,0,49.90,30555.75,31747.86,16,6117303,6639588,10389131264,38379081728
2025-05-14 07:10:20,39.885,3.739,0,0,49.90,30555.75,31747.86,16,6117504,6639789,10389131264,38379081728
2025-05-14 07:10:21,40.625,3.806,0,0,39.90,30555.75,31747.86,16,6117705,6639990,10389131264,38379081728
2025-05-14 07:10:21,40.431,3.804,0,0,59.90,30555.75,31747.86,16,6117906,6640191,10389131264,38379081728
2025-05-14 07:10:21,39.683,3.799,0,0,59.90,30555.75,31747.86,16,6118107,6640392,10389131264,38379081728
2025-05-14 07:10:21,40.029,3.840,0,0,59.90,30555.75,31747.86,16,6118309,6640594,10389131264,38379081728
2025-05-14 07:10:21,40.269,3.950,0,0,49.90,30555.75,31747.86,16,6118510,6640795,10389131264,38379081728
2025-05-14 07:10:22,39.625,3.780,0,0,59.90,30555.75,31747.86,16,6118711,6640996,10389131264,38379081728
2025-05-14 07:10:22,39.419,3.720,0,0,49.90,30555.75,31747.86,16,6118912,6641197,10389131264,38379081728
2025-05-14 07:10:22,39.922,3.781,0,0,59.90,30555.75,31747.86,16,6119113,6641398,10389131264,38379081728
2025-05-14 07:10:22,39.553,3.786,0,0,39.90,30555.75,31747.86,16,6119313,6641598,10389131264,38379081728
2025-05-14 07:10:22,39.803,3.756,0,0,39.90,30555.75,31747.86,16,6119514,6641799,10389131264,38379081728
2025-05-14 07:10:23,39.352,3.724,0,0,39.90,30555.75,31747.86,16,6119715,6642000,10389131264,38379081728
2025-05-14 07:10:23,39.748,3.793,0,0,49.90,30555.75,31747.86,16,6119917,6642202,10389131264,38379081728
2025-05-14 07:10:23,39.349,3.814,0,0,39.90,30555.75,31747.86,16,6120118,6642403,10389131264,38379081728
2025-05-14 07:10:23,40.056,3.756,0,0,50.00,30555.75,31747.86,16,6120319,6642604,10389131264,38379081728
2025-05-14 07:10:23,39.754,3.764,0,0,39.90,30555.75,31747.86,15,6120520,6642805,10389131264,38379081728
2025-05-14 07:10:24,39.751,3.757,0,0,39.90,30555.75,31747.86,15,6120721,6643006,10389131264,38379081728
2025-05-14 07:10:24,39.698,3.759,0,0,39.90,30555.75,31747.86,15,6120922,6643207,10389131264,38379081728
2025-05-14 07:10:24,39.787,3.776,0,0,69.90,30555.75,31747.86,15,6121124,6643409,10389131264,38379081728
2025-05-14 07:10:24,39.820,3.832,0,0,49.90,30555.75,31747.86,15,6121324,6643609,10389131264,38379081728
2025-05-14 07:10:24,39.922,3.804,0,0,59.90,30555.75,31747.86,15,6121525,6643810,10389131264,38379081728
2025-05-14 07:10:25,39.572,3.757,0,0,49.90,30555.75,31747.86,15,6121726,6644011,10389131264,38379081728
2025-05-14 07:10:25,39.697,3.734,0,0,49.90,30555.75,31747.86,15,6121928,6644213,10389131264,38379081728
2025-05-14 07:10:25,39.620,3.703,0,0,49.90,30555.75,31747.86,15,6122129,6644414,10389131264,38379081728
2025-05-14 07:10:25,39.950,3.739,0,0,39.90,30555.75,31747.86,15,6122330,6644615,10389131264,38379081728
2025-05-14 07:10:25,39.783,3.720,0,0,39.90,30555.75,31747.86,15,6122531,6644816,10389131264,38379081728
2025-05-14 07:10:26,39.752,3.731,0,0,39.90,30555.75,31747.86,15,6122733,6645018,10389131264,38379081728
2025-05-14 07:10:26,39.468,3.774,0,0,39.90,30555.75,31747.86,15,6122934,6645219,10389131264,38379081728
2025-05-14 07:10:26,39.768,3.779,0,0,39.90,30555.75,31747.86,15,6123135,6645420,10389131264,38379081728
2025-05-14 07:10:26,39.386,3.753,0,0,39.90,30555.73,31731.85,11,6123335,6645620,10389131264,38379081728
2025-05-14 07:10:26,39.671,3.808,0,0,49.90,30555.73,31731.85,11,6123537,6645822,10389131264,38379081728
2025-05-14 07:10:27,39.342,3.774,0,0,49.90,30555.73,31731.85,11,6123738,6646023,10389131264,38379081728
2025-05-14 07:10:27,39.613,3.790,0,0,49.90,30555.73,31731.85,11,6123939,6646224,10389131264,38379081728
2025-05-14 07:10:27,39.394,3.782,0,0,59.90,30555.73,31731.85,12,6124143,6646429,10389135360,38379098112
2025-05-14 07:10:27,39.852,3.791,4096,16384,59.90,30555.73,31731.85,12,6124344,6646630,10389135360,38379098112
2025-05-14 07:10:27,40.071,3.770,0,0,59.90,30555.73,31731.85,12,6124545,6646831,10389135360,38379098112
2025-05-14 07:10:28,40.292,3.877,0,1724416,49.90,30555.73,31739.85,16,6124842,6647173,10389135360,38380822528
2025-05-14 07:10:28,39.644,3.781,0,0,49.90,30555.73,31739.85,16,6125043,6647374,10389135360,38380822528
2025-05-14 07:10:28,40.013,3.773,0,0,39.90,30555.73,31739.85,16,6125245,6647576,10389135360,38380822528
2025-05-14 07:10:28,39.841,3.753,0,0,59.90,30555.73,31739.85,16,6125445,6647776,10389135360,38380822528
2025-05-14 07:10:28,40.084,3.719,0,0,49.90,30555.73,31739.85,16,6125646,6647977,10389135360,38380822528
2025-05-14 07:10:29,39.712,3.700,0,0,49.90,30555.73,31739.85,16,6125847,6648178,10389135360,38380822528
2025-05-14 07:10:29,40.071,3.743,0,0,39.90,30555.73,31739.85,16,6126048,6648379,10389135360,38380822528
2025-05-14 07:10:29,40.128,3.785,0,0,39.90,30555.73,31739.85,16,6126249,6648580,10389135360,38380822528
2025-05-14 07:10:29,39.670,3.772,0,0,49.90,30555.73,31739.85,16,6126450,6648781,10389135360,38380822528
2025-05-14 07:10:29,40.087,3.761,0,0,49.90,30555.73,31739.85,16,6126651,6648982,10389135360,38380822528
2025-05-14 07:10:30,39.861,3.731,0,0,40.00,30555.73,31739.85,16,6126852,6649184,10389135360,38380822528
2025-05-14 07:10:30,40.208,3.757,0,0,59.90,30555.73,31739.85,16,6127054,6649385,10389135360,38380822528
2025-05-14 07:10:30,39.961,3.791,0,36864,59.90,30555.73,31739.85,16,6127272,6649612,10389135360,38380859392
2025-05-14 07:10:30,40.015,3.796,0,0,49.90,30555.73,31739.85,16,6127472,6649812,10389135360,38380859392
2025-05-14 07:10:30,39.730,3.792,0,0,39.90,30555.73,31739.85,16,6127673,6650013,10389135360,38380859392
2025-05-14 07:10:31,40.129,3.779,0,0,39.90,30555.73,31739.85,16,6127874,6650214,10389135360,38380859392
2025-05-14 07:10:31,39.942,3.753,0,0,49.90,30555.73,31739.85,16,6128075,6650415,10389135360,38380859392
2025-05-14 07:10:31,40.466,3.726,0,0,59.90,30555.73,31739.85,16,6128276,6650616,10389135360,38380859392
2025-05-14 07:10:31,39.757,3.798,0,0,59.90,30555.73,31739.85,16,6128478,6650818,10389135360,38380859392
2025-05-14 07:10:31,40.932,3.993,0,0,39.90,30555.73,31739.85,16,6128679,6651019,10389135360,38380859392
2025-05-14 07:10:32,39.596,3.796,0,0,39.90,30555.73,31739.85,16,6128879,6651219,10389135360,38380859392
2025-05-14 07:10:32,39.831,3.761,0,0,39.90,30555.73,31739.85,16,6129080,6651420,10389135360,38380859392
2025-05-14 07:10:32,39.731,3.813,0,0,39.90,30555.73,31739.85,16,6129281,6651621,10389135360,38380859392
2025-05-14 07:10:32,39.855,3.773,0,0,49.90,30555.73,31739.85,16,6129481,6651821,10389135360,38380859392
2025-05-14 07:10:32,39.496,3.762,0,0,39.90,30555.73,31739.85,16,6129682,6652022,10389135360,38380859392
2025-05-14 07:10:33,40.117,3.715,0,0,39.90,30555.73,31739.85,16,6129891,6652234,10389135360,38380875776
2025-05-14 07:10:33,39.821,3.760,0,40960,39.90,30555.73,31739.85,16,6130097,6652443,10389135360,38380900352
2025-05-14 07:10:33,39.963,3.724,0,0,39.90,30555.73,31739.85,16,6130298,6652644,10389135360,38380900352
2025-05-14 07:10:33,39.692,3.779,0,0,39.90,30555.73,31739.85,16,6130499,6652845,10389135360,38380900352
2025-05-14 07:10:33,40.097,3.827,0,0,39.90,30555.73,31739.85,16,6130700,6653046,10389135360,38380900352
2025-05-14 07:10:34,39.785,3.778,0,0,49.90,30555.73,31739.85,16,6130901,6653247,10389135360,38380900352
2025-05-14 07:10:34,40.094,3.786,0,0,49.90,30555.73,31739.85,16,6131103,6653449,10389135360,38380900352
2025-05-14 07:10:34,40.151,3.841,0,0,49.90,30555.73,31739.85,16,6131304,6653650,10389135360,38380900352
2025-05-14 07:10:34,40.120,3.781,0,0,49.90,30555.73,31739.85,16,6131504,6653850,10389135360,38380900352
2025-05-14 07:10:34,39.880,3.827,0,0,49.90,30555.73,31739.85,16,6131705,6654051,10389135360,38380900352
2025-05-14 07:10:35,39.962,3.769,0,0,39.90,30555.73,31739.85,16,6131906,6654252,10389135360,38380900352
2025-05-14 07:10:35,39.799,3.746,0,0,39.90,30555.73,31739.85,16,6132107,6654453,10389135360,38380900352
2025-05-14 07:10:35,40.140,3.790,0,0,59.90,30555.73,31739.85,16,6132308,6654654,10389135360,38380900352
2025-05-14 07:10:35,40.005,3.889,0,20480,39.90,30555.73,31739.85,16,6132513,6654860,10389135360,38380920832
2025-05-14 07:10:35,40.368,3.866,0,0,39.90,30555.73,31739.85,16,6132715,6655062,10389135360,38380920832
2025-05-14 07:10:36,40.062,3.799,0,0,59.90,30555.73,31739.85,16,6132916,6655263,10389135360,38380920832
2025-05-14 07:10:36,39.771,3.852,0,0,50.00,30555.73,31739.85,16,6133117,6655464,10389135360,38380920832
2025-05-14 07:10:36,39.713,3.761,0,0,49.90,30555.73,31739.85,16,6133318,6655665,10389135360,38380920832
2025-05-14 07:10:36,39.765,3.744,0,0,59.90,30555.73,31739.85,16,6133518,6655865,10389135360,38380920832
2025-05-14 07:10:36,39.936,3.756,0,0,49.90,30555.73,31739.85,16,6133724,6656071,10389135360,38380920832
2025-05-14 07:10:37,39.762,3.706,0,0,39.90,30555.73,31739.85,16,6133925,6656272,10389135360,38380920832
2025-05-14 07:10:37,39.918,3.699,0,0,49.90,30555.73,31739.85,16,6134126,6656473,10389135360,38380920832
2025-05-14 07:10:37,40.090,3.736,0,0,39.90,30555.73,31739.85,16,6134328,6656675,10389135360,38380920832
2025-05-14 07:10:37,39.974,3.756,0,0,49.90,30555.73,31739.85,16,6134529,6656876,10389135360,38380920832
2025-05-14 07:10:37,40.583,3.739,0,0,59.90,30555.73,31739.85,16,6134730,6657077,10389135360,38380920832
2025-05-14 07:10:38,40.197,3.789,0,0,49.90,30555.73,31739.85,16,6134931,6657278,10389135360,38380920832
2025-05-14 07:10:38,39.765,3.799,0,4096,49.90,30555.73,31739.85,16,6135134,6657482,10389135360,38380924928
2025-05-14 07:10:38,40.171,3.753,0,0,59.90,30555.73,31739.85,16,6135335,6657683,10389135360,38380924928
2025-05-14 07:10:38,39.677,3.767,0,0,39.90,30555.73,31739.85,16,6135535,6657884,10389135360,38380924928
2025-05-14 07:10:38,40.111,3.774,0,0,39.90,30555.73,31739.85,16,6135737,6658085,10389135360,38380924928
2025-05-14 07:10:39,39.802,3.781,0,0,39.90,30555.73,31739.85,16,6135938,6658286,10389135360,38380924928
2025-05-14 07:10:39,40.099,3.744,0,0,39.90,30555.73,31739.85,16,6136139,6658487,10389135360,38380924928
2025-05-14 07:10:39,39.798,3.726,0,0,39.90,30555.73,31739.85,16,6136340,6658688,10389135360,38380924928
2025-05-14 07:10:39,40.153,3.785,0,0,39.90,30555.73,31739.85,16,6136541,6658889,10389135360,38380924928
2025-05-14 07:10:39,39.725,3.748,0,0,39.90,30555.73,31739.85,16,6136742,6659090,10389135360,38380924928
2025-05-14 07:10:40,39.926,3.781,0,0,39.90,30555.73,31739.85,16,6136943,6659291,10389135360,38380924928
2025-05-14 07:10:40,39.630,3.779,0,0,39.90,30555.73,31739.85,16,6137144,6659492,10389135360,38380924928
2025-05-14 07:10:40,39.975,3.808,0,0,39.90,30555.73,31739.85,16,6137346,6659694,10389135360,38380924928
2025-05-14 07:10:40,39.809,3.727,0,0,39.90,30555.73,31739.85,16,6137549,6659897,10389135360,38380924928
2025-05-14 07:10:40,40.544,3.784,0,0,39.90,30555.73,31739.85,16,6137750,6660098,10389135360,38380924928
2025-05-14 07:10:41,41.054,3.810,0,0,49.90,30555.73,31739.85,16,6137951,6660299,10389135360,38380924928
2025-05-14 07:10:41,40.227,3.779,0,0,59.90,30555.73,31739.85,16,6138152,6660500,10389135360,38380924928
2025-05-14 07:10:41,40.090,3.768,0,0,39.90,30555.73,31739.85,16,6138353,6660701,10389135360,38380924928
2025-05-14 07:10:41,40.208,3.731,0,0,49.90,30555.73,31739.85,16,6138554,6660902,10389135360,38380924928
2025-05-14 07:10:42,40.412,3.904,0,0,39.90,30555.73,31739.85,16,6138756,6661104,10389135360,38380924928
2025-05-14 07:10:42,39.935,3.747,0,0,39.90,30555.73,31739.85,16,6138957,6661305,10389135360,38380924928
2025-05-14 07:10:42,39.761,3.689,0,0,39.90,30555.73,31739.85,16,6139157,6661505,10389135360,38380924928
2025-05-14 07:10:42,40.365,3.751,0,0,40.00,30555.73,31739.85,16,6139357,6661705,10389135360,38380924928
2025-05-14 07:10:42,39.875,3.747,0,0,39.90,30555.73,31739.85,16,6139558,6661906,10389135360,38380924928
2025-05-14 07:10:43,40.283,3.765,0,0,39.90,30555.73,31739.85,16,6139760,6662108,10389135360,38380924928
2025-05-14 07:10:43,40.261,3.856,0,0,59.90,30555.73,31739.85,14,6139969,6662320,10389135360,38380937216
2025-05-14 07:10:43,40.223,3.818,0,12288,89.90,30555.73,31739.85,14,6140170,6662521,10389135360,38380937216
2025-05-14 07:10:43,40.126,3.921,0,0,49.90,30555.73,31739.85,14,6140371,6662722,10389135360,38380937216
2025-05-14 07:10:43,40.334,3.796,0,0,59.90,30555.73,31739.85,14,6140573,6662924,10389135360,38380937216
2025-05-14 07:10:44,39.995,3.787,0,0,49.90,30555.73,31739.85,14,6140774,6663125,10389135360,38380937216
2025-05-14 07:10:44,40.155,3.780,0,0,49.90,30555.73,31739.85,14,6140975,6663326,10389135360,38380937216
2025-05-14 07:10:44,39.808,3.757,0,0,59.90,30555.73,31739.85,14,6141176,6663527,10389135360,38380937216
2025-05-14 07:10:44,40.732,3.807,0,0,59.90,30555.73,31739.85,14,6141377,6663728,10389135360,38380937216
2025-05-14 07:10:44,40.740,3.819,0,0,59.90,30555.73,31739.85,14,6141578,6663929,10389135360,38380937216
2025-05-14 07:10:45,40.335,3.809,0,0,49.90,30555.73,31739.85,14,6141779,6664130,10389135360,38380937216
2025-05-14 07:10:45,39.891,3.769,0,0,59.90,30555.73,31739.85,14,6141980,6664331,10389135360,38380937216
2025-05-14 07:10:45,39.656,3.791,0,0,39.90,30555.73,31739.85,14,6142182,6664533,10389135360,38380937216
2025-05-14 07:10:45,40.240,3.751,0,0,49.90,30555.73,31739.85,14,6142383,6664734,10389135360,38380937216
2025-05-14 07:10:45,39.813,3.761,0,0,49.90,30555.73,31739.85,14,6142584,6664935,10389135360,38380937216
2025-05-14 07:10:46,40.037,3.793,0,0,49.90,30555.73,31739.85,14,6142785,6665136,10389135360,38380937216
2025-05-14 07:10:46,39.675,3.790,0,0,49.90,30555.73,31739.85,14,6142986,6665337,10389135360,38380937216
2025-05-14 07:10:46,39.949,3.804,0,0,59.90,30555.73,31739.85,14,6143187,6665538,10389135360,38380937216
2025-05-14 07:10:46,39.879,3.750,0,0,49.90,30555.73,31739.85,14,6143388,6665739,10389135360,38380937216
2025-05-14 07:10:46,40.158,3.770,0,0,49.90,30555.73,31739.85,14,6143589,6665940,10389135360,38380937216
2025-05-14 07:10:47,39.617,3.730,0,0,49.90,30555.73,31739.85,14,6143790,6666141,10389135360,38380937216
2025-05-14 07:10:47,40.074,3.814,0,0,49.90,30555.73,31739.85,14,6143991,6666342,10389135360,38380937216
2025-05-14 07:10:47,39.799,3.800,0,0,49.90,30555.73,31739.85,14,6144192,6666543,10389135360,38380937216
2025-05-14 07:10:47,40.124,3.771,0,0,49.90,30555.73,31739.85,14,6144393,6666744,10389135360,38380937216
2025-05-14 07:10:47,39.888,3.779,0,0,49.90,30555.73,31739.85,14,6144594,6666945,10389135360,38380937216
2025-05-14 07:10:48,40.006,3.757,0,0,49.90,30555.73,31739.85,14,6144796,6667147,10389135360,38380937216
2025-05-14 07:10:48,39.817,3.771,0,0,59.90,30555.73,31739.85,14,6144997,6667348,10389135360,38380937216
2025-05-14 07:10:48,39.886,3.771,0,0,39.90,30555.73,31739.85,14,6145198,6667549,10389135360,38380937216
2025-05-14 07:10:48,39.665,3.788,0,0,39.90,30555.73,31739.85,14,6145398,6667749,10389135360,38380937216
2025-05-14 07:10:48,40.353,3.784,0,0,39.90,30555.73,31739.85,14,6145599,6667950,10389135360,38380937216
2025-05-14 07:10:49,39.733,3.784,0,0,30.00,30555.73,31739.85,14,6145800,6668151,10389135360,38380937216
2025-05-14 07:10:49,40.097,3.805,0,0,39.90,30555.73,31739.85,14,6146002,6668353,10389135360,38380937216
2025-05-14 07:10:49,39.753,3.791,0,0,39.90,30555.73,31739.85,14,6146203,6668554,10389135360,38380937216
2025-05-14 07:10:49,40.308,3.776,0,0,49.90,30555.73,31739.85,14,6146404,6668755,10389135360,38380937216
2025-05-14 07:10:49,41.243,3.841,0,0,49.90,30555.73,31739.85,14,6146605,6668956,10389135360,38380937216
2025-05-14 07:10:50,40.057,3.709,0,0,59.90,30555.73,31739.85,14,6146806,6669157,10389135360,38380937216
2025-05-14 07:10:50,39.785,3.746,0,0,49.90,30555.73,31739.85,14,6147007,6669358,10389135360,38380937216
2025-05-14 07:10:50,40.103,3.765,0,0,49.90,30555.73,31739.85,14,6147208,6669559,10389135360,38380937216
2025-05-14 07:10:50,40.015,3.730,0,0,49.90,30555.73,31739.85,14,6147409,6669760,10389135360,38380937216
2025-05-14 07:10:50,40.361,3.784,0,0,49.90,30555.73,31739.85,14,6147610,6669961,10389135360,38380937216
2025-05-14 07:10:51,40.047,3.790,0,0,49.90,30555.73,31739.85,14,6147815,6670166,10389135360,38380937216
2025-05-14 07:10:51,40.048,3.760,0,0,59.90,30555.73,31739.85,14,6148016,6670367,10389135360,38380937216
2025-05-14 07:10:51,39.941,3.778,0,0,39.90,30555.73,31739.85,14,6148217,6670568,10389135360,38380937216
2025-05-14 07:10:51,39.994,3.774,0,0,49.90,30555.73,31739.85,14,6148418,6670769,10389135360,38380937216
2025-05-14 07:10:51,40.161,3.766,0,0,39.90,30555.73,31739.85,14,6148619,6670970,10389135360,38380937216
2025-05-14 07:10:52,39.906,3.846,0,0,39.90,30555.73,31739.85,14,6148821,6671172,10389135360,38380937216
2025-05-14 07:10:52,40.066,3.751,0,0,39.90,30555.73,31739.85,14,6149022,6671373,10389135360,38380937216
2025-05-14 07:10:52,39.788,3.791,0,0,40.00,30555.73,31739.85,14,6149223,6671574,10389135360,38380937216
2025-05-14 07:10:52,40.114,3.787,0,0,39.90,30555.73,31739.85,14,6149423,6671774,10389135360,38380937216
2025-05-14 07:10:52,39.936,3.838,0,0,49.90,30555.73,31739.85,14,6149624,6671975,10389135360,38380937216
2025-05-14 07:10:53,40.187,3.812,0,0,59.90,30555.73,31739.85,14,6149825,6672176,10389135360,38380937216
2025-05-14 07:10:53,39.718,3.787,0,0,49.90,30555.71,31731.85,11,6150026,6672377,10389135360,38380937216
2025-05-14 07:10:53,39.934,3.817,0,0,59.90,30555.71,31731.85,11,6150227,6672578,10389135360,38380937216
2025-05-14 07:10:53,39.941,3.771,0,0,49.90,30555.71,31731.85,11,6150429,6672780,10389135360,38380937216
2025-05-14 07:10:53,40.680,3.746,0,0,49.90,30555.71,31731.85,11,6150630,6672981,10389135360,38380937216
2025-05-14 07:10:54,39.901,3.751,0,0,49.90,30555.71,31731.85,11,6150831,6673182,10389135360,38380937216
2025-05-14 07:10:54,40.258,3.794,0,0,59.90,30555.71,31731.85,11,6151032,6673383,10389135360,38380937216
2025-05-14 07:10:54,39.941,3.825,0,0,69.90,30555.71,31731.85,11,6151232,6673583,10389135360,38380937216
2025-05-14 07:10:54,40.264,3.878,0,0,49.90,30555.71,31731.85,11,6151432,6673783,10389135360,38380937216
2025-05-14 07:10:54,40.275,3.842,0,0,59.90,30555.71,31731.85,11,6151634,6673985,10389135360,38380937216
2025-05-14 07:10:55,40.359,3.863,0,0,39.90,30555.71,31731.85,11,6151835,6674186,10389135360,38380937216
2025-05-14 07:10:55,39.662,3.760,0,0,39.90,30555.71,31731.85,11,6152036,6674387,10389135360,38380937216
2025-05-14 07:10:55,40.277,3.831,0,0,49.90,30555.71,31731.85,11,6152237,6674588,10389135360,38380937216
2025-05-14 07:10:55,39.733,3.823,0,0,49.90,30555.71,31731.85,11,6152438,6674789,10389135360,38380937216
2025-05-14 07:10:55,40.385,3.839,0,0,49.90,30555.71,31731.85,11,6152639,6674990,10389135360,38380937216
2025-05-14 07:10:56,39.673,3.821,0,0,39.90,30555.71,31731.85,11,6152840,6675191,10389135360,38380937216
2025-05-14 07:10:56,40.053,3.812,0,0,49.90,30555.71,31731.85,11,6153041,6675392,10389135360,38380937216
2025-05-14 07:10:56,40.128,3.815,0,0,49.90,30555.71,31731.85,11,6153242,6675593,10389135360,38380937216
2025-05-14 07:10:56,39.986,3.847,0,0,49.90,30555.71,31731.85,11,6153442,6675793,10389135360,38380937216
2025-05-14 07:10:56,39.984,3.861,0,0,59.90,30555.71,31731.85,11,6153643,6675994,10389135360,38380937216
2025-05-14 07:10:57,40.076,3.820,0,0,59.90,30555.71,31731.85,11,6153845,6676196,10389135360,38380937216
2025-05-14 07:10:57,39.766,3.753,0,0,49.90,30555.71,31731.85,11,6154046,6676397,10389135360,38380937216
2025-05-14 07:10:57,40.347,3.793,0,0,49.90,30555.71,31731.85,11,6154247,6676598,10389135360,38380937216
2025-05-14 07:10:57,39.779,3.781,0,0,39.90,30555.71,31731.85,11,6154448,6676799,10389135360,38380937216
2025-05-14 07:10:57,40.329,3.811,0,0,39.90,30555.71,31731.85,11,6154649,6677000,10389135360,38380937216
2025-05-14 07:10:58,39.869,3.785,0,0,39.90,30555.71,31731.85,11,6154850,6677201,10389135360,38380937216
2025-05-14 07:10:58,40.178,3.820,0,0,59.90,30555.71,31731.85,11,6155051,6677402,10389135360,38380937216
2025-05-14 07:10:58,40.007,3.777,0,0,49.90,30555.71,31731.85,11,6155252,6677603,10389135360,38380937216
2025-05-14 07:10:58,40.159,3.781,0,0,49.90,30555.71,31731.85,11,6155452,6677803,10389135360,38380937216
2025-05-14 07:10:58,39.876,3.828,0,0,39.90,30555.71,31731.85,11,6155654,6678005,10389135360,38380937216
2025-05-14 07:10:59,40.280,3.787,0,0,39.90,30555.71,31731.85,11,6155855,6678206,10389135360,38380937216
2025-05-14 07:10:59,39.783,3.740,0,0,29.90,30555.71,31731.85,11,6156056,6678407,10389135360,38380937216
2025-05-14 07:10:59,39.997,3.755,0,0,39.90,30555.71,31731.85,11,6156257,6678608,10389135360,38380937216
2025-05-14 07:10:59,39.958,3.781,0,0,39.90,30555.71,31731.85,11,6156458,6678809,10389135360,38380937216
2025-05-14 07:10:59,39.927,3.777,0,0,39.90,30555.71,31731.85,11,6156659,6679010,10389135360,38380937216
2025-05-14 07:11:00,39.954,3.762,0,0,59.90,30555.71,31731.85,11,6156864,6679215,10389135360,38380937216
2025-05-14 07:11:00,40.807,3.899,0,0,39.90,30555.71,31731.85,11,6157065,6679417,10389135360,38380937216
2025-05-14 07:11:00,39.939,3.803,0,0,39.90,30555.71,31731.85,11,6157267,6679618,10389135360,38380937216
2025-05-14 07:11:00,40.312,3.852,0,0,39.90,30555.71,31731.85,11,6157467,6679818,10389135360,38380937216
2025-05-14 07:11:00,42.420,3.980,0,0,30.00,30555.71,31731.85,11,6157668,6680019,10389135360,38380937216
2025-05-14 07:11:01,42.199,3.935,0,0,39.90,30555.71,31731.85,11,6157869,6680220,10389135360,38380937216
2025-05-14 07:11:01,40.307,3.879,0,0,49.90,30555.71,31731.85,11,6158070,6680421,10389135360,38380937216
2025-05-14 07:11:01,40.598,3.872,0,1200128,49.90,30555.71,31731.85,14,6158518,6680922,10389135360,38382137344
2025-05-14 07:11:01,40.678,3.816,0,0,49.90,30555.71,31731.85,14,6158719,6681123,10389135360,38382137344
2025-05-14 07:11:01,40.020,3.797,0,0,49.90,30555.71,31731.85,14,6158921,6681325,10389135360,38382137344
2025-05-14 07:11:02,41.237,3.922,0,0,49.90,30555.71,31731.85,14,6159121,6681525,10389135360,38382137344
2025-05-14 07:11:02,39.069,3.957,0,0,69.90,30555.71,31731.85,14,6159322,6681726,10389135360,38382137344
2025-05-14 07:11:02,36.779,3.873,0,0,69.90,30555.71,31731.85,14,6159523,6681927,10389135360,38382137344
2025-05-14 07:11:02,37.070,3.859,0,0,59.90,30555.71,31731.85,14,6159723,6682127,10389135360,38382137344
2025-05-14 07:11:02,37.523,3.918,0,0,59.90,30555.71,31731.85,14,6159924,6682328,10389135360,38382137344
2025-05-14 07:11:03,37.061,3.903,0,1409024,69.90,30555.71,31739.85,16,6160152,6682576,10389135360,38384005120
2025-05-14 07:11:03,36.923,3.864,0,458752,49.90,30555.71,31739.85,16,6160353,6682777,10389135360,38384005120
2025-05-14 07:11:03,37.141,3.838,0,0,59.90,30555.71,31739.85,16,6160554,6682978,10389135360,38384005120
2025-05-14 07:11:03,36.945,3.853,0,0,59.90,30555.71,31739.85,16,6160755,6683179,10389135360,38384005120
2025-05-14 07:11:03,37.426,3.903,0,0,69.90,30555.71,31739.85,16,6160956,6683380,10389135360,38384005120
2025-05-14 07:11:04,36.816,3.832,0,0,69.90,30555.71,31739.85,16,6161157,6683581,10389135360,38384005120
2025-05-14 07:11:04,36.398,3.825,0,0,69.90,30555.71,31739.85,16,6161358,6683782,10389135360,38384005120
2025-05-14 07:11:04,36.523,3.852,0,0,89.90,30555.71,31739.85,16,6161559,6683983,10389135360,38384005120
2025-05-14 07:11:04,37.741,3.916,0,0,59.90,30555.71,31739.85,16,6161759,6684183,10389135360,38384005120
2025-05-14 07:11:04,37.443,3.908,0,0,69.90,30555.71,31739.85,16,6161961,6684385,10389135360,38384005120
2025-05-14 07:11:05,37.566,3.823,0,0,49.90,30555.71,31739.85,16,6162162,6684586,10389135360,38384005120
2025-05-14 07:11:05,37.901,3.871,0,0,59.90,30555.71,31739.85,16,6162363,6684787,10389135360,38384005120
2025-05-14 07:11:05,37.401,3.874,0,0,69.90,30555.71,31739.85,16,6162564,6684988,10389135360,38384005120
2025-05-14 07:11:05,40.059,4.051,0,0,509.10,30555.71,31739.85,16,6162764,6685188,10389135360,38384005120
2025-05-14 07:11:05,42.154,4.138,0,0,69.90,30555.71,31739.85,16,6162966,6685390,10389135360,38384005120
2025-05-14 07:11:06,36.800,3.835,0,0,59.90,30555.71,31739.85,16,6163167,6685591,10389135360,38384005120
2025-05-14 07:11:06,36.783,3.862,0,0,69.90,30555.71,31739.85,16,6163368,6685792,10389135360,38384005120
2025-05-14 07:11:06,36.930,3.887,0,0,69.90,30555.71,31739.85,16,6163569,6685993,10389135360,38384005120
2025-05-14 07:11:06,37.218,3.848,0,0,59.90,30555.71,31739.85,16,6163769,6686193,10389135360,38384005120
2025-05-14 07:11:06,39.649,3.767,0,0,59.90,30555.71,31739.85,16,6163970,6686394,10389135360,38384005120
2025-05-14 07:11:07,40.201,3.787,0,0,49.90,30555.71,31739.85,16,6164171,6686595,10389135360,38384005120
2025-05-14 07:11:07,39.853,3.750,0,0,39.90,30555.71,31739.85,16,6164371,6686795,10389135360,38384005120
2025-05-14 07:11:07,40.166,3.743,0,0,39.90,30555.71,31739.85,16,6164572,6686996,10389135360,38384005120
2025-05-14 07:11:07,39.878,3.733,0,0,49.90,30555.71,31739.85,16,6164773,6687197,10389135360,38384005120
2025-05-14 07:11:07,40.196,3.838,0,0,49.90,30555.71,31739.85,16,6164974,6687398,10389135360,38384005120
2025-05-14 07:11:08,40.039,3.799,0,0,49.90,30555.71,31739.85,16,6165175,6687599,10389135360,38384005120
2025-05-14 07:11:08,40.397,3.837,0,0,39.90,30555.71,31739.85,16,6165376,6687800,10389135360,38384005120
2025-05-14 07:11:08,40.035,3.742,0,0,49.90,30555.71,31739.85,16,6165577,6688001,10389135360,38384005120
2025-05-14 07:11:08,40.138,3.758,0,0,59.90,30555.71,31739.85,16,6165778,6688202,10389135360,38384005120
2025-05-14 07:11:08,40.202,3.785,0,0,49.90,30555.71,31739.85,16,6165979,6688403,10389135360,38384005120
2025-05-14 07:11:09,40.454,3.781,0,0,39.90,30555.71,31739.85,16,6166180,6688604,10389135360,38384005120
2025-05-14 07:11:09,39.796,3.759,0,0,49.90,30555.71,31739.85,16,6166381,6688805,10389135360,38384005120
2025-05-14 07:11:09,40.361,3.821,0,0,39.90,30555.71,31739.85,16,6166582,6689006,10389135360,38384005120
2025-05-14 07:11:09,39.658,3.769,0,0,59.90,30555.71,31739.85,16,6166783,6689207,10389135360,38384005120
2025-05-14 07:11:09,40.373,3.790,0,0,59.90,30555.71,31739.85,16,6166984,6689408,10389135360,38384005120
2025-05-14 07:11:10,39.950,3.804,0,0,49.90,30555.71,31739.85,16,6167185,6689609,10389135360,38384005120
2025-05-14 07:11:10,40.253,3.787,0,0,49.90,30555.71,31739.85,16,6167389,6689813,10389135360,38384005120
2025-05-14 07:11:10,40.399,3.829,0,0,59.90,30555.71,31739.85,16,6167590,6690014,10389135360,38384005120
2025-05-14 07:11:10,40.259,3.756,0,0,59.90,30555.71,31739.85,16,6167791,6690215,10389135360,38384005120
2025-05-14 07:11:10,40.278,3.824,0,0,49.90,30555.71,31739.85,16,6167992,6690416,10389135360,38384005120
2025-05-14 07:11:11,40.463,3.759,0,0,39.90,30555.71,31739.85,16,6168193,6690617,10389135360,38384005120
2025-05-14 07:11:11,40.185,3.814,0,0,59.90,30555.71,31739.85,16,6168394,6690818,10389135360,38384005120
2025-05-14 07:11:11,40.036,3.791,0,0,49.90,30555.71,31739.85,16,6168595,6691019,10389135360,38384005120
2025-05-14 07:11:11,40.059,3.803,0,0,59.90,30555.71,31739.85,16,6168796,6691220,10389135360,38384005120
2025-05-14 07:11:11,39.859,3.753,0,0,39.90,30555.71,31739.85,16,6168996,6691420,10389135360,38384005120
2025-05-14 07:11:12,39.954,3.743,0,0,49.90,30555.71,31739.85,16,6169196,6691620,10389135360,38384005120
2025-05-14 07:11:12,39.618,3.757,0,0,49.90,30555.71,31739.85,16,6169397,6691821,10389135360,38384005120
2025-05-14 07:11:12,40.014,3.760,0,0,49.90,30555.71,31739.85,16,6169602,6692028,10389135360,38384033792
2025-05-14 07:11:12,40.148,3.743,0,28672,49.90,30555.71,31739.85,16,6169802,6692228,10389135360,38384033792
2025-05-14 07:11:12,40.025,3.762,0,0,39.90,30555.71,31739.85,15,6170003,6692429,10389135360,38384033792
2025-05-14 07:11:13,40.209,3.771,0,0,39.90,30555.72,31739.85,13,6170204,6692630,10389135360,38384033792
2025-05-14 07:11:13,39.961,3.764,0,0,59.90,30555.72,31739.85,13,6170405,6692831,10389135360,38384033792
2025-05-14 07:11:13,39.449,3.776,0,0,49.90,30555.72,31739.85,13,6170606,6693032,10389135360,38384033792
2025-05-14 07:11:13,40.196,3.763,0,0,59.90,30555.72,31739.85,13,6170807,6693233,10389135360,38384033792
2025-05-14 07:11:13,39.831,3.774,0,0,39.90,30555.72,31739.85,13,6171008,6693434,10389135360,38384033792
2025-05-14 07:11:14,40.090,3.756,0,0,49.90,30555.72,31739.85,13,6171209,6693635,10389135360,38384033792
2025-05-14 07:11:14,40.078,3.775,0,0,49.90,30555.72,31739.85,13,6171410,6693836,10389135360,38384033792
2025-05-14 07:11:14,40.064,3.745,0,0,39.90,30555.72,31739.85,13,6171611,6694037,10389135360,38384033792
2025-05-14 07:11:14,40.037,3.763,0,0,59.90,30555.72,31739.85,13,6171811,6694237,10389135360,38384033792
2025-05-14 07:11:14,40.299,3.825,0,0,59.90,30555.72,31739.85,13,6172012,6694438,10389135360,38384033792
2025-05-14 07:11:15,40.222,3.824,0,0,39.90,30555.72,31739.85,13,6172213,6694639,10389135360,38384033792
2025-05-14 07:11:15,40.061,3.721,0,0,59.90,30555.72,31739.85,13,6172414,6694840,10389135360,38384033792
2025-05-14 07:11:15,39.772,3.708,0,0,49.90,30555.72,31739.85,13,6172615,6695041,10389135360,38384033792
2025-05-14 07:11:15,40.247,3.733,0,0,59.90,30555.72,31739.85,13,6172815,6695241,10389135360,38384033792
2025-05-14 07:11:15,40.022,3.783,0,0,59.90,30555.72,31739.85,13,6173017,6695443,10389135360,38384033792
2025-05-14 07:11:16,40.362,3.728,0,0,49.90,30555.72,31739.85,13,6173218,6695644,10389135360,38384033792
2025-05-14 07:11:16,40.044,3.757,0,0,49.90,30555.72,31739.85,13,6173418,6695844,10389135360,38384033792
2025-05-14 07:11:16,39.786,3.748,0,0,39.90,30555.72,31739.85,13,6173619,6696045,10389135360,38384033792
2025-05-14 07:11:16,40.060,3.752,0,0,69.90,30555.72,31739.85,13,6173819,6696245,10389135360,38384033792
2025-05-14 07:11:16,37.660,3.824,0,0,79.90,30555.72,31739.85,13,6174020,6696446,10389135360,38384033792
2025-05-14 07:11:17,36.820,3.814,0,0,59.90,30555.72,31739.85,13,6174221,6696647,10389135360,38384033792
2025-05-14 07:11:17,36.720,3.851,0,0,69.90,30555.72,31739.85,13,6174423,6696849,10389135360,38384033792
2025-05-14 07:11:17,36.554,3.881,0,0,59.90,30555.72,31739.85,13,6174624,6697050,10389135360,38384033792
2025-05-14 07:11:17,37.227,3.829,0,0,79.90,30555.72,31739.85,13,6174825,6697251,10389135360,38384033792
2025-05-14 07:11:18,36.715,3.787,0,0,69.90,30555.72,31739.85,13,6175026,6697452,10389135360,38384033792
2025-05-14 07:11:18,36.895,3.813,0,0,69.90,30555.72,31739.85,13,6175227,6697653,10389135360,38384033792
2025-05-14 07:11:18,36.837,3.884,0,0,69.90,30555.72,31739.85,13,6175428,6697854,10389135360,38384033792
2025-05-14 07:11:18,36.747,3.854,0,0,39.90,30555.72,31739.85,13,6175628,6698054,10389135360,38384033792
2025-05-14 07:11:18,37.168,3.814,0,0,59.90,30555.72,31739.85,13,6175829,6698255,10389135360,38384033792
2025-05-14 07:11:19,37.083,3.912,0,0,59.90,30555.72,31739.85,13,6176031,6698457,10389135360,38384033792
2025-05-14 07:11:19,36.924,3.834,0,131072,69.90,30555.72,31739.85,13,6176230,6698658,10389135360,38384164864
2025-05-14 07:11:19,36.385,3.822,0,0,59.90,30555.72,31739.85,13,6176431,6698859,10389135360,38384164864
2025-05-14 07:11:19,36.901,3.850,0,0,69.90,30555.72,31739.85,13,6176632,6699060,10389135360,38384164864
2025-05-14 07:11:19,36.914,3.849,0,0,69.90,30555.72,31739.85,13,6176833,6699261,10389135360,38384164864
2025-05-14 07:11:20,36.650,3.852,0,0,59.90,30555.72,31739.85,13,6177034,6699462,10389135360,38384164864
2025-05-14 07:11:20,36.752,3.865,0,0,59.90,30555.72,31739.85,13,6177236,6699664,10389135360,38384164864
2025-05-14 07:11:20,36.319,3.824,0,0,69.90,30555.72,31739.85,13,6177437,6699865,10389135360,38384164864
2025-05-14 07:11:20,37.188,3.846,0,0,79.90,30555.72,31739.85,13,6177641,6700069,10389135360,38384164864
2025-05-14 07:11:20,36.088,3.846,0,0,69.90,30555.72,31739.85,13,6177842,6700270,10389135360,38384164864
2025-05-14 07:11:21,36.727,3.892,0,0,69.90,30555.72,31739.85,13,6178043,6700471,10389135360,38384164864
2025-05-14 07:11:21,36.378,3.830,0,0,69.90,30555.72,31739.85,13,6178244,6700672,10389135360,38384164864
2025-05-14 07:11:21,37.846,3.916,0,0,89.90,30555.72,31739.85,13,6178445,6700873,10389135360,38384164864
2025-05-14 07:11:21,36.385,3.867,0,0,69.90,30555.72,31739.85,13,6178646,6701074,10389135360,38384164864
2025-05-14 07:11:21,36.404,3.831,0,0,79.90,30555.72,31739.85,13,6178847,6701275,10389135360,38384164864
2025-05-14 07:11:22,36.296,3.828,0,0,59.90,30555.72,31739.85,13,6179049,6701477,10389135360,38384164864
2025-05-14 07:11:22,37.583,3.920,0,0,79.90,30555.72,31739.85,13,6179250,6701678,10389135360,38384164864
2025-05-14 07:11:22,36.321,3.800,0,0,79.90,30555.72,31739.85,13,6179451,6701879,10389135360,38384164864
2025-05-14 07:11:22,36.119,3.778,0,0,69.90,30555.72,31739.85,13,6179651,6702079,10389135360,38384164864
2025-05-14 07:11:22,36.199,3.806,0,0,69.90,30555.72,31739.85,13,6179852,6702280,10389135360,38384164864
2025-05-14 07:11:23,36.261,3.853,0,0,69.90,30555.72,31739.85,13,6180053,6702481,10389135360,38384164864
2025-05-14 07:11:23,37.249,3.916,0,0,69.90,30555.72,31739.85,13,6180244,6702672,10389135360,38384164864
2025-05-14 07:11:23,36.239,3.862,0,0,79.90,30555.72,31739.85,13,6180445,6702873,10389135360,38384164864
2025-05-14 07:11:23,36.265,3.880,0,0,79.90,30555.72,31739.85,13,6180647,6703075,10389135360,38384164864
2025-05-14 07:11:23,36.742,3.870,0,118784,89.90,30555.72,31739.85,13,6180872,6703309,10389135360,38384283648
2025-05-14 07:11:24,36.929,3.871,0,0,59.90,30555.72,31739.85,13,6181073,6703510,10389135360,38384283648
2025-05-14 07:11:24,36.645,3.881,0,0,69.90,30555.72,31739.85,13,6181277,6703714,10389135360,38384283648
2025-05-14 07:11:24,36.983,3.861,0,0,69.90,30555.72,31739.85,13,6181490,6703934,10389135360,38384312320
2025-05-14 07:11:24,37.142,3.877,0,28672,89.90,30555.72,31739.85,13,6181690,6704134,10389135360,38384312320
2025-05-14 07:11:24,36.439,3.887,0,0,79.90,30555.72,31739.85,13,6181891,6704335,10389135360,38384312320
2025-05-14 07:11:25,37.040,3.923,0,0,89.90,30555.72,31739.85,13,6182093,6704537,10389135360,38384312320
2025-05-14 07:11:25,36.171,3.842,0,0,79.90,30555.72,31739.85,13,6182294,6704738,10389135360,38384312320
2025-05-14 07:11:25,36.028,3.798,0,0,79.90,30555.72,31739.85,13,6182495,6704939,10389135360,38384312320
2025-05-14 07:11:25,36.246,3.833,0,0,59.90,30555.72,31739.85,13,6182696,6705140,10389135360,38384312320
2025-05-14 07:11:25,39.631,3.801,0,0,49.90,30555.72,31739.85,13,6182897,6705341,10389135360,38384312320
2025-05-14 07:11:26,39.753,3.716,0,0,39.90,30555.72,31739.85,13,6183099,6705543,10389135360,38384312320
2025-05-14 07:11:26,40.013,3.794,0,172032,50.00,30555.72,31739.85,13,6183365,6705836,10389135360,38384484352
2025-05-14 07:11:26,39.814,3.772,0,0,59.90,30555.72,31739.85,13,6183566,6706037,10389135360,38384484352
2025-05-14 07:11:26,39.782,3.743,0,0,49.90,30555.72,31739.85,13,6183766,6706237,10389135360,38384484352
2025-05-14 07:11:26,39.754,3.747,0,0,49.90,30555.72,31739.85,13,6183967,6706438,10389135360,38384484352
2025-05-14 07:11:27,40.168,3.791,0,0,49.90,30555.72,31739.85,13,6184167,6706638,10389135360,38384484352
2025-05-14 07:11:27,39.773,3.762,0,0,109.80,30555.72,31739.85,13,6184368,6706839,10389135360,38384484352
2025-05-14 07:11:27,40.674,3.833,0,0,39.90,30555.72,31739.85,13,6184569,6707040,10389135360,38384484352
2025-05-14 07:11:27,39.502,3.759,0,0,49.90,30555.72,31739.85,13,6184770,6707241,10389135360,38384484352
2025-05-14 07:11:27,40.047,3.789,0,0,89.90,30555.72,31739.85,13,6184994,6707473,10389135360,38384603136
2025-05-14 07:11:28,40.304,3.824,0,118784,169.70,30555.72,31859.91,31,6185631,6708270,10389135360,38386036736
2025-05-14 07:11:28,42.172,4.064,0,2551808,159.70,30555.74,31859.91,31,6187023,6710074,10389135360,38388305920
2025-05-14 07:11:28,40.739,3.873,0,1159168,49.90,30555.74,31859.91,31,6187227,6710279,10389135360,38388314112
2025-05-14 07:11:28,40.393,3.786,0,0,39.90,30555.74,31859.91,31,6187427,6710479,10389135360,38388314112
2025-05-14 07:11:28,39.993,3.796,0,0,49.90,30555.74,31859.91,31,6187633,6710687,10389135360,38388326400
2025-05-14 07:11:29,40.100,3.806,0,12288,39.90,30555.74,31859.91,31,6187834,6710888,10389135360,38388326400
2025-05-14 07:11:29,40.078,3.760,0,0,69.90,30555.74,31859.91,31,6188035,6711089,10389135360,38388326400
2025-05-14 07:11:29,39.719,3.757,0,0,60.00,30555.74,31859.91,31,6188245,6711302,10389135360,38388355072
2025-05-14 07:11:29,40.472,3.764,0,28672,59.90,30555.74,31859.91,31,6188446,6711503,10389135360,38388355072
2025-05-14 07:11:29,40.125,3.810,0,0,49.90,30555.74,31859.91,31,6188647,6711704,10389135360,38388355072
2025-05-14 07:11:30,40.582,3.850,0,0,39.90,30555.74,31859.91,31,6188848,6711905,10389135360,38388355072
2025-05-14 07:11:30,39.921,3.776,0,0,39.90,30555.74,31859.91,31,6189067,6712131,10389135360,38388424704
2025-05-14 07:11:30,40.036,3.784,0,69632,49.90,30555.74,31859.91,31,6189268,6712332,10389135360,38388424704
2025-05-14 07:11:30,40.060,3.726,0,0,59.90,30555.74,31859.91,31,6189470,6712534,10389135360,38388424704
2025-05-14 07:11:30,40.399,3.758,0,0,59.90,30555.74,31859.91,31,6189672,6712736,10389135360,38388424704
2025-05-14 07:11:31,39.871,3.718,0,0,69.90,30555.74,31859.91,31,6189873,6712937,10389135360,38388424704
2025-05-14 07:11:31,40.241,3.810,0,0,49.90,30555.74,31859.91,31,6190074,6713138,10389135360,38388424704
2025-05-14 07:11:31,40.319,3.839,0,0,89.80,30555.74,31859.91,31,6190275,6713339,10389135360,38388424704
2025-05-14 07:11:31,41.036,3.831,0,0,39.90,30555.74,31859.91,31,6190476,6713540,10389135360,38388424704
2025-05-14 07:11:31,40.550,3.794,0,0,59.90,30555.74,31859.91,31,6190677,6713741,10389135360,38388424704
2025-05-14 07:11:32,40.745,3.813,0,118784,69.90,30555.74,31859.91,31,6190903,6713975,10389135360,38388543488
2025-05-14 07:11:32,40.272,3.754,0,0,59.90,30555.74,31859.91,31,6191104,6714176,10389135360,38388543488
2025-05-14 07:11:32,39.826,3.781,0,0,39.90,30555.74,31859.91,31,6191305,6714377,10389135360,38388543488
2025-05-14 07:11:32,40.347,3.800,0,0,59.90,30555.74,31859.91,31,6191505,6714577,10389135360,38388543488
2025-05-14 07:11:32,39.811,3.746,0,0,49.90,30555.74,31859.91,31,6191706,6714778,10389135360,38388543488
2025-05-14 07:11:33,40.055,3.768,0,0,49.90,30555.74,31859.91,31,6191911,6714985,10389135360,38388551680
2025-05-14 07:11:33,40.080,3.748,0,8192,49.90,30555.74,31859.91,31,6192112,6715186,10389135360,38388551680
2025-05-14 07:11:33,39.779,3.747,0,0,59.90,30555.74,31859.91,31,6192313,6715387,10389135360,38388551680
2025-05-14 07:11:33,39.953,3.731,0,0,49.90,30555.74,31859.91,31,6192514,6715588,10389135360,38388551680
2025-05-14 07:11:33,40.260,3.756,0,0,59.90,30555.74,31859.91,31,6192715,6715789,10389135360,38388551680
2025-05-14 07:11:34,39.773,3.774,0,0,49.90,30555.74,31859.91,31,6192916,6715990,10389135360,38388551680
2025-05-14 07:11:34,40.099,3.813,0,0,59.90,30555.74,31859.91,31,6193117,6716191,10389135360,38388551680
2025-05-14 07:11:34,39.746,3.723,0,69632,39.90,30555.74,31859.91,31,6193340,6716428,10389135360,38388625408
2025-05-14 07:11:34,40.163,3.851,0,4096,49.90,30555.74,31859.91,31,6193540,6716628,10389135360,38388625408
2025-05-14 07:11:34,40.072,3.832,0,0,59.90,30555.74,31859.91,31,6193741,6716829,10389135360,38388625408
2025-05-14 07:11:35,40.133,3.815,0,0,49.90,30555.74,31859.91,31,6193942,6717030,10389135360,38388625408
2025-05-14 07:11:35,39.763,3.779,0,0,39.90,30555.74,31859.91,31,6194143,6717231,10389135360,38388625408
2025-05-14 07:11:35,39.927,3.824,0,0,39.90,30555.74,31859.91,31,6194344,6717432,10389135360,38388625408
2025-05-14 07:11:35,40.584,3.987,0,0,499.10,30555.74,31859.91,31,6194545,6717633,10389135360,38388625408
2025-05-14 07:11:35,46.883,4.547,0,1974272,59.90,30555.74,31859.91,31,6194768,6717874,10389135360,38390599680
2025-05-14 07:11:36,39.895,3.806,0,0,49.90,30555.74,31859.91,31,6194969,6718075,10389135360,38390599680
2025-05-14 07:11:36,40.483,3.898,0,118784,49.90,30555.74,31859.91,31,6195194,6718308,10389135360,38390718464
2025-05-14 07:11:36,40.318,3.745,0,0,39.90,30555.74,31859.91,31,6195395,6718509,10389135360,38390718464
2025-05-14 07:11:36,39.886,3.764,0,0,39.90,30555.74,31859.91,31,6195595,6718709,10389135360,38390718464
2025-05-14 07:11:36,40.250,3.810,0,0,59.90,30555.74,31859.91,31,6195796,6718910,10389135360,38390718464
2025-05-14 07:11:37,39.816,3.773,0,0,39.90,30555.74,31859.91,31,6195997,6719111,10389135360,38390718464
2025-05-14 07:11:37,40.485,3.779,0,0,49.90,30555.74,31859.91,31,6196198,6719312,10389135360,38390718464
2025-05-14 07:11:37,39.840,3.801,0,0,49.90,30555.74,31859.91,31,6196399,6719513,10389135360,38390718464
2025-05-14 07:11:37,39.823,3.746,0,0,49.90,30555.74,31859.91,31,6196600,6719714,10389135360,38390718464
2025-05-14 07:11:37,41.051,3.924,0,20480,139.80,30555.74,31859.91,31,6196816,6719935,10389135360,38390738944
2025-05-14 07:11:38,42.000,3.936,0,0,39.90,30555.74,31859.91,31,6197018,6720137,10389135360,38390738944
2025-05-14 07:11:38,42.599,3.956,0,0,39.90,30555.74,31859.91,31,6197219,6720338,10389135360,38390738944
2025-05-14 07:11:38,40.280,3.799,0,0,49.90,30555.74,31859.91,31,6197420,6720539,10389135360,38390738944
2025-05-14 07:11:38,42.761,4.117,0,69632,109.80,30555.74,31859.91,31,6197632,6720759,10389135360,38390808576
2025-05-14 07:11:38,46.965,4.659,0,0,59.90,30555.74,31859.91,31,6197834,6720961,10389135360,38390808576
2025-05-14 07:11:39,48.192,4.489,0,0,49.90,30555.74,31859.91,31,6198035,6721162,10389135360,38390808576
2025-05-14 07:11:39,42.996,4.165,0,0,49.90,30555.74,31859.91,31,6198236,6721363,10389135360,38390808576
2025-05-14 07:11:39,41.382,4.022,0,0,79.90,30555.74,31859.91,31,6198447,6721578,10389135360,38390833152
2025-05-14 07:11:39,45.189,4.114,0,24576,50.00,30555.74,31859.91,31,6198648,6721779,10389135360,38390833152
2025-05-14 07:11:39,46.511,4.148,0,0,49.90,30555.74,31859.91,31,6198850,6721981,10389135360,38390833152
2025-05-14 07:11:40,44.362,4.259,0,0,59.90,30555.74,31859.91,31,6199051,6722182,10389135360,38390833152
2025-05-14 07:11:40,42.632,4.079,0,0,79.90,30555.74,31859.91,31,6199252,6722383,10389135360,38390833152
2025-05-14 07:11:40,44.901,4.452,0,0,209.60,30555.74,31859.91,31,6199454,6722585,10389135360,38390833152
2025-05-14 07:11:40,46.784,4.684,0,114688,129.80,30555.74,31859.91,31,6199673,6722816,10389135360,38390947840
2025-05-14 07:11:40,47.083,4.837,0,0,139.80,30555.74,31859.91,31,6199868,6723011,10389135360,38390947840
2025-05-14 07:11:41,45.096,4.789,0,0,129.70,30555.74,31859.91,31,6200070,6723213,10389135360,38390947840
2025-05-14 07:11:41,42.679,5.358,0,0,149.70,30555.74,31859.91,31,6200271,6723414,10389135360,38390947840
2025-05-14 07:11:41,43.801,4.991,0,0,129.80,30555.74,31859.91,31,6200472,6723615,10389135360,38390947840
2025-05-14 07:11:41,43.452,5.817,0,0,219.60,30555.74,31859.91,31,6200673,6723816,10389135360,38390947840
2025-05-14 07:11:41,44.456,4.564,0,73728,209.60,30555.74,31859.91,31,6200895,6724056,10389135360,38391021568
2025-05-14 07:11:42,46.398,4.775,0,0,309.40,30555.74,31859.91,31,6201071,6724232,10389135360,38391021568
2025-05-14 07:11:42,47.795,4.928,0,0,369.30,30555.74,31859.91,31,6201262,6724423,10389135360,38391021568
2025-05-14 07:11:42,47.034,4.948,0,0,259.50,30555.74,31859.91,31,6201451,6724612,10389135360,38391021568
2025-05-14 07:11:42,43.453,4.560,0,0,149.70,30555.74,31859.91,31,6201651,6724812,10389135360,38391021568
2025-05-14 07:11:42,43.067,4.423,0,0,169.70,30555.74,31859.91,31,6201848,6725009,10389135360,38391021568
2025-05-14 07:11:43,45.984,4.811,0,73728,169.70,30555.74,31859.91,31,6202043,6725211,10389135360,38391095296
2025-05-14 07:11:43,49.646,5.012,0,0,169.70,30555.74,31859.91,31,6202218,6725386,10389135360,38391095296
2025-05-14 07:11:43,44.103,4.539,0,0,159.70,30555.74,31859.91,31,6202420,6725588,10389135360,38391095296
2025-05-14 07:11:43,44.591,4.405,0,0,169.70,30555.74,31859.91,31,6202615,6725783,10389135360,38391095296
2025-05-14 07:11:43,47.012,4.505,0,0,159.70,30555.74,31859.91,31,6202808,6725976,10389135360,38391095296
2025-05-14 07:11:44,43.821,4.550,0,0,149.70,30555.74,31859.91,31,6203009,6726178,10389135360,38391095296
2025-05-14 07:11:44,47.624,4.879,0,0,159.70,30555.74,31859.91,31,6203203,6726371,10389135360,38391095296
2025-05-14 07:11:44,44.687,4.337,0,0,229.60,30555.74,31859.91,31,6203413,6726585,10389135360,38391111680
2025-05-14 07:11:44,47.211,4.774,0,16384,259.50,30555.74,31859.91,31,6203599,6726771,10389135360,38391111680
2025-05-14 07:11:44,48.354,4.789,0,0,259.60,30555.74,31859.91,31,6203798,6726970,10389135360,38391111680
2025-05-14 07:11:45,46.742,4.636,0,0,239.60,30555.74,31859.91,31,6204000,6727172,10389135360,38391111680
2025-05-14 07:11:45,47.776,4.932,0,0,329.40,30555.74,31859.91,31,6204203,6727375,10389135360,38391111680
2025-05-14 07:11:45,47.418,4.771,0,0,209.60,30555.74,31859.91,31,6204403,6727575,10389135360,38391111680
2025-05-14 07:11:45,46.616,4.664,0,0,359.30,30555.74,31859.91,31,6204600,6727772,10389135360,38391111680
2025-05-14 07:11:45,49.576,4.869,0,0,159.70,30555.74,31859.91,31,6204786,6727958,10389135360,38391111680
2025-05-14 07:11:46,47.829,4.391,0,65536,249.60,30555.74,31859.91,31,6204984,6728157,10389135360,38391177216
2025-05-14 07:11:46,48.161,4.898,0,0,219.60,30555.74,31859.91,31,6205186,6728359,10389135360,38391177216
2025-05-14 07:11:46,47.753,4.487,4096,8192,229.50,30555.74,31859.91,31,6205388,6728562,10389139456,38391185408
2025-05-14 07:11:46,48.196,4.298,0,0,159.70,30555.74,31859.91,31,6205579,6728753,10389139456,38391185408
2025-05-14 07:11:46,47.150,4.400,0,0,169.70,30555.74,31859.91,31,6205780,6728954,10389139456,38391185408
2025-05-14 07:11:47,45.799,4.474,0,2023424,159.70,30555.74,31859.91,31,6206235,6729565,10389139456,38393217024
2025-05-14 07:11:47,46.519,4.763,0,8192,159.70,30555.74,31859.91,31,6206436,6729767,10389139456,38393217024
2025-05-14 07:11:47,45.202,4.411,0,0,159.70,30555.74,31859.91,31,6206638,6729968,10389139456,38393217024
2025-05-14 07:11:47,44.647,4.277,0,0,149.70,30555.74,31859.91,31,6206839,6730169,10389139456,38393217024
2025-05-14 07:11:47,44.950,4.250,0,0,159.70,30555.74,31859.91,31,6207040,6730370,10389139456,38393217024
2025-05-14 07:11:48,41.953,4.330,0,0,149.70,30555.74,31859.91,31,6207241,6730571,10389139456,38393217024
2025-05-14 07:11:48,44.338,4.171,0,0,149.80,30555.74,31859.91,31,6207442,6730772,10389139456,38393217024
2025-05-14 07:11:48,45.105,4.161,0,0,119.80,30555.74,31859.91,31,6207644,6730974,10389139456,38393217024
2025-05-14 07:11:48,44.763,4.246,0,16384,59.90,30555.74,31859.91,31,6207856,6731190,10389139456,38393233408
2025-05-14 07:11:48,45.141,4.262,0,0,149.70,30555.74,31859.91,31,6208061,6731395,10389139456,38393233408
2025-05-14 07:11:49,44.333,4.454,0,0,39.90,30555.74,31859.91,31,6208262,6731596,10389139456,38393233408
2025-05-14 07:11:49,42.382,4.115,0,0,39.90,30555.74,31859.91,31,6208463,6731797,10389139456,38393233408
2025-05-14 07:11:49,45.643,4.024,0,0,49.90,30555.74,31859.91,31,6208664,6731998,10389139456,38393233408
2025-05-14 07:11:49,45.598,3.980,0,4096,49.90,30555.74,31859.91,31,6208869,6732205,10389139456,38393237504
2025-05-14 07:11:49,46.188,4.050,0,0,49.90,30555.74,31859.91,31,6209071,6732407,10389139456,38393237504
2025-05-14 07:11:50,41.990,3.988,0,0,49.90,30555.74,31859.91,31,6209276,6732612,10389139456,38393237504
2025-05-14 07:11:50,42.875,4.072,0,0,59.90,30555.74,31859.91,31,6209477,6732813,10389139456,38393237504
2025-05-14 07:11:50,42.839,4.001,0,0,39.90,30555.74,31859.91,31,6209678,6733014,10389139456,38393237504
2025-05-14 07:11:50,42.256,3.968,0,0,39.90,30555.74,31859.91,31,6209879,6733215,10389139456,38393237504
2025-05-14 07:11:50,42.359,4.075,0,0,49.90,30555.74,31859.91,31,6210080,6733416,10389139456,38393237504
2025-05-14 07:11:51,43.264,4.096,0,0,49.90,30555.74,31859.91,31,6210281,6733617,10389139456,38393237504
2025-05-14 07:11:51,41.679,3.997,0,0,129.80,30555.74,31859.91,31,6210711,6734104,10389139456,38394490880
2025-05-14 07:11:51,45.080,4.342,0,1261568,39.90,30555.74,31859.91,31,6210916,6734310,10389139456,38394499072
2025-05-14 07:11:51,42.351,4.040,0,0,79.90,30555.74,31859.91,31,6211129,6734527,10389139456,38394552320
2025-05-14 07:11:51,43.167,4.125,0,53248,49.90,30555.74,31859.91,31,6211330,6734728,10389139456,38394552320
2025-05-14 07:11:52,43.266,4.090,0,0,69.90,30555.74,31859.91,31,6211532,6734930,10389139456,38394552320
2025-05-14 07:11:52,42.065,4.092,0,0,79.80,30555.74,31859.91,31,6211733,6735131,10389139456,38394552320
2025-05-14 07:11:52,43.722,4.328,0,0,149.70,30555.74,31859.91,31,6211934,6735332,10389139456,38394552320
2025-05-14 07:11:52,46.769,4.453,0,20480,39.90,30555.74,31859.91,31,6212147,6735549,10389139456,38394585088
2025-05-14 07:11:53,48.000,4.223,0,12288,79.80,30555.74,31859.91,31,6212349,6735751,10389139456,38394585088
2025-05-14 07:11:53,44.772,4.233,0,0,39.90,30555.74,31859.91,31,6212550,6735952,10389139456,38394585088
2025-05-14 07:11:53,41.989,4.071,0,0,79.80,30555.74,31859.91,31,6212753,6736155,10389139456,38394585088
2025-05-14 07:11:53,42.619,4.080,0,0,79.90,30555.74,31859.91,31,6212954,6736356,10389139456,38394585088
2025-05-14 07:11:53,43.039,4.144,0,0,49.90,30555.74,31859.91,31,6213156,6736558,10389139456,38394585088
2025-05-14 07:11:54,43.435,4.206,0,0,39.90,30555.74,31859.91,31,6213357,6736759,10389139456,38394585088
2025-05-14 07:11:54,42.726,4.102,0,0,39.90,30555.74,31859.91,31,6213558,6736960,10389139456,38394585088
2025-05-14 07:11:54,41.591,4.092,0,0,59.90,30555.74,31859.91,31,6213761,6737164,10389139456,38394597376
2025-05-14 07:11:54,42.740,4.098,0,20480,49.90,30555.74,31859.91,31,6213964,6737368,10389139456,38394605568
2025-05-14 07:11:54,43.670,4.202,0,24576,69.90,30555.74,31859.91,31,6214185,6737596,10389139456,38394650624
2025-05-14 07:11:55,44.919,4.308,0,20480,409.30,30555.74,31859.91,31,6214415,6737837,10389139456,38394880000
2025-05-14 07:11:55,48.880,5.235,0,307200,359.30,30555.74,31859.91,31,6214621,6738056,10389139456,38394974208
2025-05-14 07:11:55,49.310,5.029,0,28672,399.30,30555.74,31859.91,31,6214829,6738267,10389139456,38394994688
2025-05-14 07:11:55,49.136,5.076,0,8192,379.40,30555.74,31859.91,31,6215031,6738469,10389139456,38394994688
2025-05-14 07:11:55,48.179,4.664,0,0,139.80,30555.74,31859.91,31,6215204,6738642,10389139456,38394994688
2025-05-14 07:11:56,47.349,4.367,0,0,139.80,30555.74,31859.91,31,6215397,6738835,10389139456,38394994688
2025-05-14 07:11:56,43.582,4.268,0,0,139.70,30555.74,31859.91,31,6215607,6739050,10389139456,38395015168
2025-05-14 07:11:56,46.420,4.823,0,2572288,339.30,30555.74,31859.91,31,6216111,6739851,10389139456,38397575168
2025-05-14 07:11:56,47.826,5.073,0,8192,119.80,30555.74,31859.91,31,6216304,6740044,10389139456,38397575168
2025-05-14 07:11:56,44.635,4.272,0,8192,39.90,30555.74,31859.91,31,6216511,6740253,10389139456,38397583360
2025-05-14 07:11:57,44.883,4.238,0,0,39.90,30555.74,31859.91,31,6216713,6740455,10389139456,38397583360
2025-05-14 07:11:57,43.048,4.031,0,0,89.80,30555.74,31859.91,31,6216910,6740652,10389139456,38397583360
2025-05-14 07:11:57,45.583,4.548,0,0,259.50,30555.74,31859.91,31,6217157,6740912,10389139456,38397632512
2025-05-14 07:11:57,46.899,4.871,0,241664,269.50,30555.74,31859.91,31,6217488,6741288,10389139456,38397825024
2025-05-14 07:11:57,47.296,4.786,0,0,229.50,30555.74,31859.91,31,6217689,6741489,10389139456,38397825024
2025-05-14 07:11:58,47.028,4.870,0,0,269.50,30555.74,31859.91,31,6217906,6741712,10389139456,38397849600
2025-05-14 07:11:58,46.553,4.750,0,24576,269.50,30555.74,31859.91,31,6218109,6741915,10389139456,38397849600
2025-05-14 07:11:58,46.081,4.733,0,0,269.60,30555.74,31859.91,31,6218314,6742120,10389139456,38397849600
2025-05-14 07:11:58,46.590,4.676,0,0,259.70,30555.74,31859.91,31,6218514,6742320,10389139456,38397849600
2025-05-14 07:11:58,46.189,4.698,0,8192,309.40,30555.74,31859.91,31,6218721,6742529,10389139456,38397865984
2025-05-14 07:11:59,47.337,4.765,0,8192,259.60,30555.74,31859.91,31,6218930,6742738,10389139456,38397865984
2025-05-14 07:11:59,46.352,4.822,0,0,279.50,30555.74,31859.91,31,6219133,6742941,10389139456,38397865984
2025-05-14 07:11:59,46.144,4.713,0,0,269.50,30555.74,31859.91,31,6219338,6743147,10389139456,38397931520
2025-05-14 07:11:59,45.368,4.719,0,65536,259.60,30555.74,31859.91,31,6219533,6743342,10389139456,38397931520
2025-05-14 07:11:59,45.942,4.696,0,0,269.50,30555.74,31859.91,31,6219737,6743546,10389139456,38397931520
2025-05-14 07:12:00,46.166,4.707,0,0,279.50,30555.74,31859.91,31,6219941,6743754,10389139456,38397964288
2025-05-14 07:12:00,48.617,4.890,0,45056,279.50,30555.74,31859.91,31,6220146,6743961,10389139456,38397976576
2025-05-14 07:12:00,48.415,4.979,0,0,289.50,30555.74,31859.91,31,6220348,6744163,10389139456,38397976576
2025-05-14 07:12:00,47.825,4.760,0,0,259.50,30555.74,31859.91,31,6220546,6744361,10389139456,38397976576
2025-05-14 07:12:00,46.192,4.928,0,12288,249.50,30555.74,31859.91,31,6220753,6744570,10389139456,38397988864
2025-05-14 07:12:01,45.752,4.660,0,0,249.60,30555.74,31859.91,31,6220956,6744773,10389139456,38397988864
2025-05-14 07:12:01,46.232,4.718,0,0,319.40,30555.74,31859.91,31,6221159,6744977,10389139456,38397988864
2025-05-14 07:12:01,47.236,4.846,0,1777664,279.50,30555.74,31859.91,31,6221388,6745219,10389139456,38399766528
2025-05-14 07:12:01,46.122,4.802,0,0,329.40,30555.74,31859.91,31,6221581,6745412,10389139456,38399766528
2025-05-14 07:12:01,47.048,4.926,0,0,269.50,30555.74,31859.91,31,6221778,6745609,10389139456,38399766528
2025-05-14 07:12:02,46.462,4.724,0,0,289.50,30555.74,31859.91,31,6221999,6745841,10389139456,38399811584
2025-05-14 07:12:02,45.730,4.782,0,139264,299.50,30555.74,31859.91,31,6222266,6746132,10389139456,38399905792
2025-05-14 07:12:02,46.034,4.886,0,0,339.40,30555.74,31859.91,31,6222465,6746331,10389139456,38399905792
2025-05-14 07:12:02,47.180,4.837,0,0,259.60,30555.74,31859.91,31,6222666,6746532,10389139456,38399905792
2025-05-14 07:12:02,45.636,4.692,0,0,319.50,30555.74,31859.91,31,6222856,6746722,10389139456,38399905792
2025-05-14 07:12:03,46.092,4.857,0,0,299.50,30555.74,31859.91,31,6223117,6747006,10389139456,38400020480
2025-05-14 07:12:03,46.308,4.790,0,131072,319.50,30555.74,31859.91,31,6223336,6747229,10389139456,38400036864
2025-05-14 07:12:03,46.740,4.730,0,0,259.60,30555.74,31859.91,31,6223534,6747427,10389139456,38400036864
2025-05-14 07:12:03,45.519,4.783,0,0,309.50,30555.74,31859.91,31,6223735,6747628,10389139456,38400036864
2025-05-14 07:12:03,47.095,4.996,0,1445888,279.50,30555.74,31859.91,31,6224254,6748225,10389139456,38401503232
2025-05-14 07:12:04,46.962,4.941,0,28672,269.60,30555.74,31859.91,31,6224453,6748425,10389139456,38401511424
2025-05-14 07:12:04,46.204,4.902,0,0,299.50,30555.74,31859.91,31,6224651,6748623,10389139456,38401511424
2025-05-14 07:12:04,46.472,4.839,0,0,309.40,30555.74,31859.91,31,6224849,6748821,10389139456,38401511424
2025-05-14 07:12:04,47.130,4.985,0,16384,239.60,30555.74,31859.91,31,6225055,6749030,10389139456,38401527808
2025-05-14 07:12:04,45.989,4.786,0,28672,229.60,30555.74,31859.91,31,6225266,6749246,10389139456,38401556480
2025-05-14 07:12:05,45.570,4.684,0,0,249.60,30555.74,31859.91,31,6225466,6749446,10389139456,38401556480
2025-05-14 07:12:05,45.809,4.765,0,0,279.50,30555.74,31859.91,31,6225665,6749645,10389139456,38401556480
2025-05-14 07:12:05,45.440,4.742,0,0,229.60,30555.74,31859.91,31,6225866,6749846,10389139456,38401556480
2025-05-14 07:12:05,45.909,4.693,0,0,239.60,30555.74,31859.91,31,6226067,6750047,10389139456,38401556480
2025-05-14 07:12:05,45.604,4.660,0,0,279.50,30555.74,31859.91,31,6226268,6750248,10389139456,38401556480
2025-05-14 07:12:06,48.024,4.669,0,0,399.20,30555.74,31859.91,31,6226469,6750449,10389139456,38401556480
2025-05-14 07:12:06,48.277,4.711,0,0,259.60,30555.74,31859.91,31,6226676,6750656,10389139456,38401556480
2025-05-14 07:12:06,46.056,4.551,0,36864,249.60,30555.74,31859.91,31,6226903,6750893,10389139456,38401855488
2025-05-14 07:12:06,48.098,4.841,0,544768,509.00,30555.74,31859.91,31,6227174,6751188,10389139456,38402330624
2025-05-14 07:12:06,48.646,5.248,0,339968,459.10,30555.74,31859.91,31,6227440,6751481,10389139456,38402613248
2025-05-14 07:12:07,48.157,5.101,0,278528,379.40,30555.74,31859.91,31,6227694,6751754,10389139456,38402793472
2025-05-14 07:12:07,47.160,4.640,0,36864,429.30,30555.74,31859.91,31,6227896,6751956,10389139456,38402793472
2025-05-14 07:12:07,47.092,5.010,0,4096,379.30,30555.74,31859.91,31,6228122,6752192,10389139456,38402859008
2025-05-14 07:12:07,48.773,5.323,0,77824,369.30,30555.74,31859.91,31,6228339,6752416,10389139456,38402908160
2025-05-14 07:12:07,47.305,4.884,0,53248,389.30,30555.74,31859.91,31,6229188,6753473,10389139456,38406500352
2025-05-14 07:12:08,48.185,5.006,0,3608576,379.30,30555.74,31859.91,31,6229394,6753689,10389139456,38406565888
2025-05-14 07:12:08,48.529,4.973,0,49152,369.40,30555.74,31859.91,31,6229611,6753911,10389139456,38406602752
2025-05-14 07:12:08,47.386,4.804,0,40960,369.40,30555.74,31859.91,31,6229844,6754157,10389139456,38406713344
2025-05-14 07:12:08,47.601,4.928,0,147456,319.50,30555.74,31859.91,31,6230077,6754404,10389139456,38406819840
2025-05-14 07:12:08,47.878,4.946,0,360448,399.30,30555.74,31859.91,31,6230598,6755034,10389139456,38407356416
2025-05-14 07:12:09,47.734,4.905,0,360448,369.40,30555.74,31859.91,31,6231044,6755564,10389139456,38407749632
2025-05-14 07:12:09,47.539,4.920,0,475136,459.20,30555.74,31859.91,31,6231524,6756137,10389139456,38408249344
2025-05-14 07:12:09,48.746,4.820,0,548864,429.20,30555.74,31859.91,31,6231927,6756616,10389139456,38408613888
2025-05-14 07:12:09,47.878,4.765,0,94208,259.60,30555.74,31859.91,31,6232145,6756840,10389139456,38408658944
2025-05-14 07:12:09,45.772,4.376,0,114688,79.80,30555.74,31859.91,31,6232562,6757330,10389139456,38408974336
2025-05-14 07:12:10,44.510,4.393,0,245760,149.80,30555.74,31859.91,31,6232768,6757538,10389139456,38408990720
2025-05-14 07:12:10,45.213,4.456,0,16384,159.70,30555.74,31859.91,31,6232969,6757739,10389139456,38408990720
2025-05-14 07:12:10,45.530,4.665,0,0,249.60,30555.74,31859.91,31,6233162,6757932,10389139456,38408990720
2025-05-14 07:12:10,48.061,4.907,0,0,219.60,30555.74,31859.91,31,6233358,6758129,10389139456,38408990720
2025-05-14 07:12:10,49.443,5.034,0,0,239.50,30555.74,31859.91,31,6233558,6758328,10389139456,38408990720
2025-05-14 07:12:11,48.350,4.896,0,0,269.50,30555.74,31859.91,31,6233760,6758532,10389139456,38409023488
2025-05-14 07:12:11,46.099,4.742,0,73728,239.60,30555.74,31859.91,31,6233966,6758740,10389139456,38409064448
2025-05-14 07:12:11,45.725,4.703,0,20480,149.70,30555.74,31859.91,31,6234179,6758957,10389139456,38409084928
2025-05-14 07:12:11,45.648,4.607,0,0,149.70,30555.74,31859.91,31,6234378,6759156,10389139456,38409084928
2025-05-14 07:12:11,47.422,4.584,0,0,59.90,30555.74,31859.91,31,6234575,6759355,10389139456,38409097216
2025-05-14 07:12:12,46.302,4.065,0,12288,79.90,30555.74,31859.91,31,6234776,6759556,10389139456,38409097216
2025-05-14 07:12:12,43.624,4.166,0,2592768,49.90,30555.74,31859.91,31,6235528,6760397,10389139456,38411689984
2025-05-14 07:12:12,41.409,4.043,0,0,89.80,30555.74,31859.91,31,6235729,6760598,10389139456,38411689984
2025-05-14 07:12:12,42.359,4.060,0,0,39.90,30555.74,31859.91,31,6235930,6760799,10389139456,38411689984
2025-05-14 07:12:12,42.761,4.091,0,12288,39.90,30555.74,31859.91,31,6236137,6761008,10389139456,38411702272
2025-05-14 07:12:13,41.741,4.005,0,0,39.90,30555.74,31859.91,31,6236338,6761209,10389139456,38411702272
2025-05-14 07:12:13,42.961,4.172,0,0,39.90,30555.74,31859.91,31,6236539,6761411,10389139456,38411702272
2025-05-14 07:12:13,42.065,4.034,0,0,109.80,30555.74,31859.91,31,6236748,6761622,10389139456,38411743232
2025-05-14 07:12:13,44.349,4.149,0,40960,59.90,30555.74,31859.91,31,6236949,6761823,10389139456,38411743232
2025-05-14 07:12:13,45.271,4.054,0,0,109.80,30555.74,31859.91,31,6237159,6762036,10389139456,38411784192
2025-05-14 07:12:14,47.386,4.445,0,40960,229.50,30555.74,31859.91,31,6237360,6762237,10389139456,38411784192
2025-05-14 07:12:14,46.454,4.326,0,45056,89.80,30555.74,31859.91,31,6237578,6762465,10389139456,38411829248
2025-05-14 07:12:14,46.766,4.280,0,0,109.80,30555.74,31859.91,31,6237779,6762666,10389139456,38411829248
2025-05-14 07:12:14,46.115,4.141,0,0,189.70,30555.74,31859.91,31,6237977,6762864,10389139456,38411829248
2025-05-14 07:12:14,48.191,4.552,0,0,259.60,30555.74,31859.91,31,6238175,6763062,10389139456,38411829248
2025-05-14 07:12:15,46.680,4.404,0,0,49.90,30555.74,31859.91,31,6238377,6763264,10389139456,38411829248
2025-05-14 07:12:15,41.534,4.007,0,0,49.90,30555.74,31859.91,31,6238578,6763465,10389139456,38411829248
2025-05-14 07:12:15,42.740,4.003,0,0,59.90,30555.74,31859.91,31,6238779,6763666,10389139456,38411829248
2025-05-14 07:12:15,42.945,4.047,0,0,59.90,30555.74,31859.91,31,6238981,6763868,10389139456,38411829248
2025-05-14 07:12:15,43.301,4.092,0,0,79.90,30555.74,31859.91,31,6239188,6764077,10389139456,38411837440
2025-05-14 07:12:16,43.229,4.163,0,8192,49.90,30555.74,31859.91,31,6239389,6764278,10389139456,38411837440
2025-05-14 07:12:16,41.643,4.032,0,8192,49.90,30555.74,31859.91,31,6239597,6764488,10389139456,38411845632
2025-05-14 07:12:16,42.035,4.026,0,40960,49.90,30555.74,31859.91,31,6239804,6764697,10389139456,38411886592
2025-05-14 07:12:16,41.954,4.010,0,0,49.90,30555.74,31859.91,31,6240010,6764905,10389139456,38411894784
2025-05-14 07:12:16,43.469,4.087,0,8192,49.90,30555.74,31859.91,31,6240211,6765106,10389139456,38411894784
2025-05-14 07:12:17,42.451,4.078,0,0,49.90,30555.74,31859.91,31,6240413,6765308,10389139456,38411894784
2025-05-14 07:12:17,42.587,4.072,0,0,79.90,30555.74,31859.91,31,6240614,6765509,10389139456,38411894784
2025-05-14 07:12:17,43.233,4.090,0,0,49.90,30555.74,31859.91,31,6240817,6765713,10389139456,38411898880
2025-05-14 07:12:17,42.716,4.086,0,4096,39.90,30555.74,31859.91,31,6241018,6765914,10389139456,38411898880
2025-05-14 07:12:17,42.536,4.076,0,0,39.90,30555.74,31859.91,31,6241220,6766116,10389139456,38411898880
2025-05-14 07:12:18,42.188,4.024,0,0,39.90,30555.74,31859.91,31,6241421,6766317,10389139456,38411898880
2025-05-14 07:12:18,42.120,4.145,0,0,69.90,30555.74,31859.91,31,6241622,6766518,10389139456,38411898880
2025-05-14 07:12:18,45.416,4.155,0,0,79.90,30555.74,31859.91,31,6241824,6766720,10389139456,38411898880
2025-05-14 07:12:18,45.968,4.074,0,0,49.90,30555.74,31859.91,31,6242024,6766920,10389139456,38411898880
2025-05-14 07:12:18,44.283,4.231,0,0,49.90,30555.74,31859.91,31,6242225,6767121,10389139456,38411898880
2025-05-14 07:12:19,43.762,4.209,0,0,129.80,30555.74,31859.91,31,6242426,6767322,10389139456,38411898880
2025-05-14 07:12:19,44.260,4.597,0,0,249.50,30555.74,31859.91,31,6242628,6767524,10389139456,38411898880
2025-05-14 07:12:19,44.363,4.670,0,0,159.70,30555.74,31859.91,31,6242829,6767725,10389139456,38411898880
2025-05-14 07:12:19,45.297,4.563,0,0,99.80,30555.74,31859.91,31,6243029,6767925,10389139456,38411898880
2025-05-14 07:12:19,47.046,4.317,0,0,49.90,30555.74,31859.91,31,6243231,6768127,10389139456,38411898880
2025-05-14 07:12:20,42.302,4.083,0,0,49.90,30555.74,31859.91,31,6243436,6768332,10389139456,38411898880
2025-05-14 07:12:20,44.678,3.982,0,0,119.80,30555.74,31859.91,31,6243637,6768533,10389139456,38411898880
2025-05-14 07:12:20,45.441,4.232,0,0,49.90,30555.74,31859.91,31,6243838,6768734,10389139456,38411898880
2025-05-14 07:12:20,43.139,4.051,0,0,39.90,30555.74,31859.91,31,6244038,6768934,10389139456,38411898880
2025-05-14 07:12:20,43.520,4.113,0,0,39.90,30555.74,31859.91,31,6244240,6769136,10389139456,38411898880
2025-05-14 07:12:21,41.594,4.005,0,0,69.90,30555.74,31859.91,31,6244441,6769337,10389139456,38411898880
2025-05-14 07:12:21,42.049,4.089,0,0,39.90,30555.74,31859.91,31,6244642,6769538,10389139456,38411898880
2025-05-14 07:12:21,41.303,4.001,0,0,89.80,30555.74,31859.91,31,6244844,6769740,10389139456,38411898880
2025-05-14 07:12:21,44.721,4.291,0,0,99.80,30555.74,31859.91,31,6245042,6769938,10389139456,38411898880
2025-05-14 07:12:21,45.817,4.392,0,0,69.90,30555.74,31859.91,31,6245243,6770139,10389139456,38411898880
2025-05-14 07:12:22,42.018,4.089,0,0,49.90,30555.74,31859.91,31,6245445,6770341,10389139456,38411898880
2025-05-14 07:12:22,41.841,4.045,0,0,49.90,30555.74,31859.91,31,6245646,6770542,10389139456,38411898880
2025-05-14 07:12:22,41.209,3.994,0,12288,59.90,30555.74,31859.91,31,6245855,6770754,10389139456,38411911168
2025-05-14 07:12:22,42.612,3.971,0,0,59.90,30555.74,31859.91,31,6246055,6770954,10389139456,38411911168
2025-05-14 07:12:22,45.263,3.981,0,0,39.90,30555.74,31859.91,31,6246257,6771156,10389139456,38411911168
2025-05-14 07:12:23,44.005,3.977,0,0,49.90,30555.74,31859.91,31,6246458,6771357,10389139456,38411911168
2025-05-14 07:12:23,44.153,3.935,0,0,49.90,30555.74,31859.91,31,6246659,6771558,10389139456,38411911168
2025-05-14 07:12:23,45.140,3.969,0,0,39.90,30555.74,31859.91,31,6246860,6771759,10389139456,38411911168
2025-05-14 07:12:23,44.447,4.090,0,0,49.90,30555.74,31859.91,31,6247062,6771961,10389139456,38411911168
2025-05-14 07:12:24,46.181,4.136,0,0,179.70,30555.74,31859.91,31,6247313,6772230,10389139456,38413008896
2025-05-14 07:12:24,47.638,4.238,0,2867200,169.70,30555.74,31859.91,31,6247685,6772666,10389139456,38416875520
2025-05-14 07:12:24,47.041,4.123,0,3186688,139.80,30555.74,31859.91,31,6247948,6772951,10389139456,38418018304
2025-05-14 07:12:24,41.893,4.133,0,53248,119.80,30555.74,31859.91,31,6248149,6773152,10389139456,38418018304
2025-05-14 07:12:24,42.314,4.186,0,0,39.90,30555.74,31859.91,31,6248350,6773353,10389139456,38418018304
2025-05-14 07:12:25,44.266,4.066,0,0,39.90,30555.74,31859.91,31,6248551,6773554,10389139456,38418018304
2025-05-14 07:12:25,43.859,4.121,0,0,59.90,30555.74,31859.91,31,6248752,6773755,10389139456,38418018304
2025-05-14 07:12:25,42.493,4.126,0,0,119.80,30555.74,31859.91,31,6248954,6773957,10389139456,38418018304
2025-05-14 07:12:25,45.963,4.543,0,0,189.60,30555.74,31859.91,31,6249153,6774156,10389139456,38418018304
2025-05-14 07:12:25,45.603,4.482,0,0,69.90,30555.74,31859.91,31,6249354,6774357,10389139456,38418018304
2025-05-14 07:12:26,47.227,4.588,0,0,49.90,30555.74,31859.91,31,6249558,6774561,10389139456,38418018304
2025-05-14 07:12:26,43.396,4.176,0,0,169.70,30555.74,31859.91,31,6249762,6774765,10389139456,38418018304
2025-05-14 07:12:26,46.114,4.255,0,0,49.90,30555.74,31859.91,31,6249964,6774967,10389139456,38418018304
2025-05-14 07:12:26,44.927,4.042,0,0,79.80,30555.74,31859.91,31,6250164,6775167,10389139456,38418018304
2025-05-14 07:12:26,44.545,4.034,0,0,49.90,30555.74,31859.91,31,6250365,6775368,10389139456,38418018304
2025-05-14 07:12:27,43.431,4.129,0,0,39.90,30555.74,31859.91,31,6250566,6775569,10389139456,38418018304
2025-05-14 07:12:27,42.842,4.004,0,0,39.90,30555.74,31859.91,31,6250768,6775771,10389139456,38418018304
2025-05-14 07:12:27,42.635,4.014,0,0,39.90,30555.74,31859.91,31,6250969,6775972,10389139456,38418018304
2025-05-14 07:12:27,42.313,3.985,12288,425984,39.90,30555.74,31859.91,31,6251180,6776191,10389151744,38418444288
2025-05-14 07:12:27,42.377,3.982,0,0,59.90,30555.74,31859.91,31,6251381,6776392,10389151744,38418444288
2025-05-14 07:12:28,44.200,3.984,0,0,69.90,30555.74,31859.91,31,6251582,6776593,10389151744,38418444288
2025-05-14 07:12:28,45.036,4.070,0,0,39.90,30555.74,31859.91,31,6251784,6776795,10389151744,38418444288
2025-05-14 07:12:28,44.853,4.041,0,0,59.90,30555.74,31859.91,31,6251985,6776996,10389151744,38418444288
2025-05-14 07:12:28,44.655,4.061,0,0,59.90,30555.74,31859.91,31,6252185,6777196,10389151744,38418444288
2025-05-14 07:12:28,45.367,4.081,0,0,109.80,30555.74,31859.91,31,6252398,6777413,10389151744,38418481152
2025-05-14 07:12:29,46.633,4.307,0,36864,59.90,30555.74,31859.91,31,6252599,6777614,10389151744,38418481152
2025-05-14 07:12:29,44.719,4.130,0,28672,49.90,30555.74,31859.91,31,6252807,6777824,10389151744,38418509824
2025-05-14 07:12:29,42.126,4.148,0,0,49.90,30555.74,31859.91,31,6253008,6778025,10389151744,38418509824
2025-05-14 07:12:29,43.683,4.088,0,0,49.90,30555.74,31859.91,31,6253209,6778226,10389151744,38418509824
2025-05-14 07:12:29,45.386,4.116,0,0,49.90,30555.74,31859.91,31,6253415,6778434,10389151744,38418522112
2025-05-14 07:12:30,46.156,4.172,0,12288,49.90,30555.74,31859.91,31,6253616,6778635,10389151744,38418522112
2025-05-14 07:12:30,42.793,4.075,0,0,49.90,30555.74,31859.91,31,6253818,6778837,10389151744,38418522112
2025-05-14 07:12:30,43.531,4.075,0,0,59.90,30555.74,31859.91,31,6254019,6779038,10389151744,38418522112
2025-05-14 07:12:30,42.646,3.997,0,0,49.90,30555.74,31859.91,31,6254219,6779238,10389151744,38418522112
2025-05-14 07:12:30,44.579,4.058,0,0,39.90,30555.74,31859.91,31,6254418,6779437,10389151744,38418522112
2025-05-14 07:12:31,41.784,3.971,0,0,59.90,30555.74,31859.91,31,6254620,6779639,10389151744,38418522112
2025-05-14 07:12:31,41.912,4.033,0,0,69.90,30555.74,31859.91,31,6254821,6779840,10389151744,38418522112
2025-05-14 07:12:31,43.279,4.119,0,0,69.90,30555.74,31859.91,31,6255028,6780051,10389151744,38418538496
2025-05-14 07:12:31,41.659,4.033,0,36864,49.90,30555.74,31859.91,31,6255240,6780268,10389151744,38418558976
2025-05-14 07:12:31,44.269,4.273,0,0,159.70,30555.74,31859.91,31,6255441,6780469,10389151744,38418558976
2025-05-14 07:12:32,45.501,4.694,0,0,159.70,30555.74,31859.91,31,6255639,6780667,10389151744,38418558976
2025-05-14 07:12:32,44.556,4.538,0,0,139.70,30555.74,31859.91,31,6255841,6780869,10389151744,38418558976
2025-05-14 07:12:32,43.656,4.347,0,0,209.60,30555.74,31859.91,31,6256045,6781073,10389151744,38418567168
2025-05-14 07:12:32,46.864,4.891,0,16384,389.30,30555.74,31859.91,31,6256244,6781275,10389151744,38418575360
2025-05-14 07:12:32,47.169,4.706,0,8192,49.90,30555.74,31859.91,31,6256449,6781482,10389151744,38418583552
2025-05-14 07:12:33,46.051,4.194,0,8192,129.80,30555.74,31859.91,31,6256657,6781691,10389155840,38418591744
2025-05-14 07:12:33,44.586,4.470,4096,24576,189.70,30555.74,31859.91,31,6256932,6781983,10389155840,38418780160
2025-05-14 07:12:33,45.961,4.919,98304,372736,529.30,30555.74,31859.91,31,6257233,6782305,10389254144,38419296256
2025-05-14 07:12:33,48.263,5.488,0,479232,529.00,30555.74,31859.91,31,6257516,6782627,10389254144,38419685376
2025-05-14 07:12:33,48.915,5.189,0,303104,339.40,30555.74,31859.91,31,6257713,6782831,10389254144,38419771392
2025-05-14 07:12:34,48.673,4.838,0,32768,489.20,30555.74,31859.91,31,6258009,6783165,10389254144,38420357120
2025-05-14 07:12:34,48.984,5.327,0,892928,359.30,30555.74,31859.91,31,6258374,6783587,10389254144,38420987904
2025-05-14 07:12:34,47.231,5.214,0,479232,399.30,30555.74,31859.91,31,6258630,6783866,10389254144,38421250048
2025-05-14 07:12:34,47.278,5.119,0,73728,449.20,30555.74,31859.91,31,6258829,6784066,10389254144,38421250048
2025-05-14 07:12:34,46.886,5.258,0,53248,369.30,30555.74,31859.91,31,6259071,6784330,10389254144,38421413888
2025-05-14 07:12:35,47.347,5.358,0,319488,359.30,30555.74,31859.91,31,6259546,6784895,10389254144,38421815296
2025-05-14 07:12:35,46.885,5.004,0,303104,359.40,30555.74,31859.91,31,6259830,6785207,10389254144,38421934080
2025-05-14 07:12:35,46.365,5.156,0,24576,409.30,30555.74,31859.91,31,6260049,6785431,10389254144,38421999616
2025-05-14 07:12:35,46.312,5.263,0,126976,389.30,30555.74,31859.91,31,6260279,6785672,10389254144,38422089728
2025-05-14 07:12:35,46.669,4.958,0,32768,439.10,30555.74,31859.91,31,6260520,6785929,10389254144,38422163456
2025-05-14 07:12:36,47.922,4.902,0,307200,429.20,30555.74,31859.91,31,6260966,6786462,10389254144,38422593536
2025-05-14 07:12:36,47.431,4.720,0,385024,419.30,30555.74,31859.91,31,6261404,6786983,10389254144,38422994944
2025-05-14 07:12:36,47.414,4.598,0,192512,369.30,30555.74,31859.91,31,6261598,6787177,10389254144,38422994944
2025-05-14 07:12:36,47.053,4.793,0,0,409.30,30555.74,31859.91,31,6261799,6787378,10389254144,38422994944
2025-05-14 07:12:36,46.247,4.692,0,16384,429.30,30555.74,31859.91,31,6261993,6787574,10389254144,38423011328
2025-05-14 07:12:37,46.671,5.052,0,241664,399.30,30555.74,31859.91,31,6262400,6788065,10389254144,38423523328
2025-05-14 07:12:37,47.039,5.095,0,471040,389.30,30555.74,31859.91,31,6262860,6788612,10389254144,38423900160
2025-05-14 07:12:37,47.699,4.944,0,380928,409.20,30555.74,31859.91,31,6263120,6788892,10389254144,38424178688
2025-05-14 07:12:37,46.562,5.003,0,94208,339.40,30555.74,31859.91,31,6263341,6789122,10389254144,38424252416
2025-05-14 07:12:37,45.931,4.882,0,90112,369.40,30555.74,31859.91,31,6263562,6789352,10389254144,38424293376
2025-05-14 07:12:38,46.878,4.797,0,131072,399.30,30555.74,31859.91,31,6263939,6789796,10389254144,38424580096
2025-05-14 07:12:38,47.366,4.745,0,352256,369.30,30555.74,31859.91,31,6264352,6790278,10389254144,38424879104
2025-05-14 07:12:38,46.983,4.683,0,110592,349.40,30555.74,31859.91,31,6264557,6790488,10389254144,38424928256
2025-05-14 07:12:38,48.109,4.625,0,45056,289.50,30555.74,31859.91,31,6264750,6790681,10389254144,38424928256
2025-05-14 07:12:38,47.639,4.899,0,49152,389.30,30555.74,31859.91,31,6264961,6790898,10389254144,38424989696
2025-05-14 07:12:39,48.432,5.384,0,262144,479.20,30555.74,31859.91,31,6265272,6791247,10389254144,38425300992
2025-05-14 07:12:39,48.250,5.247,0,98304,399.30,30555.74,31859.91,31,6265505,6791489,10389254144,38425366528
2025-05-14 07:12:39,48.242,4.932,0,69632,319.40,30555.74,31859.91,31,6265728,6791720,10389254144,38425407488
2025-05-14 07:12:39,46.977,4.981,0,0,329.40,30555.74,31859.91,31,6265943,6791943,10389254144,38425473024
2025-05-14 07:12:39,49.625,5.089,0,188416,419.30,30555.74,31859.91,31,6266181,6792195,10389254144,38425616384
2025-05-14 07:12:40,49.161,4.958,0,28672,259.60,30555.74,31859.91,31,6266389,6792404,10389254144,38425624576
2025-05-14 07:12:40,48.307,4.746,0,0,319.40,30555.74,31859.91,31,6266591,6792607,10389254144,38425645056
2025-05-14 07:12:40,47.242,4.786,0,61440,139.70,30555.74,31859.91,31,6266817,6792841,10389254144,38425686016
2025-05-14 07:12:40,44.574,4.195,0,0,39.90,30555.74,31859.91,31,6267017,6793041,10389254144,38425686016
2025-05-14 07:12:40,44.426,4.264,0,8192,49.90,30555.74,31859.91,31,6267228,6793254,10389254144,38425694208
2025-05-14 07:12:41,43.277,4.169,0,0,49.90,30555.74,31859.91,31,6267427,6793453,10389254144,38425694208
2025-05-14 07:12:41,44.335,4.396,0,0,49.90,30555.74,31859.91,31,6267628,6793654,10389254144,38425694208
2025-05-14 07:12:41,40.976,4.035,0,0,49.90,30555.74,31859.91,31,6267832,6793859,10389254144,38425759744
2025-05-14 07:12:41,40.821,3.960,0,65536,39.90,30555.74,31859.91,31,6268033,6794060,10389254144,38425759744
2025-05-14 07:12:41,43.160,4.074,0,0,39.90,30555.74,31859.91,31,6268234,6794261,10389254144,38425759744
2025-05-14 07:12:42,43.695,4.185,0,0,179.70,30555.74,31859.91,31,6268435,6794462,10389254144,38425759744
2025-05-14 07:12:42,43.585,4.242,0,20480,39.90,30555.74,31859.91,31,6268640,6794668,10389254144,38425780224
2025-05-14 07:12:42,42.458,4.083,0,0,39.90,30555.74,31859.91,31,6268841,6794869,10389254144,38425780224
2025-05-14 07:12:42,41.997,4.033,0,0,39.90,30555.74,31859.91,31,6269041,6795069,10389254144,38425780224
2025-05-14 07:12:42,43.159,4.074,0,4096,59.90,30555.74,31859.91,31,6269245,6795274,10389254144,38425784320
2025-05-14 07:12:43,44.697,4.036,0,0,99.80,30555.74,31859.91,31,6269451,6795480,10389254144,38425784320
2025-05-14 07:12:43,46.079,4.215,0,69632,49.90,30555.74,31859.91,31,6269661,6795694,10389254144,38425853952
2025-05-14 07:12:43,42.703,4.103,0,0,99.80,30555.74,31859.91,31,6269870,6795906,10389254144,38425927680
2025-05-14 07:12:43,43.288,4.044,0,73728,49.90,30555.74,31859.91,31,6270071,6796107,10389254144,38425927680
2025-05-14 07:12:43,44.862,4.066,0,0,49.90,30555.74,31859.91,31,6270272,6796308,10389254144,38425927680
2025-05-14 07:12:44,43.753,4.003,0,0,59.90,30555.74,31859.91,31,6270474,6796510,10389254144,38425927680
2025-05-14 07:12:44,44.928,3.986,0,0,99.90,30555.74,31859.91,31,6270675,6796711,10389254144,38425927680
2025-05-14 07:12:44,46.608,4.272,0,0,189.70,30555.74,31859.91,31,6270882,6796918,10389254144,38425948160
2025-05-14 07:12:44,45.418,4.353,0,20480,99.80,30555.74,31859.91,31,6271082,6797118,10389254144,38425948160
2025-05-14 07:12:44,43.106,4.110,0,16384,79.90,30555.74,31859.91,31,6271290,6797328,10389254144,38425964544
2025-05-14 07:12:45,42.844,4.123,0,0,109.90,30555.74,31859.91,31,6271491,6797529,10389254144,38425964544
2025-05-14 07:12:45,41.879,3.986,0,0,59.90,30555.74,31859.91,31,6271692,6797730,10389254144,38425964544
2025-05-14 07:12:45,43.855,4.190,0,0,209.60,30555.74,31859.91,31,6271893,6797931,10389254144,38425964544
2025-05-14 07:12:45,45.639,4.633,0,0,139.80,30555.74,31859.91,31,6272094,6798132,10389254144,38425964544
2025-05-14 07:12:45,45.210,4.474,0,0,109.80,30555.74,31859.91,31,6272293,6798331,10389254144,38425964544
2025-05-14 07:12:46,44.545,4.589,0,0,339.40,30555.74,31859.91,31,6272490,6798528,10389254144,38425964544
2025-05-14 07:12:46,44.476,4.452,0,0,49.90,30555.74,31859.91,31,6272692,6798730,10389254144,38425964544
2025-05-14 07:12:46,42.145,4.063,0,0,119.80,30555.74,31859.91,31,6272893,6798931,10389254144,38425964544
2025-05-14 07:12:46,43.627,4.285,0,0,89.80,30555.74,31859.91,31,6273091,6799129,10389254144,38425964544
2025-05-14 07:12:46,45.776,4.280,0,0,39.90,30555.74,31859.91,31,6273286,6799324,10389254144,38425964544
2025-05-14 07:12:47,42.106,3.994,0,0,69.90,30555.74,31859.91,31,6273487,6799525,10389254144,38425964544
2025-05-14 07:12:47,43.657,4.356,0,0,239.60,30555.74,31859.91,31,6273684,6799722,10389254144,38425964544
2025-05-14 07:12:47,45.815,4.602,0,0,149.70,30555.74,31859.91,31,6273885,6799923,10389254144,38425964544
2025-05-14 07:12:47,44.672,4.306,0,0,159.70,30555.74,31859.91,31,6274086,6800124,10389254144,38425964544
2025-05-14 07:12:47,46.590,4.445,0,0,159.70,30555.74,31859.91,31,6274295,6800337,10389254144,38426017792
2025-05-14 07:12:48,44.261,4.090,0,53248,149.80,30555.74,31859.91,31,6274496,6800538,10389254144,38426017792
2025-05-14 07:12:48,43.439,4.093,0,0,139.70,30555.74,31859.91,31,6274697,6800739,10389254144,38426017792
2025-05-14 07:12:48,42.349,4.272,0,0,49.90,30555.74,31859.91,31,6274898,6800940,10389254144,38426017792
2025-05-14 07:12:48,41.162,4.022,0,0,59.90,30555.74,31859.91,31,6275107,6801153,10389254144,38426034176
2025-05-14 07:12:48,44.845,4.136,0,16384,69.90,30555.74,31859.91,31,6275308,6801354,10389254144,38426034176
2025-05-14 07:12:49,42.550,3.980,0,0,59.90,30555.74,31859.91,31,6275509,6801555,10389254144,38426034176
2025-05-14 07:12:49,42.319,4.043,0,0,189.70,30555.74,31859.91,31,6275710,6801756,10389254144,38426034176
2025-05-14 07:12:49,44.245,4.049,0,0,149.80,30555.74,31859.91,31,6275911,6801957,10389254144,38426034176
2025-05-14 07:12:49,43.690,4.162,0,0,79.90,30555.74,31859.91,31,6276114,6802160,10389254144,38426034176
2025-05-14 07:12:49,43.156,4.038,0,0,59.90,30555.74,31859.91,31,6276315,6802361,10389254144,38426034176
2025-05-14 07:12:50,42.415,4.075,0,0,49.90,30555.74,31859.91,31,6276516,6802562,10389254144,38426034176
2025-05-14 07:12:50,41.949,3.937,0,0,79.90,30555.74,31859.91,31,6276718,6802764,10389254144,38426034176
2025-05-14 07:12:50,42.778,4.132,0,0,49.90,30555.74,31859.91,31,6276919,6802965,10389254144,38426034176
2025-05-14 07:12:50,41.633,3.972,0,0,179.70,30555.74,31859.91,31,6277112,6803158,10389254144,38426034176
2025-05-14 07:12:50,44.459,4.257,0,0,49.90,30555.74,31859.91,31,6277313,6803359,10389254144,38426034176
2025-05-14 07:12:51,41.542,3.973,0,0,49.90,30555.74,31859.91,31,6277514,6803560,10389254144,38426034176
2025-05-14 07:12:51,40.924,4.094,0,0,49.90,30555.74,31859.91,31,6277715,6803761,10389254144,38426034176
2025-05-14 07:12:51,40.426,3.871,0,0,49.90,30555.74,31859.91,31,6277916,6803962,10389254144,38426034176
2025-05-14 07:12:51,41.227,3.898,0,0,49.90,30555.74,31859.91,31,6278117,6804163,10389254144,38426034176
2025-05-14 07:12:51,41.282,3.913,0,0,49.90,30555.74,31859.91,31,6278320,6804366,10389254144,38426034176
2025-05-14 07:12:52,41.911,3.933,0,0,49.90,30555.74,31859.91,31,6278521,6804567,10389254144,38426034176
2025-05-14 07:12:52,40.948,3.899,0,0,39.90,30555.74,31859.91,31,6278722,6804768,10389254144,38426034176
2025-05-14 07:12:52,42.882,4.266,0,0,79.80,30555.74,31859.91,31,6278924,6804970,10389254144,38426034176
2025-05-14 07:12:52,43.512,4.405,0,0,159.70,30555.74,31859.91,31,6279128,6805174,10389254144,38426034176
2025-05-14 07:12:52,45.312,4.424,0,0,149.70,30555.74,31859.91,31,6279335,6805383,10389254144,38426042368
2025-05-14 07:12:53,43.942,4.456,0,8192,389.30,30555.74,31859.91,31,6279527,6805575,10389254144,38426042368
2025-05-14 07:12:53,46.642,4.794,0,0,49.90,30555.74,31859.91,31,6279729,6805777,10389254144,38426042368
2025-05-14 07:12:53,43.563,4.192,0,20480,39.90,30555.74,31859.91,31,6279936,6805986,10389254144,38426062848
2025-05-14 07:12:53,41.377,4.013,0,0,39.90,30555.74,31859.91,31,6280137,6806187,10389254144,38426062848
2025-05-14 07:12:53,46.341,4.192,0,0,39.90,30555.74,31859.91,31,6280338,6806388,10389254144,38426062848
2025-05-14 07:12:54,41.306,4.008,0,0,129.80,30555.74,31859.91,31,6280540,6806590,10389254144,38426062848
2025-05-14 07:12:54,43.359,4.325,0,0,109.80,30555.74,31859.91,31,6280737,6806787,10389254144,38426062848
2025-05-14 07:12:54,42.128,4.278,0,0,49.90,30555.74,31859.91,31,6280938,6806988,10389254144,38426062848
2025-05-14 07:12:54,41.384,3.963,0,0,49.90,30555.79,31859.91,27,6281139,6807189,10389254144,38426062848
2025-05-14 07:12:54,45.431,4.132,0,0,69.90,30555.79,31859.91,27,6281340,6807390,10389254144,38426062848
2025-05-14 07:12:55,41.699,4.020,0,0,69.90,30555.79,31859.91,27,6281541,6807591,10389254144,38426062848
2025-05-14 07:12:55,41.279,3.891,0,0,49.90,30555.79,31859.91,27,6281743,6807793,10389254144,38426062848
2025-05-14 07:12:55,41.722,3.953,0,0,79.90,30555.79,31859.91,27,6281944,6807994,10389254144,38426062848
2025-05-14 07:12:55,42.565,3.983,0,0,59.90,30555.79,31859.91,27,6282145,6808195,10389254144,38426062848
2025-05-14 07:12:56,41.344,3.905,0,0,79.90,30555.79,31859.91,27,6282346,6808396,10389254144,38426062848
2025-05-14 07:12:56,41.966,4.058,0,0,49.90,30555.79,31859.91,27,6282548,6808598,10389254144,38426062848
2025-05-14 07:12:56,42.337,4.073,0,45056,59.90,30555.79,31859.91,27,6282758,6808811,10389254144,38426107904
2025-05-14 07:12:56,40.187,3.952,0,8192,39.90,30555.79,31859.91,27,6282964,6809019,10389254144,38426116096
2025-05-14 07:12:56,41.348,3.905,0,0,69.90,30555.79,31859.91,27,6283171,6809228,10389254144,38426124288
2025-05-14 07:12:57,44.469,4.099,0,8192,49.90,30555.79,31859.91,27,6283373,6809430,10389254144,38426124288
2025-05-14 07:12:57,42.984,4.183,0,0,159.70,30555.79,31859.91,27,6283574,6809631,10389254144,38426124288
2025-05-14 07:12:57,44.109,4.364,0,0,149.70,30555.79,31859.91,27,6283775,6809832,10389254144,38426124288
2025-05-14 07:12:57,44.976,4.467,0,0,219.60,30555.79,31859.91,27,6283977,6810034,10389254144,38426124288
2025-05-14 07:12:57,45.067,4.770,0,0,199.70,30555.79,31859.91,27,6284178,6810235,10389254144,38426124288
2025-05-14 07:12:58,46.263,4.870,0,0,169.70,30555.79,31859.91,27,6284379,6810436,10389254144,38426124288
2025-05-14 07:12:58,42.674,4.164,0,0,209.60,30555.79,31859.91,27,6284581,6810638,10389254144,38426124288
2025-05-14 07:12:58,42.425,4.353,0,0,59.90,30555.79,31859.91,27,6284782,6810839,10389254144,38426124288
2025-05-14 07:12:58,40.711,4.168,0,0,69.90,30555.79,31859.91,27,6284982,6811039,10389254144,38426124288
2025-05-14 07:12:58,39.777,4.082,0,0,39.90,30555.79,31859.91,27,6285179,6811236,10389254144,38426124288
2025-05-14 07:12:59,44.686,4.091,0,0,59.90,30555.79,31859.91,27,6285381,6811438,10389254144,38426124288
2025-05-14 07:12:59,43.621,4.023,0,0,199.70,30555.79,31859.91,27,6285582,6811639,10389254144,38426124288
2025-05-14 07:12:59,43.794,3.998,0,0,129.80,30555.79,31859.91,27,6285783,6811840,10389254144,38426124288
2025-05-14 07:12:59,43.878,3.993,0,0,39.90,30555.79,31859.91,27,6285985,6812042,10389254144,38426124288
2025-05-14 07:12:59,42.170,4.064,0,0,49.90,30555.79,31859.91,27,6286186,6812243,10389254144,38426124288
2025-05-14 07:13:00,41.624,3.979,0,0,119.80,30555.79,31859.91,27,6286390,6812447,10389254144,38426124288
2025-05-14 07:13:00,43.410,4.068,0,0,49.90,30555.79,31859.91,27,6286591,6812648,10389254144,38426124288
2025-05-14 07:13:00,38.327,3.966,0,8192,119.80,30555.79,31859.91,27,6286806,6812868,10389254144,38426206208
2025-05-14 07:13:00,40.403,4.035,0,73728,49.90,30555.79,31859.91,27,6287010,6813072,10389254144,38426206208
2025-05-14 07:13:00,43.999,4.058,0,0,39.90,30555.79,31859.91,27,6287216,6813280,10389254144,38426214400
2025-05-14 07:13:01,44.315,3.948,0,8192,39.90,30555.79,31859.91,27,6287418,6813482,10389254144,38426214400
2025-05-14 07:13:01,42.248,4.068,0,0,49.90,30555.79,31859.91,27,6287619,6813683,10389254144,38426214400
2025-05-14 07:13:01,42.461,4.191,0,0,49.90,30555.79,31859.91,27,6287820,6813884,10389254144,38426214400
2025-05-14 07:13:01,41.632,3.933,0,0,39.90,30555.79,31859.91,27,6288021,6814085,10389254144,38426214400
2025-05-14 07:13:01,43.298,3.965,0,0,49.90,30555.79,31859.91,27,6288223,6814287,10389254144,38426214400
2025-05-14 07:13:02,41.026,3.916,0,0,69.90,30555.79,31859.91,27,6288424,6814488,10389254144,38426214400
2025-05-14 07:13:02,41.914,4.034,0,0,149.70,30555.79,31859.91,27,6288625,6814689,10389254144,38426214400
2025-05-14 07:13:02,45.982,4.460,0,0,109.80,30555.79,31859.91,27,6288826,6814890,10389254144,38426214400
2025-05-14 07:13:02,43.238,4.447,0,12288,189.60,30555.79,31859.91,27,6289034,6815101,10389254144,38426226688
2025-05-14 07:13:02,43.303,4.643,0,0,259.50,30555.79,31859.91,27,6289250,6815329,10389254144,38427291648
2025-05-14 07:13:03,43.635,4.432,0,1458176,59.90,30555.79,31859.91,27,6289456,6815539,10389254144,38427684864
2025-05-14 07:13:03,44.509,4.399,0,155648,489.10,30555.79,31859.91,27,6289732,6815845,10389254144,38428807168
2025-05-14 07:13:03,48.444,5.645,0,1650688,409.30,30555.79,31859.91,27,6289989,6816127,10389254144,38429659136
2025-05-14 07:13:03,47.455,4.819,0,176128,419.30,30555.79,31859.91,27,6290199,6816340,10389254144,38429753344
2025-05-14 07:13:03,47.941,4.722,0,151552,289.50,30555.79,31859.91,27,6290407,6816551,10389254144,38429822976
2025-05-14 07:13:04,47.951,4.773,0,36864,449.20,30555.79,31859.91,27,6290613,6816761,10389254144,38429999104
2025-05-14 07:13:04,47.355,4.837,0,212992,369.40,30555.79,31859.91,27,6290817,6816970,10389254144,38430076928
2025-05-14 07:13:04,46.978,4.713,0,8192,469.20,30555.79,31859.91,27,6291023,6817180,10389254144,38430142464
2025-05-14 07:13:04,47.662,4.588,0,69632,259.60,30555.79,31859.91,27,6291235,6817396,10389254144,38430310400
2025-05-14 07:13:04,45.610,4.366,0,217088,219.60,30555.79,31859.91,27,6291438,6817600,10389254144,38430363648
2025-05-14 07:13:05,45.475,4.336,0,0,209.60,30555.79,31859.91,27,6291639,6817801,10389254144,38430363648
2025-05-14 07:13:05,45.239,4.428,0,0,209.60,30555.79,31859.91,27,6291840,6818002,10389254144,38430363648
2025-05-14 07:13:05,44.405,4.313,0,0,149.80,30555.79,31859.91,27,6292041,6818203,10389254144,38430363648
2025-05-14 07:13:05,43.284,4.208,0,0,349.40,30555.79,31859.91,27,6292243,6818405,10389254144,38430363648
2025-05-14 07:13:05,45.246,4.344,0,0,219.60,30555.79,31859.91,27,6292450,6818614,10389254144,38430380032
2025-05-14 07:13:06,44.213,4.544,0,16384,379.30,30555.79,31859.91,27,6292655,6818819,10389254144,38430380032
2025-05-14 07:13:06,46.345,5.041,0,0,369.40,30555.79,31859.91,27,6292877,6819050,10389254144,38430441472
2025-05-14 07:13:06,47.036,5.077,0,61440,399.20,30555.79,31859.91,27,6293078,6819251,10389254144,38430441472
2025-05-14 07:13:06,45.806,4.686,0,0,89.80,30555.79,31859.91,27,6293278,6819451,10389254144,38430441472
2025-05-14 07:13:06,42.555,4.212,0,0,39.90,30555.79,31859.91,27,6293478,6819651,10389254144,38430441472
2025-05-14 07:13:07,43.689,4.046,0,0,269.50,30555.79,31859.91,27,6293677,6819850,10389254144,38430441472
2025-05-14 07:13:07,45.165,4.696,0,0,109.80,30555.79,31859.91,27,6293876,6820049,10389254144,38430441472
2025-05-14 07:13:07,47.322,4.566,0,0,279.50,30555.79,31859.91,27,6294078,6820251,10389254144,38430441472
2025-05-14 07:13:07,45.145,4.565,0,40960,149.70,30555.79,31859.91,27,6294290,6820467,10389254144,38430482432
2025-05-14 07:13:07,45.392,4.342,0,0,139.70,30555.79,31859.91,27,6294486,6820663,10389254144,38430482432
2025-05-14 07:13:08,46.019,4.439,0,0,159.70,30555.79,31859.91,27,6294687,6820864,10389254144,38430482432
2025-05-14 07:13:08,44.586,4.315,0,0,149.70,30555.79,31859.91,27,6294889,6821066,10389254144,38430482432
2025-05-14 07:13:08,43.743,4.169,0,0,39.90,30555.79,31859.91,27,6295093,6821271,10389254144,38430490624
2025-05-14 07:13:08,43.185,4.193,0,8192,179.70,30555.79,31859.91,27,6295296,6821475,10389254144,38430519296
2025-05-14 07:13:08,46.043,4.353,0,28672,149.70,30555.79,31859.91,27,6295493,6821672,10389254144,38430519296
2025-05-14 07:13:09,44.868,4.398,0,0,139.80,30555.79,31859.91,27,6295694,6821873,10389254144,38430519296
2025-05-14 07:13:09,44.507,4.285,0,0,159.70,30555.79,31859.91,27,6295895,6822074,10389254144,38430519296
2025-05-14 07:13:09,44.280,4.222,0,0,79.90,30555.79,31859.91,27,6296099,6822279,10389254144,38430527488
2025-05-14 07:13:09,41.505,4.060,0,8192,89.80,30555.79,31859.91,27,6296303,6822484,10389254144,38430535680
2025-05-14 07:13:09,44.134,4.245,0,114688,169.70,30555.79,31859.91,27,6296500,6822683,10389254144,38430642176
2025-05-14 07:13:10,47.562,4.491,0,364544,289.50,30555.79,31859.91,27,6296738,6822936,10389254144,38431498240
2025-05-14 07:13:10,45.812,4.967,0,491520,259.50,30555.79,31859.91,27,6296947,6823143,10389254144,38431539200
2025-05-14 07:13:10,45.346,5.194,0,266240,419.30,30555.79,31859.91,27,6297181,6823391,10389254144,38432071680
2025-05-14 07:13:10,49.422,5.705,0,1118208,439.30,30555.79,31859.91,27,6297528,6823798,10389254144,38433767424
2025-05-14 07:13:10,48.303,5.368,0,1310720,419.20,30555.79,31859.91,27,6297805,6824116,10389254144,38434746368
2025-05-14 07:13:11,49.414,5.548,0,1056768,449.10,30555.79,31859.91,27,6298122,6824473,10389254144,38435581952
2025-05-14 07:13:11,48.212,5.336,0,536576,389.20,30555.79,31859.91,27,6298371,6824735,10389254144,38435876864
2025-05-14 07:13:11,47.008,5.160,0,151552,369.30,30555.79,31859.91,27,6298608,6824987,10389254144,38436106240
2025-05-14 07:13:11,46.444,5.394,0,241664,419.30,30555.79,31859.91,27,6298859,6825255,10389254144,38436425728
2025-05-14 07:13:11,48.946,5.597,0,577536,369.30,30555.79,31859.91,27,6299073,6825496,10389254144,38437019648
2025-05-14 07:13:12,48.880,5.250,0,495616,409.30,30555.79,31859.91,27,6299341,6825783,10389254144,38437429248
2025-05-14 07:13:12,47.326,4.951,0,192512,429.20,30555.79,31859.91,27,6299564,6826014,10389254144,38437535744
2025-05-14 07:13:12,46.036,5.022,0,176128,399.10,30555.79,31859.91,27,6299904,6826402,10389254144,38437908480
2025-05-14 07:13:12,47.246,5.116,0,561152,539.00,30555.79,31859.91,27,6300208,6826740,10389254144,38438805504
2025-05-14 07:13:12,48.673,5.528,0,6414336,419.20,30555.79,31859.91,27,6301330,6828515,10389254144,38449459200
2025-05-14 07:13:13,48.058,5.129,0,5062656,409.20,30555.79,31859.91,27,6301596,6828803,10389254144,38449950720
2025-05-14 07:13:13,47.145,5.091,0,548864,409.30,30555.79,31859.91,27,6301862,6829094,10389254144,38450466816
2025-05-14 07:13:13,46.170,5.017,0,450560,399.30,30555.79,31859.91,27,6302096,6829339,10389254144,38450696192
2025-05-14 07:13:13,45.961,4.763,0,53248,399.30,30555.79,31859.91,27,6302309,6829555,10389254144,38450724864
2025-05-14 07:13:13,46.824,4.847,0,12288,379.30,30555.79,31859.91,27,6302510,6829756,10389254144,38450724864
2025-05-14 07:13:14,45.539,4.641,0,0,409.30,30555.79,31859.91,27,6302711,6829957,10389254144,38450724864
2025-05-14 07:13:14,45.247,4.820,0,0,369.40,30555.79,31859.91,27,6302920,6830167,10389254144,38450745344
2025-05-14 07:13:14,44.241,4.925,0,45056,379.60,30555.79,31859.91,27,6303143,6830400,10389254144,38450921472
2025-05-14 07:13:14,45.547,5.076,0,159744,449.30,30555.79,31859.91,27,6303361,6830622,10389254144,38450995200
2025-05-14 07:13:14,46.291,5.482,0,233472,379.40,30555.79,31859.91,27,6303827,6831177,10389254144,38451396608
2025-05-14 07:13:15,45.070,5.194,0,405504,339.30,30555.79,31859.91,27,6304248,6831672,10389254144,38451748864
2025-05-14 07:13:15,45.412,4.927,0,184320,419.30,30555.79,31859.91,27,6304460,6831889,10389254144,38451802112
2025-05-14 07:13:15,46.796,4.991,0,155648,359.40,30555.79,31859.91,27,6304677,6832111,10389254144,38451924992
2025-05-14 07:13:15,45.642,4.931,0,32768,349.40,30555.79,31859.91,27,6304884,6832320,10389254144,38451949568
2025-05-14 07:13:15,46.054,5.060,0,94208,479.10,30555.79,31859.91,27,6305154,6832613,10389254144,38452174848
2025-05-14 07:13:16,48.341,5.505,0,278528,469.20,30555.79,31859.91,27,6305436,6832929,10389254144,38452711424
2025-05-14 07:13:16,47.603,5.383,0,667648,459.20,30555.79,31859.91,27,6305771,6833308,10389254144,38453211136
2025-05-14 07:13:16,47.310,5.116,0,241664,399.30,30555.79,31859.91,27,6305976,6833515,10389254144,38453223424
2025-05-14 07:13:16,46.076,4.762,0,0,379.40,30555.79,31859.91,27,6306188,6833730,10389254144,38453243904
2025-05-14 07:13:16,45.418,4.989,0,188416,429.10,30555.79,31859.91,27,6306570,6834170,10389254144,38453547008
2025-05-14 07:13:17,45.831,4.740,0,135168,409.30,30555.79,31859.91,27,6306771,6834371,10389254144,38453547008
2025-05-14 07:13:17,46.099,5.063,0,9535488,389.40,30555.79,31859.91,27,6307657,6835827,10389254144,38463098880
2025-05-14 07:13:17,45.483,4.942,0,24576,399.30,30555.79,31859.91,27,6307861,6836032,10389254144,38463107072
2025-05-14 07:13:17,45.093,4.910,0,24576,369.30,30555.79,31859.91,27,6308083,6836259,10389254144,38463164416
2025-05-14 07:13:17,45.723,4.868,0,32768,359.40,30555.79,31859.91,27,6308314,6836499,10389254144,38463295488
2025-05-14 07:13:18,46.519,4.844,0,352256,419.20,30555.79,31859.91,27,6308792,6837073,10389254144,38463758336
2025-05-14 07:13:18,47.301,4.636,0,413696,439.20,30555.79,31859.91,27,6309221,6837587,10389254144,38464118784
2025-05-14 07:13:18,47.428,4.923,0,237568,299.50,30555.79,31859.91,27,6309465,6837841,10389254144,38464167936
2025-05-14 07:13:18,46.534,4.886,0,0,309.50,30555.79,31859.91,27,6309661,6838037,10389254144,38464167936
2025-05-14 07:13:18,47.784,4.867,0,0,349.40,30555.79,31859.91,27,6309875,6838257,10389254144,38464212992
2025-05-14 07:13:19,47.329,5.006,0,237568,349.40,30555.79,31859.91,27,6310284,6838734,10389254144,38464495616
2025-05-14 07:13:19,46.211,5.097,0,90112,409.30,30555.79,31859.91,27,6310489,6838939,10389254144,38464495616
2025-05-14 07:13:19,45.442,5.433,0,20480,389.30,30555.79,31859.91,27,6310698,6839150,10389254144,38464516096
2025-05-14 07:13:19,45.868,5.505,0,24576,399.60,30555.79,31859.91,27,6310919,6839376,10389254144,38464557056
2025-05-14 07:13:19,46.884,5.175,0,57344,439.20,30555.79,31859.91,27,6311144,6839609,10389254144,38464638976
2025-05-14 07:13:20,46.664,5.268,0,86016,419.60,30555.79,31859.91,27,6311360,6839830,10389254144,38464712704
2025-05-14 07:13:20,47.134,5.319,0,36864,519.10,30555.79,31859.91,27,6311579,6840054,10389254144,38464815104
2025-05-14 07:13:20,47.664,5.315,0,278528,429.30,30555.79,31859.91,27,6311851,6840352,10389254144,38465101824
2025-05-14 07:13:20,46.518,4.877,0,139264,449.20,30555.79,31859.91,27,6312081,6840593,10389254144,38465245184
2025-05-14 07:13:20,46.956,5.069,0,208896,469.10,30555.79,31859.91,27,6312312,6840835,10389254144,38465429504
2025-05-14 07:13:21,46.764,4.910,0,184320,459.20,30555.79,31859.91,27,6312562,6841103,10389254144,38465581056
2025-05-14 07:13:21,46.039,4.876,0,49152,389.30,30555.79,31859.91,27,6312764,6841305,10389254144,38465581056
2025-05-14 07:13:21,47.240,4.865,0,6148096,349.40,30555.79,31859.91,27,6313366,6842429,10389254144,38471745536
2025-05-14 07:13:21,46.167,4.756,0,57344,359.30,30555.79,31859.91,27,6313614,6842689,10389254144,38471827456
2025-05-14 07:13:21,46.254,4.757,0,86016,349.30,30555.79,31859.91,27,6313839,6842925,10389254144,38471917568
2025-05-14 07:13:22,47.893,4.907,0,94208,389.40,30555.79,31859.91,27,6314059,6843160,10389254144,38472015872
2025-05-14 07:13:22,46.799,4.634,0,77824,369.40,30555.79,31859.91,27,6314280,6843390,10389254144,38472060928
2025-05-14 07:13:22,46.271,4.722,0,32768,379.50,30555.79,31859.91,27,6314512,6843630,10389254144,38472114176
2025-05-14 07:13:22,46.761,4.691,0,69632,329.40,30555.79,31859.91,27,6314715,6843841,10389254144,38472159232
2025-05-14 07:13:22,46.339,4.864,0,32768,389.30,30555.79,31859.91,27,6314938,6844070,10389254144,38472192000
2025-05-14 07:13:23,47.238,4.763,0,28672,379.40,30555.79,31859.91,27,6315152,6844287,10389254144,38472216576
2025-05-14 07:13:23,46.874,4.701,0,16384,369.40,30555.79,31859.91,27,6315363,6844501,10389254144,38472232960
2025-05-14 07:13:23,46.245,4.826,0,8192,359.40,30555.79,31859.91,27,6315564,6844702,10389254144,38472232960
2025-05-14 07:13:23,46.908,4.748,0,0,339.40,30555.79,31859.91,27,6315769,6844908,10389254144,38472241152
2025-05-14 07:13:23,46.765,4.673,0,57344,319.50,30555.79,31859.91,27,6315987,6845132,10389254144,38472298496
2025-05-14 07:13:24,46.514,4.692,0,8192,299.50,30555.79,31859.91,27,6316192,6845337,10389254144,38472298496
2025-05-14 07:13:24,46.314,4.768,0,0,329.50,30555.79,31859.91,27,6316388,6845533,10389254144,38472298496
2025-05-14 07:13:24,45.827,4.868,0,0,299.50,30555.79,31859.91,27,6316589,6845734,10389254144,38472298496
2025-05-14 07:13:24,46.068,4.730,0,0,299.50,30555.79,31859.91,27,6316789,6845934,10389254144,38472298496
2025-05-14 07:13:24,45.999,4.745,0,0,279.60,30555.79,31859.91,27,6316994,6846139,10389254144,38472298496
2025-05-14 07:13:25,45.612,4.742,0,0,309.40,30555.79,31859.91,27,6317192,6846337,10389254144,38472298496
2025-05-14 07:13:25,45.916,4.737,0,0,259.60,30555.79,31859.91,27,6317389,6846534,10389254144,38472298496
2025-05-14 07:13:25,45.002,4.685,0,0,299.50,30555.79,31859.91,27,6317584,6846729,10389254144,38472298496
2025-05-14 07:13:25,45.429,4.671,0,0,329.40,30555.79,31859.91,27,6317790,6846935,10389254144,38472298496
2025-05-14 07:13:25,46.230,4.622,0,0,259.50,30555.79,31859.91,27,6317991,6847136,10389254144,38472298496
2025-05-14 07:13:26,45.715,4.761,0,0,289.50,30555.79,31859.91,27,6318191,6847336,10389254144,38472298496
2025-05-14 07:13:26,45.622,4.797,0,2576384,309.50,30555.79,31859.91,27,6318642,6847828,10389254144,38474891264
2025-05-14 07:13:26,46.005,4.849,0,16384,299.50,30555.79,31859.91,27,6318843,6848029,10389254144,38474891264
2025-05-14 07:13:26,46.373,4.757,0,0,269.60,30555.79,31859.91,27,6319040,6848226,10389254144,38474891264
2025-05-14 07:13:26,46.083,4.700,0,0,269.60,30555.79,31859.91,27,6319245,6848431,10389254144,38474891264
2025-05-14 07:13:27,46.519,4.783,0,0,289.50,30555.79,31859.91,27,6319446,6848632,10389254144,38474891264
2025-05-14 07:13:27,46.220,4.752,0,0,269.50,30555.79,31859.91,27,6319650,6848836,10389254144,38474891264
2025-05-14 07:13:27,45.413,4.778,0,0,279.50,30555.79,31859.91,27,6319851,6849037,10389254144,38474891264
2025-05-14 07:13:27,44.567,4.729,0,0,349.70,30555.79,31859.91,27,6320052,6849238,10389254144,38474891264
2025-05-14 07:13:27,45.558,4.739,0,0,319.50,30555.79,31859.91,27,6320253,6849439,10389254144,38474891264
2025-05-14 07:13:28,45.312,4.762,0,0,269.60,30555.79,31859.91,27,6320455,6849641,10389254144,38474891264
2025-05-14 07:13:28,44.762,4.705,0,0,319.50,30555.79,31859.91,27,6320656,6849842,10389254144,38474891264
2025-05-14 07:13:28,45.218,4.641,0,0,289.50,30555.79,31859.91,27,6320856,6850042,10389254144,38474891264
2025-05-14 07:13:28,45.237,4.654,0,0,289.50,30555.79,31859.91,27,6321057,6850243,10389254144,38474891264
2025-05-14 07:13:29,43.983,4.785,0,0,259.70,30555.79,31859.91,27,6321258,6850444,10389254144,38474891264
2025-05-14 07:13:29,44.497,4.701,0,0,339.30,30555.79,31859.91,27,6321460,6850646,10389254144,38474891264
2025-05-14 07:13:29,45.920,4.961,0,0,279.50,30555.79,31859.91,27,6321633,6850819,10389254144,38474891264
2025-05-14 07:13:29,46.050,5.016,0,0,299.40,30555.79,31859.91,27,6321837,6851023,10389254144,38474891264
2025-05-14 07:13:29,46.788,5.004,0,0,279.50,30555.79,31859.91,27,6322029,6851215,10389254144,38474891264
2025-05-14 07:13:30,47.342,5.016,0,0,269.50,30555.79,31859.91,27,6322225,6851411,10389254144,38474891264
2025-05-14 07:13:30,46.338,4.961,0,12288,289.50,30555.79,31859.91,27,6322427,6851615,10389254144,38474903552
2025-05-14 07:13:30,46.604,4.954,0,0,289.60,30555.79,31859.91,27,6322623,6851811,10389254144,38474903552
2025-05-14 07:13:30,47.879,4.861,0,0,289.50,30555.79,31859.91,27,6322815,6852003,10389254144,38474903552
2025-05-14 07:13:30,45.954,4.748,0,0,289.50,30555.79,31859.91,27,6323016,6852204,10389254144,38474903552
2025-05-14 07:13:31,45.141,4.751,0,0,309.30,30555.79,31859.91,27,6323223,6852411,10389254144,38474903552
2025-05-14 07:13:31,45.207,4.784,0,0,299.50,30555.79,31859.91,27,6323424,6852612,10389254144,38474903552
2025-05-14 07:13:31,45.512,4.746,0,0,299.50,30555.79,31859.91,27,6323625,6852813,10389254144,38474903552
2025-05-14 07:13:31,46.035,4.787,0,0,309.40,30555.79,31859.91,27,6323831,6853019,10389254144,38474903552
2025-05-14 07:13:31,46.521,4.950,0,0,279.50,30555.79,31859.91,27,6324028,6853216,10389254144,38474903552
2025-05-14 07:13:32,44.639,4.814,0,0,299.50,30555.79,31859.91,27,6324228,6853416,10389254144,38474903552
2025-05-14 07:13:32,44.957,4.746,0,0,299.50,30555.79,31859.91,27,6324429,6853617,10389254144,38474903552
2025-05-14 07:13:32,44.260,4.780,0,0,309.50,30555.79,31859.91,27,6324630,6853818,10389254144,38474903552
2025-05-14 07:13:32,46.056,4.890,0,0,289.50,30555.79,31859.91,27,6324831,6854019,10389254144,38474903552
2025-05-14 07:13:32,45.589,4.749,0,0,309.40,30555.79,31859.91,27,6325035,6854225,10389254144,38474911744
2025-05-14 07:13:33,45.634,4.837,0,8192,289.40,30555.79,31859.91,27,6325236,6854426,10389254144,38474911744
2025-05-14 07:13:33,47.025,4.781,0,0,239.60,30555.79,31859.91,27,6325438,6854628,10389254144,38474911744
2025-05-14 07:13:33,45.942,4.732,0,0,299.50,30555.79,31859.91,27,6325640,6854830,10389254144,38474911744
2025-05-14 07:13:33,46.720,4.763,0,0,279.50,30555.79,31859.91,27,6325844,6855034,10389254144,38474911744
2025-05-14 07:13:33,46.693,4.796,0,0,289.50,30555.79,31859.91,27,6326037,6855227,10389254144,38474911744
2025-05-14 07:13:34,46.621,4.784,0,0,299.40,30555.79,31859.91,27,6326236,6855426,10389254144,38474911744
2025-05-14 07:13:34,46.646,4.792,0,0,269.50,30555.79,31859.91,27,6326438,6855628,10389254144,38474911744
2025-05-14 07:13:34,46.228,4.765,0,0,309.50,30555.79,31859.91,27,6326650,6855843,10389254144,38474928128
2025-05-14 07:13:34,46.436,4.884,0,16384,319.40,30555.79,31859.91,27,6326856,6856049,10389254144,38474928128
2025-05-14 07:13:34,46.631,4.923,0,0,219.60,30555.79,31859.91,27,6327046,6856239,10389254144,38474928128
2025-05-14 07:13:35,45.340,5.060,0,0,249.60,30555.79,31859.91,27,6327557,6856968,10389254144,38478069760
2025-05-14 07:13:35,45.757,4.771,0,3141632,309.50,30555.79,31859.91,27,6327755,6857166,10389254144,38478069760
2025-05-14 07:13:35,46.279,4.762,0,0,279.50,30555.79,31859.91,27,6327956,6857367,10389254144,38478069760
2025-05-14 07:13:35,46.702,4.705,0,0,289.50,30555.79,31859.91,27,6328151,6857562,10389254144,38478069760
2025-05-14 07:13:35,46.687,4.679,0,12288,279.50,30555.79,31859.91,27,6328351,6857763,10389254144,38478082048
2025-05-14 07:13:36,46.467,4.662,0,0,299.50,30555.79,31859.91,27,6328560,6857972,10389254144,38478082048
2025-05-14 07:13:36,46.647,4.703,0,0,339.40,30555.79,31859.91,27,6328760,6858172,10389254144,38478082048
2025-05-14 07:13:36,46.578,4.756,0,0,299.50,30555.79,31859.91,27,6328950,6858362,10389254144,38478082048
2025-05-14 07:13:36,46.130,4.811,0,0,249.50,30555.79,31859.91,27,6329150,6858562,10389254144,38478082048
2025-05-14 07:13:36,46.611,4.811,0,0,289.50,30555.79,31859.91,27,6329351,6858763,10389254144,38478082048
2025-05-14 07:13:37,46.414,4.759,0,0,289.50,30555.79,31859.91,27,6329553,6858965,10389254144,38478082048
2025-05-14 07:13:37,46.375,4.685,0,0,239.60,30555.79,31859.91,27,6329755,6859167,10389254144,38478082048
2025-05-14 07:13:37,45.812,4.669,0,0,299.50,30555.79,31859.91,27,6329948,6859360,10389254144,38478082048
2025-05-14 07:13:37,45.809,4.602,0,0,289.50,30555.79,31859.91,27,6330150,6859562,10389254144,38478082048
2025-05-14 07:13:37,46.094,4.549,0,0,299.50,30555.79,31859.91,27,6330355,6859767,10389254144,38478082048
2025-05-14 07:13:38,46.267,4.543,0,0,299.50,30555.79,31859.91,27,6330551,6859963,10389254144,38478082048
2025-05-14 07:13:38,45.890,4.552,0,0,279.60,30555.79,31859.91,27,6330752,6860164,10389254144,38478082048
2025-05-14 07:13:38,46.298,4.667,0,0,289.50,30555.79,31859.91,27,6330953,6860365,10389254144,38478082048
2025-05-14 07:13:38,46.319,4.698,0,0,249.60,30555.79,31859.91,27,6331150,6860562,10389254144,38478082048
2025-05-14 07:13:38,46.075,4.800,0,0,299.50,30555.79,31859.91,27,6331357,6860769,10389254144,38478082048
2025-05-14 07:13:39,46.535,4.725,0,0,289.50,30555.79,31859.91,27,6331561,6860973,10389254144,38478082048
2025-05-14 07:13:39,46.351,4.773,0,0,319.50,30555.79,31859.91,27,6331761,6861173,10389254144,38478082048
2025-05-14 07:13:39,46.387,4.629,0,0,269.60,30555.79,31859.91,27,6331967,6861380,10389254144,38478086144
2025-05-14 07:13:39,46.572,4.707,0,4096,279.50,30555.79,31859.91,27,6332177,6861590,10389254144,38478086144
2025-05-14 07:13:39,45.642,4.599,0,0,229.70,30555.79,31859.91,27,6332377,6861790,10389254144,38478086144
2025-05-14 07:13:40,44.707,4.683,0,0,279.50,30555.79,31859.91,27,6332578,6861991,10389254144,38478086144
2025-05-14 07:13:40,45.344,4.865,0,0,309.50,30555.79,31859.91,27,6332784,6862204,10389254144,38478106624
2025-05-14 07:13:40,45.523,4.794,0,20480,279.50,30555.79,31859.91,27,6332987,6862407,10389254144,38478106624
2025-05-14 07:13:40,44.979,4.759,0,0,339.30,30555.79,31859.91,27,6333189,6862609,10389254144,38478106624
2025-05-14 07:13:40,43.949,4.955,0,0,289.50,30555.79,31859.91,27,6333388,6862808,10389254144,38478106624
2025-05-14 07:13:41,44.040,5.098,0,0,309.40,30555.79,31859.91,27,6333588,6863008,10389254144,38478106624
2025-05-14 07:13:41,46.840,5.108,0,0,329.40,30555.79,31859.91,27,6333792,6863212,10389254144,38478106624
2025-05-14 07:13:41,45.370,4.845,0,0,269.50,30555.79,31859.91,27,6333990,6863410,10389254144,38478106624
2025-05-14 07:13:41,45.868,5.066,0,0,319.50,30555.79,31859.91,27,6334191,6863611,10389254144,38478106624
2025-05-14 07:13:41,47.231,5.165,0,0,369.30,30555.79,31859.91,27,6334384,6863804,10389254144,38478106624
2025-05-14 07:13:42,47.678,5.208,0,0,269.50,30555.79,31859.91,27,6334560,6863980,10389254144,38478106624
2025-05-14 07:13:42,47.894,4.953,0,0,289.80,30555.79,31859.91,27,6334759,6864179,10389254144,38478106624
2025-05-14 07:13:42,47.628,4.951,0,0,239.60,30555.79,31859.91,27,6334964,6864384,10389254144,38478106624
2025-05-14 07:13:42,45.702,4.789,0,0,309.50,30555.79,31859.91,27,6335164,6864584,10389254144,38478106624
2025-05-14 07:13:42,45.837,4.899,0,0,249.50,30555.79,31859.91,27,6335365,6864785,10389254144,38478106624
2025-05-14 07:13:43,46.625,4.905,0,0,299.40,30555.79,31859.91,27,6335567,6864987,10389254144,38478106624
2025-05-14 07:13:43,45.299,4.909,0,0,309.50,30555.79,31859.91,27,6335766,6865186,10389254144,38478106624
2025-05-14 07:13:43,45.313,5.000,0,0,369.20,30555.79,31859.91,27,6335964,6865384,10389254144,38478106624
2025-05-14 07:13:43,45.543,5.209,0,0,279.50,30555.79,31859.91,27,6336152,6865572,10389254144,38478106624
2025-05-14 07:13:43,45.745,5.093,0,0,239.60,30555.79,31859.91,27,6336298,6865718,10389254144,38478106624
2025-05-14 07:13:44,46.422,4.952,0,0,299.50,30555.79,31859.91,27,6336503,6865923,10389254144,38478106624
2025-05-14 07:13:44,45.297,4.797,0,0,319.40,30555.79,31859.91,27,6336704,6866124,10389254144,38478106624
2025-05-14 07:13:44,45.430,4.849,0,0,289.50,30555.79,31859.91,27,6336913,6866336,10389254144,38478118912
2025-05-14 07:13:44,44.812,4.732,0,12288,299.50,30555.79,31859.91,27,6337113,6866536,10389254144,38478118912
2025-05-14 07:13:44,44.821,4.696,0,0,279.50,30555.79,31859.91,27,6337315,6866738,10389254144,38478118912
2025-05-14 07:13:45,44.585,4.650,0,0,299.50,30555.78,31819.89,22,6337516,6866939,10389254144,38478118912
2025-05-14 07:13:45,44.917,4.632,0,0,339.40,30555.78,31819.89,22,6337717,6867140,10389254144,38478118912
2025-05-14 07:13:45,44.949,4.640,0,0,269.60,30555.78,31819.89,22,6337918,6867341,10389254144,38478118912
2025-05-14 07:13:45,45.084,4.632,0,0,299.50,30555.79,31803.88,20,6338119,6867542,10389254144,38478118912
2025-05-14 07:13:45,44.910,4.596,0,0,279.50,30555.79,31803.88,20,6338319,6867742,10389254144,38478118912
2025-05-14 07:13:46,44.364,4.745,0,0,309.50,30555.79,31803.88,20,6338520,6867943,10389254144,38478118912
2025-05-14 07:13:46,45.198,4.677,0,0,279.50,30555.79,31803.88,20,6338721,6868144,10389254144,38478118912
2025-05-14 07:13:46,42.802,4.857,0,0,279.50,30555.79,31803.88,20,6338922,6868345,10389254144,38478118912
2025-05-14 07:13:46,45.407,4.714,0,0,359.40,30555.79,31803.88,20,6339112,6868535,10389254144,38478118912
2025-05-14 07:13:46,47.249,5.135,0,0,289.50,30555.79,31803.88,20,6339326,6868759,10389254144,38478647296
2025-05-14 07:13:47,46.208,4.766,0,2363392,479.30,30555.79,31803.88,20,6339685,6869177,10389254144,38482157568
2025-05-14 07:13:47,49.482,5.187,0,1675264,169.70,30555.79,31803.88,20,6339876,6869368,10389254144,38482157568
2025-05-14 07:13:47,46.419,4.418,0,0,159.70,30555.79,31803.88,20,6340078,6869570,10389254144,38482157568
2025-05-14 07:13:47,46.537,4.411,0,0,249.60,30555.79,31803.88,20,6340276,6869768,10389254144,38482157568
2025-05-14 07:13:47,46.783,4.479,0,0,219.60,30555.79,31803.88,20,6340469,6869961,10389254144,38482157568
2025-05-14 07:13:48,46.340,4.369,0,0,149.70,30555.79,31803.88,20,6340671,6870163,10389254144,38482157568
2025-05-14 07:13:48,44.786,4.306,0,0,169.70,30555.79,31803.88,20,6340872,6870364,10389254144,38482157568
2025-05-14 07:13:48,45.585,4.204,0,0,159.70,30555.79,31803.88,20,6341071,6870563,10389254144,38482157568
2025-05-14 07:13:48,43.721,4.018,0,0,159.70,30555.79,31803.88,20,6341271,6870763,10389254144,38482157568
2025-05-14 07:13:48,45.357,4.235,0,0,159.70,30555.79,31803.88,20,6341473,6870965,10389254144,38482157568
2025-05-14 07:13:49,44.712,4.184,0,0,149.80,30555.79,31803.88,20,6341674,6871166,10389254144,38482157568
2025-05-14 07:13:49,43.390,3.993,0,0,149.70,30555.79,31803.88,20,6341875,6871367,10389254144,38482157568
2025-05-14 07:13:49,44.676,4.164,0,0,149.70,30555.79,31803.88,20,6342076,6871568,10389254144,38482157568
2025-05-14 07:13:49,43.558,4.023,0,0,49.90,30555.79,31803.88,20,6342277,6871769,10389254144,38482157568
2025-05-14 07:13:49,42.125,3.949,0,0,39.90,30555.79,31803.88,20,6342479,6871971,10389254144,38482157568
2025-05-14 07:13:50,43.086,3.896,0,0,109.80,30555.79,31803.88,20,6342680,6872172,10389254144,38482157568
2025-05-14 07:13:50,45.311,4.292,0,0,159.70,30555.79,31803.88,20,6342882,6872374,10389254144,38482157568
2025-05-14 07:13:50,44.825,4.183,0,0,159.70,30555.79,31803.88,20,6343083,6872575,10389254144,38482157568
2025-05-14 07:13:50,43.196,4.086,0,0,169.70,30555.79,31803.88,20,6343282,6872774,10389254144,38482157568
2025-05-14 07:13:50,45.560,4.307,0,0,159.70,30555.79,31803.88,20,6343484,6872976,10389254144,38482157568
2025-05-14 07:13:51,44.575,4.127,0,0,109.80,30555.79,31803.88,20,6343684,6873176,10389254144,38482157568
2025-05-14 07:13:51,43.572,4.193,0,0,139.80,30555.79,31803.88,20,6343885,6873377,10389254144,38482157568
2025-05-14 07:13:51,44.110,4.035,0,0,49.90,30555.79,31803.88,20,6344087,6873579,10389254144,38482157568
2025-05-14 07:13:51,42.191,3.975,0,0,59.90,30555.79,31803.88,20,6344288,6873780,10389254144,38482157568
2025-05-14 07:13:51,44.634,4.316,0,0,39.90,30555.79,31803.88,20,6344487,6873979,10389254144,38482157568
2025-05-14 07:13:52,42.143,3.838,0,0,39.90,30555.79,31803.88,20,6344688,6874180,10389254144,38482157568
2025-05-14 07:13:52,40.904,3.871,0,0,49.90,30555.79,31803.88,20,6344889,6874381,10389254144,38482157568
2025-05-14 07:13:52,40.411,3.799,0,0,49.90,30555.79,31803.88,20,6345090,6874582,10389254144,38482157568
2025-05-14 07:13:52,40.608,3.914,0,0,59.90,30555.79,31803.88,20,6345291,6874783,10389254144,38482157568
2025-05-14 07:13:52,39.662,3.873,0,0,49.90,30555.79,31803.88,20,6345492,6874984,10389254144,38482157568
2025-05-14 07:13:53,38.148,3.878,0,0,39.90,30555.79,31803.88,20,6345693,6875185,10389254144,38482157568
2025-05-14 07:13:53,40.088,3.957,0,0,59.90,30555.79,31803.88,20,6345894,6875386,10389254144,38482157568
2025-05-14 07:13:53,41.010,3.949,0,0,69.90,30555.79,31803.88,20,6346095,6875587,10389254144,38482157568
2025-05-14 07:13:53,38.316,3.933,0,0,79.90,30555.79,31803.88,20,6346297,6875789,10389254144,38482157568
2025-05-14 07:13:53,41.712,4.087,0,0,50.00,30555.79,31803.88,20,6346498,6875990,10389254144,38482157568
2025-05-14 07:13:54,38.576,3.896,0,0,59.90,30555.79,31803.88,20,6346699,6876191,10389254144,38482157568
2025-05-14 07:13:54,39.344,3.892,0,0,59.90,30555.79,31803.88,20,6346900,6876392,10389254144,38482157568
2025-05-14 07:13:54,39.656,3.946,0,0,59.90,30555.79,31803.88,20,6347101,6876593,10389254144,38482157568
2025-05-14 07:13:54,37.977,3.851,0,0,59.90,30555.79,31803.88,20,6347302,6876794,10389254144,38482157568
2025-05-14 07:13:54,39.108,3.952,0,0,49.90,30555.79,31803.88,20,6347501,6876993,10389254144,38482157568
2025-05-14 07:13:55,40.611,3.956,0,0,49.90,30555.79,31803.88,20,6347702,6877194,10389254144,38482157568
2025-05-14 07:13:55,39.201,3.873,0,0,59.90,30555.79,31803.88,20,6347903,6877395,10389254144,38482157568
2025-05-14 07:13:55,38.976,3.972,0,0,69.90,30555.79,31803.88,20,6348105,6877597,10389254144,38482157568
2025-05-14 07:13:55,40.219,3.908,0,0,59.90,30555.79,31803.88,20,6348302,6877794,10389254144,38482157568
2025-05-14 07:13:55,42.861,4.052,0,0,159.70,30555.79,31803.88,20,6348503,6877995,10389254144,38482157568
2025-05-14 07:13:56,44.250,4.378,0,0,109.80,30555.79,31803.88,20,6348704,6878196,10389254144,38482157568
2025-05-14 07:13:56,43.967,4.385,0,0,159.70,30555.79,31803.88,20,6348907,6878399,10389254144,38482157568
2025-05-14 07:13:56,46.316,4.598,0,0,109.80,30555.79,31803.88,20,6349111,6878603,10389254144,38482157568
2025-05-14 07:13:56,42.135,4.141,0,0,129.70,30555.79,31803.88,20,6349316,6878811,10389254144,38482165760
2025-05-14 07:13:56,45.996,4.330,0,8192,39.90,30555.79,31803.88,20,6349513,6879009,10389254144,38482165760
2025-05-14 07:13:57,44.001,3.954,0,0,59.90,30555.74,31763.86,15,6349715,6879210,10389254144,38482165760
2025-05-14 07:13:57,41.615,4.081,0,0,39.90,30555.74,31763.86,15,6349916,6879411,10389254144,38482165760
2025-05-14 07:13:57,42.133,4.071,0,0,109.80,30555.74,31763.86,15,6350116,6879611,10389254144,38482165760
2025-05-14 07:13:57,43.522,4.238,0,0,59.90,30555.74,31763.86,15,6350315,6879810,10389254144,38482165760
2025-05-14 07:13:57,45.290,4.147,0,0,39.90,30555.74,31763.86,15,6350516,6880011,10389254144,38482165760
2025-05-14 07:13:58,42.967,4.040,0,0,49.90,30555.74,31763.86,15,6350717,6880212,10389254144,38482165760
2025-05-14 07:13:58,41.109,3.874,0,0,49.90,30555.74,31763.86,15,6350918,6880413,10389254144,38482165760
2025-05-14 07:13:58,41.019,3.886,0,0,59.90,30555.74,31763.86,15,6351120,6880615,10389254144,38482165760
2025-05-14 07:13:58,40.346,3.854,0,0,49.90,30555.74,31763.86,15,6351320,6880815,10389254144,38482165760
2025-05-14 07:13:58,41.335,3.920,0,0,49.90,30555.74,31763.86,15,6351521,6881016,10389254144,38482165760
2025-05-14 07:13:59,42.680,3.865,0,0,69.90,30555.74,31763.86,15,6351722,6881217,10389254144,38482165760
2025-05-14 07:13:59,41.170,3.864,0,0,39.90,30555.74,31763.86,15,6351924,6881419,10389254144,38482165760
2025-05-14 07:13:59,42.320,3.992,0,0,39.90,30555.74,31763.86,15,6352125,6881620,10389254144,38482165760
2025-05-14 07:13:59,42.424,4.003,0,0,39.90,30555.74,31763.86,15,6352326,6881821,10389254144,38482165760
2025-05-14 07:13:59,43.032,3.960,0,0,89.80,30555.74,31763.86,15,6352527,6882022,10389254144,38482165760
2025-05-14 07:14:00,41.511,3.924,0,0,69.90,30555.74,31763.86,15,6352737,6882234,10389254144,38482173952
2025-05-14 07:14:00,41.828,3.873,0,8192,39.90,30555.74,31763.86,15,6352943,6882440,10389254144,38482173952
2025-05-14 07:14:00,41.351,3.836,0,0,39.90,30555.74,31763.86,15,6353143,6882640,10389254144,38482173952
2025-05-14 07:14:00,44.125,3.925,0,0,39.90,30555.74,31763.86,15,6353338,6882835,10389254144,38482173952
2025-05-14 07:14:01,45.786,4.033,0,0,39.90,30555.74,31763.86,15,6353539,6883036,10389254144,38482173952
2025-05-14 07:14:01,44.493,4.127,0,0,39.90,30555.74,31763.86,15,6353741,6883238,10389254144,38482173952
2025-05-14 07:14:01,42.525,3.978,0,0,49.90,30555.74,31763.86,15,6353942,6883439,10389254144,38482173952
2025-05-14 07:14:01,43.628,3.982,0,0,59.90,30555.74,31763.86,15,6354143,6883640,10389254144,38482173952
2025-05-14 07:14:01,41.266,3.880,0,0,59.90,30555.74,31763.86,15,6354345,6883842,10389254144,38482173952
2025-05-14 07:14:02,42.676,4.086,0,0,49.90,30555.74,31763.86,15,6354546,6884043,10389254144,38482173952
2025-05-14 07:14:02,41.627,3.906,0,0,59.90,30555.74,31763.86,15,6354747,6884244,10389254144,38482173952
2025-05-14 07:14:02,42.126,3.874,0,0,49.90,30555.74,31763.86,15,6354948,6884446,10389254144,38482173952
2025-05-14 07:14:02,42.629,3.970,0,0,49.90,30555.74,31763.86,15,6355149,6884646,10389254144,38482173952
2025-05-14 07:14:02,41.518,3.825,0,0,59.90,30555.74,31763.86,15,6355350,6884847,10389254144,38482173952
2025-05-14 07:14:03,42.261,3.850,0,0,39.90,30555.74,31763.86,15,6355551,6885048,10389254144,38482173952
2025-05-14 07:14:03,42.562,3.874,0,0,39.90,30555.74,31763.86,15,6355753,6885250,10389254144,38482173952
2025-05-14 07:14:03,40.640,3.786,0,0,39.90,30555.74,31763.86,15,6355954,6885451,10389254144,38482173952
2025-05-14 07:14:03,44.320,3.952,0,0,39.90,30555.74,31763.86,15,6356156,6885653,10389254144,38482173952
2025-05-14 07:14:03,45.955,4.002,0,0,49.90,30555.74,31763.86,15,6356354,6885851,10389254144,38482173952
2025-05-14 07:14:04,45.837,4.091,0,0,39.90,30555.74,31763.86,15,6356555,6886052,10389254144,38482173952
2025-05-14 07:14:04,45.479,4.012,0,0,49.90,30555.74,31763.86,15,6356756,6886253,10389254144,38482173952
2025-05-14 07:14:04,42.923,3.862,0,0,49.90,30555.74,31763.86,15,6356958,6886455,10389254144,38482173952
2025-05-14 07:14:04,40.812,3.915,0,0,39.90,30555.74,31763.86,15,6357158,6886655,10389254144,38482173952
2025-05-14 07:14:04,41.090,3.859,0,0,39.90,30555.74,31763.86,15,6357359,6886856,10389254144,38482173952
2025-05-14 07:14:05,46.158,4.110,0,0,39.90,30555.74,31763.86,15,6357561,6887058,10389254144,38482173952
2025-05-14 07:14:05,45.080,4.035,0,0,69.90,30555.74,31763.86,15,6357780,6887290,10389254144,38483562496
2025-05-14 07:14:05,42.278,4.026,0,1847296,109.80,30555.74,31763.86,15,6357986,6887501,10389254144,38484021248
2025-05-14 07:14:05,45.290,4.580,0,0,159.70,30555.74,31763.86,15,6358187,6887702,10389254144,38484021248
2025-05-14 07:14:05,45.227,4.402,0,0,69.90,30555.74,31763.86,15,6358391,6887906,10389254144,38484021248
2025-05-14 07:14:06,46.584,4.229,0,0,69.90,30555.74,31763.86,15,6358591,6888106,10389254144,38484021248
2025-05-14 07:14:06,43.344,4.187,0,0,59.90,30555.74,31763.86,15,6358793,6888308,10389254144,38484021248
2025-05-14 07:14:06,41.949,4.080,0,0,49.90,30555.74,31763.86,15,6358994,6888509,10389254144,38484021248
2025-05-14 07:14:06,41.626,4.064,0,0,79.90,30555.74,31763.86,15,6359189,6888704,10389254144,38484021248
2025-05-14 07:14:06,44.237,4.344,0,0,229.60,30555.74,31763.86,15,6359372,6888887,10389254144,38484021248
2025-05-14 07:14:07,47.896,4.735,0,0,189.70,30555.74,31763.86,15,6359580,6889097,10389254144,38484033536
2025-05-14 07:14:07,44.300,4.380,0,12288,159.70,30555.74,31763.86,15,6359781,6889298,10389254144,38484033536
2025-05-14 07:14:07,44.079,4.079,0,0,149.70,30555.74,31763.86,15,6359982,6889499,10389254144,38484033536
2025-05-14 07:14:07,43.834,4.075,0,0,159.70,30555.74,31763.86,15,6360183,6889700,10389254144,38484033536
2025-05-14 07:14:07,43.925,4.179,0,0,169.70,30555.74,31763.86,15,6360385,6889902,10389254144,38484033536
2025-05-14 07:14:08,44.748,4.200,0,0,159.70,30555.74,31763.86,15,6360586,6890103,10389254144,38484033536
2025-05-14 07:14:08,44.194,4.178,0,0,159.70,30555.74,31763.86,15,6360787,6890304,10389254144,38484033536
2025-05-14 07:14:08,43.565,4.153,0,0,159.70,30555.74,31763.86,15,6360988,6890505,10389254144,38484033536
2025-05-14 07:14:08,43.881,4.120,0,0,159.70,30555.74,31763.86,15,6361188,6890705,10389254144,38484033536
2025-05-14 07:14:08,44.191,4.219,0,0,149.80,30555.74,31763.86,15,6361389,6890906,10389254144,38484033536
2025-05-14 07:14:09,43.995,4.129,0,0,169.70,30555.74,31763.86,15,6361591,6891108,10389254144,38484033536
2025-05-14 07:14:09,44.239,4.238,0,0,159.70,30555.74,31763.86,15,6361780,6891297,10389254144,38484033536
2025-05-14 07:14:09,46.930,4.398,0,0,159.70,30555.74,31763.86,15,6361979,6891496,10389254144,38484033536
2025-05-14 07:14:09,44.201,4.235,0,0,99.80,30555.74,31763.86,15,6362181,6891698,10389254144,38484033536
2025-05-14 07:14:09,44.137,4.200,0,0,39.90,30555.74,31763.86,15,6362379,6891896,10389254144,38484033536
2025-05-14 07:14:10,45.242,4.332,106496,0,59.90,30555.74,31763.86,15,6362586,6892101,10389360640,38484033536
2025-05-14 07:14:10,44.037,4.526,212992,0,139.80,30555.74,31763.86,15,6362874,6892387,10389606400,38484135936
2025-05-14 07:14:10,44.006,4.557,36864,188416,49.90,30555.74,31763.86,15,6363156,6892656,10389610496,38484221952
2025-05-14 07:14:10,42.065,4.219,0,0,59.90,30555.74,31763.86,15,6363361,6892861,10389610496,38484221952
2025-05-14 07:14:10,42.453,4.154,0,0,59.90,30555.74,31763.86,15,6363562,6893062,10389610496,38484221952
2025-05-14 07:14:11,44.846,4.171,0,0,89.80,30555.74,31763.86,15,6363766,6893265,10389614592,38484221952
2025-05-14 07:14:11,40.618,4.124,4096,16384,119.80,30555.74,31763.86,15,6364020,6893517,10389614592,38484303872
2025-05-14 07:14:11,40.763,4.241,0,65536,139.80,30555.74,31763.86,15,6364235,6893734,10389622784,38484320256
2025-05-14 07:14:11,41.274,4.221,8192,16384,69.90,30555.74,31763.86,15,6364436,6893935,10389622784,38484320256
2025-05-14 07:14:11,41.282,4.087,0,0,59.90,30555.74,31763.86,15,6364637,6894136,10389622784,38484320256
2025-05-14 07:14:12,42.305,4.215,0,16384,49.90,30555.74,31763.86,15,6364846,6894349,10389622784,38484336640
2025-05-14 07:14:12,42.372,4.238,0,0,79.90,30555.74,31763.86,15,6365053,6894558,10389622784,38484348928
2025-05-14 07:14:12,41.230,4.053,0,12288,39.90,30555.74,31763.86,15,6365255,6894760,10389622784,38484348928
2025-05-14 07:14:12,41.687,3.967,0,0,49.90,30555.74,31763.86,15,6365455,6894960,10389622784,38484348928
2025-05-14 07:14:12,42.997,4.105,0,12288,59.90,30555.74,31763.86,15,6365662,6895169,10389622784,38484361216
2025-05-14 07:14:13,40.849,3.945,0,0,59.90,30555.74,31763.86,15,6365864,6895371,10389622784,38484361216
2025-05-14 07:14:13,41.556,4.038,0,0,49.90,30555.74,31763.86,15,6366065,6895572,10389622784,38484361216
2025-05-14 07:14:13,41.959,3.985,0,0,129.80,30555.74,31763.86,15,6366296,6895797,10389630976,38484377600
2025-05-14 07:14:13,42.513,4.109,8192,16384,59.90,30555.74,31763.86,15,6366497,6895998,10389630976,38484377600
2025-05-14 07:14:13,43.719,4.189,0,0,49.90,30555.74,31763.86,15,6366699,6896200,10389630976,38484377600
2025-05-14 07:14:14,42.387,4.024,0,0,89.80,30555.74,31763.86,15,6366903,6896404,10389630976,38484377600
2025-05-14 07:14:14,42.673,4.002,0,4096,69.90,30555.74,31763.86,15,6367110,6896611,10389635072,38484381696
2025-05-14 07:14:14,42.303,4.231,28672,28672,169.70,30555.74,31763.86,15,6367410,6896924,10389663744,38484598784
2025-05-14 07:14:14,42.565,4.131,4096,262144,39.90,30555.74,31763.86,15,6367639,6897163,10389663744,38484672512
2025-05-14 07:14:14,43.269,4.014,0,0,39.90,30555.74,31763.86,15,6367840,6897364,10389663744,38484672512
2025-05-14 07:14:15,42.156,4.019,0,0,39.90,30555.74,31763.86,15,6368041,6897565,10389663744,38484672512
2025-05-14 07:14:15,41.376,3.924,0,0,89.80,30555.74,31763.86,15,6368242,6897766,10389663744,38484672512
2025-05-14 07:14:15,41.463,4.117,0,0,49.90,30555.74,31763.86,15,6368444,6897968,10389663744,38484672512
2025-05-14 07:14:15,41.782,4.060,0,0,89.80,30555.74,31763.86,15,6368651,6898173,10389663744,38484672512
2025-05-14 07:14:15,44.129,4.073,0,0,79.90,30555.74,31763.86,15,6368852,6898374,10389663744,38484672512
2025-05-14 07:14:16,40.880,4.094,0,77824,40.00,30555.74,31763.86,15,6369083,6898615,10389663744,38484750336
2025-05-14 07:14:16,40.240,3.798,0,0,69.90,30555.74,31763.86,15,6369284,6898816,10389663744,38484750336
2025-05-14 07:14:16,41.255,3.862,0,0,49.90,30555.74,31763.86,15,6369485,6899017,10389663744,38484750336
2025-05-14 07:14:16,42.617,3.921,0,0,179.70,30555.74,31763.86,15,6369700,6899228,10389807104,38484750336
2025-05-14 07:14:16,44.478,4.358,143360,36864,59.90,30555.74,31763.86,15,6369910,6899441,10389807104,38484787200
2025-05-14 07:14:17,43.191,4.273,8192,32768,159.70,30555.74,31763.86,15,6370168,6899704,10389880832,38484918272
2025-05-14 07:14:17,44.287,4.538,110592,315392,479.20,30555.74,31763.86,15,6370544,6900119,10390159360,38485504000
2025-05-14 07:14:17,47.664,4.916,233472,368640,359.30,30555.74,31763.86,15,6370758,6900334,10390171648,38485549056
2025-05-14 07:14:17,46.481,4.627,20480,122880,69.90,30555.74,31763.86,15,6370989,6900571,10390179840,38485635072
2025-05-14 07:14:17,43.239,4.159,0,8192,49.90,30555.74,31763.86,15,6371190,6900772,10390179840,38485635072
2025-05-14 07:14:18,43.668,4.184,0,0,39.90,30555.74,31763.86,15,6371392,6900974,10390179840,38485635072
2025-05-14 07:14:18,41.790,4.042,73728,0,269.50,30555.74,31763.86,15,6371644,6901231,10390405120,38485807104
2025-05-14 07:14:18,47.284,4.828,163840,286720,179.70,30555.74,31763.86,15,6371918,6901532,10390417408,38485991424
2025-05-14 07:14:18,44.600,4.268,0,69632,39.90,30555.74,31763.86,15,6372119,6901733,10390417408,38485991424
2025-05-14 07:14:18,43.192,3.994,0,0,59.90,30555.74,31763.86,15,6372320,6901934,10390417408,38485991424
2025-05-14 07:14:19,42.408,4.013,0,0,69.90,30555.74,31763.86,15,6372521,6902135,10390417408,38485991424
2025-05-14 07:14:19,41.642,3.949,0,0,59.90,30555.74,31763.86,15,6372723,6902337,10390417408,38485991424
2025-05-14 07:14:19,42.010,3.959,0,0,79.90,30555.74,31763.86,15,6372924,6902538,10390417408,38485991424
2025-05-14 07:14:19,45.319,4.278,0,0,219.60,30555.74,31763.86,15,6373131,6902747,10390417408,38486028288
2025-05-14 07:14:19,45.922,4.726,0,159744,389.30,30555.74,31763.86,15,6373417,6903063,10390417408,38486405120
2025-05-14 07:14:20,48.128,4.904,0,319488,339.40,30555.74,31763.86,15,6373654,6903311,10390417408,38486470656
2025-05-14 07:14:20,44.652,4.374,0,0,49.90,30555.74,31763.86,15,6373855,6903512,10390417408,38486470656
2025-05-14 07:14:20,40.221,3.895,0,0,49.90,30555.74,31763.86,15,6374056,6903713,10390417408,38486470656
2025-05-14 07:14:20,40.217,3.827,0,0,49.90,30555.74,31763.86,15,6374256,6903913,10390417408,38486470656
2025-05-14 07:14:20,43.707,4.042,0,24576,59.90,30555.74,31763.86,15,6374464,6904123,10390417408,38486495232
2025-05-14 07:14:21,43.068,3.974,0,0,49.90,30555.74,31763.86,15,6374663,6904322,10390417408,38486495232
2025-05-14 07:14:21,42.735,4.155,0,0,49.90,30555.74,31763.86,15,6374864,6904523,10390417408,38486495232
2025-05-14 07:14:21,45.341,4.159,0,0,49.90,30555.74,31763.86,15,6375066,6904725,10390417408,38486495232
2025-05-14 07:14:21,43.784,3.974,0,0,49.90,30555.74,31763.86,15,6375267,6904926,10390417408,38486495232
2025-05-14 07:14:21,44.041,4.027,0,0,49.90,30555.74,31763.86,15,6375468,6905127,10390417408,38486495232
2025-05-14 07:14:22,42.254,4.037,0,0,59.90,30555.74,31763.86,15,6375669,6905328,10390417408,38486495232
2025-05-14 07:14:22,43.989,3.987,0,0,49.90,30555.74,31763.86,15,6375871,6905530,10390417408,38486495232
2025-05-14 07:14:22,45.310,4.095,0,0,69.90,30555.74,31763.86,15,6376072,6905731,10390417408,38486495232
2025-05-14 07:14:22,43.092,4.153,0,0,139.80,30555.74,31763.86,15,6376271,6905930,10390417408,38486495232
2025-05-14 07:14:22,44.784,4.589,0,0,69.90,30555.74,31763.86,15,6376472,6906131,10390417408,38486495232
2025-05-14 07:14:23,45.193,4.350,0,0,49.90,30555.74,31763.86,15,6376673,6906332,10390417408,38486495232
2025-05-14 07:14:23,42.836,4.008,0,0,69.90,30555.74,31763.86,15,6376875,6906534,10390417408,38486495232
2025-05-14 07:14:23,40.756,4.046,0,4096,30.00,30555.74,31763.86,15,6377079,6906739,10390417408,38486499328
2025-05-14 07:14:23,42.971,4.054,0,0,59.90,30555.74,31763.86,15,6377279,6906939,10390417408,38486499328
2025-05-14 07:14:23,45.449,4.075,0,0,59.90,30555.74,31763.86,15,6377480,6907140,10390417408,38486499328
2025-05-14 07:14:24,45.228,4.414,0,0,279.50,30555.74,31763.86,15,6377683,6907343,10390417408,38486499328
2025-05-14 07:14:24,47.443,4.731,0,0,179.70,30555.74,31763.86,15,6377882,6907542,10390417408,38486499328
2025-05-14 07:14:24,45.729,4.271,0,0,149.80,30555.74,31763.86,15,6378083,6907743,10390417408,38486499328
2025-05-14 07:14:24,44.045,4.315,0,0,159.70,30555.74,31763.86,15,6378283,6907943,10390417408,38486499328
2025-05-14 07:14:24,46.291,4.385,0,0,169.70,30555.74,31763.86,15,6378482,6908142,10390417408,38486499328
2025-05-14 07:14:25,45.002,4.195,0,0,159.70,30555.74,31763.86,15,6378683,6908343,10390417408,38486499328
2025-05-14 07:14:25,43.893,4.089,0,0,159.70,30555.74,31763.86,15,6378884,6908544,10390417408,38486499328
2025-05-14 07:14:25,43.556,4.087,0,0,169.70,30555.74,31763.86,15,6379085,6908745,10390417408,38486499328
2025-05-14 07:14:25,45.113,4.201,0,0,159.70,30555.74,31763.86,15,6379287,6908947,10390417408,38486499328
2025-05-14 07:14:25,44.216,4.150,0,0,159.70,30555.74,31763.86,15,6379488,6909148,10390417408,38486499328
2025-05-14 07:14:26,42.667,4.239,0,0,149.70,30555.74,31763.86,15,6379689,6909349,10390417408,38486499328
2025-05-14 07:14:26,42.613,4.149,0,0,159.70,30555.74,31763.86,15,6379890,6909550,10390417408,38486499328
2025-05-14 07:14:26,43.315,4.249,0,0,169.70,30555.74,31763.86,15,6380085,6909745,10390417408,38486499328
2025-05-14 07:14:26,46.917,4.459,0,0,149.70,30555.74,31763.86,15,6380283,6909943,10390417408,38486499328
2025-05-14 07:14:26,44.451,4.261,0,0,149.80,30555.74,31763.86,15,6380484,6910144,10390417408,38486499328
2025-05-14 07:14:27,42.625,4.266,0,0,49.90,30555.74,31763.86,15,6380686,6910346,10390417408,38486499328
2025-05-14 07:14:27,38.671,3.950,0,0,79.90,30555.74,31763.86,15,6380887,6910547,10390417408,38486499328
2025-05-14 07:14:27,43.541,4.481,4096,966656,79.90,30555.74,31763.86,18,6381093,6910766,10390421504,38487486464
2025-05-14 07:14:27,41.053,4.215,0,20480,49.90,30555.74,31763.86,18,6381294,6910967,10390421504,38487486464
2025-05-14 07:14:27,45.267,4.148,0,0,59.90,30555.74,31763.86,18,6381495,6911168,10390421504,38487486464
2025-05-14 07:14:28,41.308,4.073,0,0,59.90,30555.74,31763.86,18,6381697,6911370,10390421504,38487486464
2025-05-14 07:14:28,40.013,3.989,0,0,59.90,30555.74,31763.86,18,6381898,6911571,10390421504,38487486464
2025-05-14 07:14:28,40.055,4.137,0,36864,59.90,30555.74,31763.86,18,6382116,6911795,10390421504,38487523328
2025-05-14 07:14:28,41.225,4.090,0,0,99.80,30555.74,31763.86,18,6382311,6911990,10390421504,38487523328
2025-05-14 07:14:28,43.098,4.152,0,0,79.90,30555.74,31763.86,18,6382513,6912192,10390421504,38487523328
2025-05-14 07:14:29,40.200,4.107,0,0,79.90,30555.74,31763.86,18,6382714,6912393,10390421504,38487523328
2025-05-14 07:14:29,40.411,4.017,0,0,59.90,30555.74,31763.86,18,6382915,6912594,10390421504,38487523328
2025-05-14 07:14:29,39.953,3.971,0,0,49.90,30555.74,31763.86,18,6383116,6912795,10390421504,38487523328
2025-05-14 07:14:29,39.580,3.922,0,0,59.90,30555.74,31763.86,18,6383316,6912995,10390421504,38487523328
2025-05-14 07:14:29,41.357,4.038,0,12288,59.90,30555.74,31763.86,18,6383523,6913204,10390421504,38487535616
2025-05-14 07:14:30,41.166,4.014,0,0,49.90,30555.74,31763.86,18,6383724,6913405,10390421504,38487535616
2025-05-14 07:14:30,40.416,3.957,0,0,89.80,30555.74,31763.86,18,6383924,6913605,10390421504,38487535616
2025-05-14 07:14:30,41.050,4.163,0,40960,39.90,30555.74,31763.86,18,6384142,6913827,10390421504,38487576576
2025-05-14 07:14:30,41.471,4.026,0,0,89.90,30555.74,31763.86,18,6384345,6914029,10390421504,38487576576
2025-05-14 07:14:30,42.994,4.056,0,0,59.90,30555.74,31763.86,18,6384547,6914231,10390421504,38487576576
2025-05-14 07:14:31,43.866,4.180,0,0,49.90,30555.74,31763.86,18,6384745,6914429,10390421504,38487576576
2025-05-14 07:14:31,41.743,4.102,0,0,149.90,30555.74,31763.86,18,6384974,6914672,10390421504,38487683072
2025-05-14 07:14:31,42.691,4.042,0,143360,49.90,30555.74,31763.86,18,6385190,6914893,10390421504,38487719936
2025-05-14 07:14:31,41.073,3.952,0,0,69.90,30555.74,31763.86,18,6385391,6915094,10390421504,38487719936
2025-05-14 07:14:31,43.386,4.070,0,0,39.90,30555.74,31763.86,18,6385595,6915299,10390421504,38487740416
2025-05-14 07:14:32,41.271,3.925,0,20480,39.90,30555.74,31763.86,18,6385796,6915500,10390421504,38487740416
2025-05-14 07:14:32,42.472,3.959,0,0,39.90,30555.74,31763.86,18,6385998,6915702,10390421504,38487740416
2025-05-14 07:14:32,41.218,3.901,0,0,59.90,30555.74,31763.86,18,6386198,6915902,10390421504,38487740416
2025-05-14 07:14:32,43.252,4.039,0,0,59.90,30555.74,31763.86,18,6386399,6916103,10390421504,38487740416
2025-05-14 07:14:33,43.026,3.978,0,12288,99.80,30555.74,31763.86,18,6386607,6916312,10390421504,38487752704
2025-05-14 07:14:33,42.727,4.143,0,0,49.90,30555.74,31763.86,18,6386809,6916514,10390421504,38487752704
2025-05-14 07:14:33,42.147,3.994,0,0,139.80,30555.74,31763.86,18,6387034,6916747,10390421504,38487818240
2025-05-14 07:14:33,40.760,3.915,0,65536,49.90,30555.74,31763.86,18,6387235,6916948,10390421504,38487818240
2025-05-14 07:14:33,40.241,3.771,0,12288,39.90,30555.74,31763.86,18,6387444,6917160,10390421504,38487830528
2025-05-14 07:14:34,43.188,3.926,0,0,139.80,30555.74,31763.86,18,6387648,6917365,10390421504,38487851008
2025-05-14 07:14:34,43.801,4.330,0,147456,379.30,30555.74,31763.86,18,6387933,6917679,10390421504,38488170496
2025-05-14 07:14:34,47.059,4.720,0,208896,89.80,30555.74,31763.86,18,6388140,6917888,10390421504,38488186880
2025-05-14 07:14:34,45.140,4.291,0,0,49.90,30555.74,31763.86,18,6388340,6918088,10390421504,38488186880
2025-05-14 07:14:34,44.545,4.157,0,12288,49.90,30555.74,31763.86,18,6388548,6918298,10390421504,38488199168
2025-05-14 07:14:35,45.367,4.188,0,0,59.90,30555.74,31763.86,18,6388749,6918499,10390421504,38488199168
2025-05-14 07:14:35,40.742,4.110,0,0,149.70,30555.74,31763.86,18,6388956,6918704,10390536192,38488199168
2025-05-14 07:14:35,42.439,4.376,118784,0,79.90,30555.74,31763.86,18,6389171,6918921,10390540288,38488227840
2025-05-14 07:14:35,42.419,4.152,0,28672,269.50,30555.74,31763.86,18,6389377,6919127,10390540288,38488227840
2025-05-14 07:14:35,44.880,4.390,0,0,69.90,30555.74,31763.86,18,6389575,6919325,10390540288,38488227840
2025-05-14 07:14:36,44.608,4.065,0,12288,59.90,30555.74,31763.86,18,6389781,6919532,10390540288,38488240128
2025-05-14 07:14:36,42.370,3.902,0,0,99.80,30555.74,31763.86,18,6389988,6919741,10390540288,38488268800
2025-05-14 07:14:36,41.540,3.997,0,28672,39.90,30555.74,31763.86,18,6390189,6919942,10390540288,38488268800
2025-05-14 07:14:36,41.333,3.872,0,0,49.90,30555.74,31763.86,18,6390389,6920142,10390540288,38488268800
2025-05-14 07:14:36,41.199,3.899,0,0,49.90,30555.74,31763.86,18,6390597,6920352,10390540288,38488276992
2025-05-14 07:14:37,40.916,3.889,0,8192,39.90,30555.74,31763.86,18,6390798,6920553,10390540288,38488276992
2025-05-14 07:14:37,40.904,3.933,0,0,129.70,30555.74,31763.86,18,6390994,6920749,10390540288,38488276992
2025-05-14 07:14:37,44.719,4.382,0,0,99.80,30555.74,31763.86,18,6391192,6920947,10390540288,38488276992
2025-05-14 07:14:37,42.127,4.135,0,0,69.90,30555.74,31763.86,18,6391393,6921148,10390540288,38488276992
2025-05-14 07:14:37,43.886,4.347,12288,65536,259.60,30555.74,31763.86,18,6391637,6921381,10390556672,38488342528
2025-05-14 07:14:38,49.413,4.914,4096,16384,279.50,30555.74,31763.86,18,6391841,6921587,10390556672,38488358912
2025-05-14 07:14:38,48.443,4.842,0,0,259.50,30555.74,31763.86,18,6392030,6921776,10390556672,38488358912
2025-05-14 07:14:38,47.439,4.874,0,0,279.50,30555.74,31763.86,18,6392223,6921969,10390556672,38488358912
2025-05-14 07:14:38,46.535,4.894,0,0,289.50,30555.74,31763.86,18,6392423,6922169,10390556672,38488358912
2025-05-14 07:14:38,47.602,4.996,0,20480,199.60,30555.74,31763.86,18,6392621,6922373,10390556672,38488395776
2025-05-14 07:14:39,45.019,4.431,0,16384,49.90,30555.74,31763.86,18,6392822,6922574,10390556672,38488395776
2025-05-14 07:14:39,41.996,4.213,61440,0,159.70,30555.74,31763.86,18,6393056,6922809,10390626304,38488444928
2025-05-14 07:14:39,44.767,4.582,20480,208896,189.60,30555.74,31763.86,18,6393341,6923109,10390654976,38488682496
2025-05-14 07:14:39,44.811,4.572,28672,409600,479.10,30555.74,31763.86,18,6393679,6923488,10390667264,38489305088
2025-05-14 07:14:39,49.095,5.162,0,475136,489.20,30555.74,31763.86,18,6393964,6923803,10390667264,38489567232
2025-05-14 07:14:40,49.236,5.021,0,225280,499.40,30555.74,31763.86,18,6394200,6924052,10390667264,38489874432
2025-05-14 07:14:40,49.304,5.040,0,307200,509.10,30555.74,31763.86,18,6394454,6924325,10390667264,38490120192
2025-05-14 07:14:40,49.119,4.743,0,212992,499.00,30555.74,31763.86,18,6394657,6924538,10390671360,38490370048
2025-05-14 07:14:40,49.487,4.920,8192,323584,518.90,30555.74,31763.86,18,6394935,6924836,10390675456,38490611712
2025-05-14 07:14:40,48.859,4.604,0,53248,89.80,30555.74,31763.86,18,6395136,6925039,10390675456,38490624000
2025-05-14 07:14:41,41.677,4.037,0,12288,49.90,30555.74,31763.86,18,6395337,6925240,10390675456,38490624000
2025-05-14 07:14:41,41.320,3.967,0,0,49.90,30555.74,31763.86,18,6395539,6925442,10390675456,38490624000
2025-05-14 07:14:41,41.005,4.034,0,0,39.90,30555.74,31763.86,18,6395740,6925643,10390675456,38490624000
2025-05-14 07:14:41,41.710,3.967,0,0,49.90,30555.74,31763.86,18,6395941,6925844,10390675456,38490624000
2025-05-14 07:14:41,41.945,3.934,0,0,79.90,30555.74,31763.86,18,6396142,6926045,10390675456,38490624000
2025-05-14 07:14:42,43.856,4.378,0,0,109.80,30555.74,31763.86,18,6396342,6926245,10390675456,38490624000
2025-05-14 07:14:42,43.225,4.327,0,4096,49.90,30555.74,31763.86,18,6396544,6926449,10390675456,38490628096
2025-05-14 07:14:42,42.965,4.209,0,12288,49.90,30555.74,31763.86,18,6396751,6926658,10390675456,38490640384
2025-05-14 07:14:42,41.698,4.017,0,16384,69.90,30555.74,31763.86,18,6396957,6926866,10390675456,38490656768
2025-05-14 07:14:42,43.392,3.987,0,0,49.90,30555.74,31763.86,18,6397158,6927067,10390675456,38490656768
2025-05-14 07:14:43,46.333,4.189,0,0,49.90,30555.74,31763.86,18,6397360,6927269,10390675456,38490656768
2025-05-14 07:14:43,42.281,4.076,0,0,49.90,30555.74,31763.86,18,6397561,6927470,10390675456,38490656768
2025-05-14 07:14:43,42.464,4.101,0,0,69.90,30555.74,31763.86,18,6397762,6927671,10390675456,38490656768
2025-05-14 07:14:43,40.649,4.136,0,0,119.80,30555.74,31763.86,18,6397963,6927872,10390675456,38490656768
2025-05-14 07:14:43,45.992,4.601,0,0,59.90,30555.74,31763.86,18,6398164,6928073,10390675456,38490656768
2025-05-14 07:14:44,47.977,4.499,0,0,49.90,30555.74,31763.86,18,6398367,6928277,10390675456,38490660864
2025-05-14 07:14:44,42.753,4.025,0,4096,69.90,30555.74,31763.86,18,6398568,6928478,10390675456,38490660864
2025-05-14 07:14:44,41.620,4.060,0,0,39.90,30555.74,31763.86,18,6398769,6928679,10390675456,38490660864
2025-05-14 07:14:44,40.483,3.974,0,0,39.90,30555.74,31763.86,18,6398969,6928879,10390675456,38490660864
2025-05-14 07:14:44,42.346,4.073,0,0,59.90,30555.74,31763.86,18,6399163,6929073,10390675456,38490660864
2025-05-14 07:14:45,46.714,4.317,0,0,199.70,30555.74,31763.86,18,6399361,6929271,10390675456,38490660864
2025-05-14 07:14:45,47.570,4.791,0,0,189.60,30555.74,31763.86,18,6399567,6929477,10390675456,38490660864
2025-05-14 07:14:45,44.489,4.391,0,0,149.80,30555.74,31763.86,18,6399764,6929674,10390675456,38490660864
2025-05-14 07:14:45,44.295,4.344,0,0,159.70,30555.74,31763.86,18,6399965,6929875,10390675456,38490660864
2025-05-14 07:14:45,44.783,4.182,0,0,159.70,30555.74,31763.86,18,6400163,6930073,10390675456,38490660864
2025-05-14 07:14:46,46.059,4.283,0,0,159.70,30555.74,31763.86,18,6400362,6930272,10390675456,38490660864
2025-05-14 07:14:46,43.209,4.158,0,0,159.70,30555.74,31763.86,18,6400563,6930473,10390675456,38490660864
2025-05-14 07:14:46,43.995,4.228,0,0,159.70,30555.74,31763.86,18,6400764,6930674,10390675456,38490660864
2025-05-14 07:14:46,43.233,4.157,0,0,149.70,30555.74,31763.86,18,6400964,6930874,10390675456,38490660864
2025-05-14 07:14:46,43.495,4.155,0,0,149.70,30555.74,31763.86,18,6401166,6931076,10390675456,38490660864
2025-05-14 07:14:47,43.883,4.235,0,0,159.70,30555.74,31763.86,18,6401367,6931277,10390675456,38490660864
2025-05-14 07:14:47,42.644,4.078,0,0,159.70,30555.74,31763.86,18,6401568,6931478,10390675456,38490660864
2025-05-14 07:14:47,42.713,4.175,0,0,149.80,30555.74,31763.86,18,6401769,6931679,10390675456,38490660864
2025-05-14 07:14:47,42.932,4.291,0,4096,159.80,30555.74,31763.86,18,6401972,6931883,10390675456,38490664960
2025-05-14 07:14:47,43.241,4.165,0,0,149.70,30555.74,31763.86,18,6402174,6932085,10390675456,38490664960
2025-05-14 07:14:48,42.551,4.265,0,0,49.90,30555.74,31763.86,18,6402375,6932286,10390675456,38490664960
2025-05-14 07:14:48,42.113,4.119,0,0,39.90,30555.74,31763.86,18,6402576,6932487,10390675456,38490664960
2025-05-14 07:14:48,42.468,4.162,0,0,39.90,30555.74,31763.86,18,6402769,6932680,10390675456,38490664960
2025-05-14 07:14:48,41.759,3.949,0,0,59.90,30555.74,31763.86,18,6402969,6932880,10390675456,38490664960
2025-05-14 07:14:48,43.452,4.004,0,0,49.90,30555.74,31763.86,18,6403171,6933082,10390675456,38490664960
2025-05-14 07:14:49,43.650,4.071,0,0,59.90,30555.74,31763.86,18,6403372,6933283,10390675456,38490664960
2025-05-14 07:14:49,41.983,3.937,0,12288,49.90,30555.74,31763.86,18,6403581,6933495,10390675456,38490677248
2025-05-14 07:14:49,41.786,3.856,0,0,39.90,30555.74,31763.86,18,6403782,6933696,10390675456,38490677248
2025-05-14 07:14:49,41.713,3.890,0,0,49.90,30555.74,31763.86,18,6403983,6933897,10390675456,38490677248
2025-05-14 07:14:49,42.632,3.929,0,0,39.90,30555.74,31763.86,18,6404185,6934099,10390675456,38490677248
2025-05-14 07:14:50,41.221,3.847,0,0,79.90,30555.74,31763.86,18,6404386,6934300,10390675456,38490677248
2025-05-14 07:14:50,42.374,4.141,0,0,59.90,30555.74,31763.86,18,6404587,6934501,10390675456,38490677248
2025-05-14 07:14:50,42.655,4.263,0,0,49.90,30555.74,31763.86,18,6404788,6934702,10390675456,38490677248
2025-05-14 07:14:50,42.982,4.126,0,0,79.90,30555.74,31763.86,18,6404989,6934903,10390675456,38490677248
2025-05-14 07:14:50,44.310,4.309,0,0,79.90,30555.74,31763.86,18,6405198,6935112,10390675456,38490677248
2025-05-14 07:14:51,43.912,4.242,0,20480,49.90,30555.74,31763.86,18,6405408,6935325,10390675456,38490697728
2025-05-14 07:14:51,42.165,4.153,0,0,59.90,30555.74,31763.86,18,6405609,6935526,10390675456,38490697728
2025-05-14 07:14:51,43.922,4.450,16384,73728,189.60,30555.74,31763.86,18,6405862,6935791,10390695936,38490914816
2025-05-14 07:14:51,44.700,4.515,4096,274432,449.10,30555.74,31763.86,18,6406123,6936074,10390695936,38491308032
2025-05-14 07:14:51,48.883,5.038,0,368640,409.30,30555.74,31763.86,18,6406368,6936329,10390695936,38491443200
2025-05-14 07:14:52,49.151,4.875,0,69632,549.00,30555.74,31763.86,18,6406613,6936593,10390695936,38491807744
2025-05-14 07:14:52,49.065,5.190,0,532480,479.20,30555.74,31763.86,18,6406865,6936862,10390695936,38492033024
2025-05-14 07:14:52,47.142,4.518,0,16384,69.90,30555.74,31763.86,18,6407066,6937063,10390695936,38492033024
2025-05-14 07:14:52,41.295,3.911,0,0,49.90,30555.74,31763.86,18,6407266,6937263,10390695936,38492033024
2025-05-14 07:14:52,43.310,3.986,0,0,39.90,30555.74,31763.86,18,6407467,6937464,10390695936,38492033024
2025-05-14 07:14:53,41.367,3.965,0,0,69.90,30555.74,31763.86,18,6407669,6937666,10390695936,38492033024
2025-05-14 07:14:53,41.009,3.953,0,0,59.90,30555.74,31763.86,18,6407870,6937867,10390695936,38492033024
2025-05-14 07:14:53,40.557,3.872,0,0,59.90,30555.74,31763.86,18,6408071,6938068,10390695936,38492033024
2025-05-14 07:14:53,41.131,3.858,0,0,59.90,30555.74,31763.86,18,6408272,6938269,10390695936,38492033024
2025-05-14 07:14:53,42.827,3.871,0,0,39.90,30555.74,31763.86,18,6408474,6938471,10390695936,38492033024
2025-05-14 07:14:54,41.300,3.864,0,0,109.80,30555.74,31763.86,18,6408675,6938672,10390695936,38492033024
2025-05-14 07:14:54,43.950,4.227,0,0,149.70,30555.74,31763.86,18,6408876,6938873,10390695936,38492033024
2025-05-14 07:14:54,42.876,4.382,0,0,49.90,30555.74,31763.86,18,6409077,6939074,10390695936,38492033024
2025-05-14 07:14:54,43.548,4.201,0,49152,39.90,30555.74,31763.86,18,6409288,6939289,10390695936,38492090368
2025-05-14 07:14:54,43.847,4.134,0,8192,49.90,30555.74,31763.86,18,6409490,6939491,10390695936,38492090368
2025-05-14 07:14:55,42.338,3.972,0,0,59.90,30555.74,31763.86,18,6409691,6939692,10390695936,38492090368
2025-05-14 07:14:55,39.043,4.039,0,0,79.90,30555.74,31763.86,18,6409892,6939893,10390695936,38492090368
2025-05-14 07:14:55,41.045,4.142,0,8527872,49.90,30555.74,31763.86,18,6410977,6941254,10390695936,38500634624
2025-05-14 07:14:55,38.422,3.974,0,16384,69.90,30555.74,31763.86,18,6411178,6941455,10390695936,38500634624
2025-05-14 07:14:55,40.588,4.013,0,0,69.90,30555.74,31763.86,18,6411379,6941656,10390695936,38500634624
2025-05-14 07:14:56,41.060,4.133,0,0,129.70,30555.74,31763.86,18,6411574,6941851,10390695936,38500634624
2025-05-14 07:14:56,44.689,4.464,28672,0,179.70,30555.74,31763.86,18,6411787,6942062,10390728704,38500663296
2025-05-14 07:14:56,43.323,4.423,4096,45056,49.90,30555.74,31763.86,18,6411997,6942275,10390728704,38500679680
2025-05-14 07:14:56,41.102,4.298,8192,135168,409.30,30555.74,31763.86,18,6412267,6942565,10390736896,38500933632
2025-05-14 07:14:56,45.638,4.749,0,135168,79.90,30555.74,31763.86,18,6412477,6942778,10390736896,38500950016
2025-05-14 07:14:57,39.800,4.072,0,0,69.90,30555.74,31763.86,18,6412679,6942980,10390736896,38500950016
2025-05-14 07:14:57,38.749,4.006,0,0,59.90,30555.74,31763.86,18,6412880,6943181,10390736896,38500950016
2025-05-14 07:14:57,37.373,3.908,0,0,49.90,30555.74,31763.86,18,6413081,6943382,10390736896,38500950016
2025-05-14 07:14:57,38.173,3.968,0,0,139.80,30555.74,31763.86,18,6413282,6943583,10390736896,38500950016
2025-05-14 07:14:57,40.239,4.188,0,0,79.90,30555.74,31763.86,18,6413483,6943784,10390736896,38500950016
2025-05-14 07:14:58,40.240,4.009,0,0,109.80,30555.74,31763.86,18,6413697,6944002,10390736896,38500999168
2025-05-14 07:14:58,40.616,4.051,0,77824,69.90,30555.74,31763.86,18,6413913,6944223,10390736896,38501027840
2025-05-14 07:14:58,38.525,4.055,0,0,49.90,30555.74,31763.86,18,6414114,6944424,10390736896,38501027840
2025-05-14 07:14:58,39.969,4.115,0,0,59.90,30555.74,31763.86,18,6414314,6944624,10390736896,38501027840
2025-05-14 07:14:58,44.373,4.184,0,0,39.90,30555.74,31763.86,18,6414515,6944825,10390736896,38501027840
2025-05-14 07:14:59,41.829,4.093,0,57344,69.90,30555.74,31763.86,18,6414750,6945071,10390736896,38501122048
2025-05-14 07:14:59,41.987,4.005,0,36864,39.90,30555.74,31763.86,18,6414951,6945272,10390736896,38501122048
2025-05-14 07:14:59,41.282,3.901,0,0,39.90,30555.74,31763.86,18,6415152,6945473,10390736896,38501122048
2025-05-14 07:14:59,41.318,3.896,0,0,39.90,30555.74,31763.86,18,6415353,6945674,10390736896,38501122048
2025-05-14 07:14:59,44.980,3.965,0,0,49.90,30555.74,31763.86,18,6415555,6945876,10390736896,38501122048
2025-05-14 07:15:00,42.931,3.947,0,2277376,69.90,30555.74,31763.86,18,6416326,6946774,10390736896,38504882176
2025-05-14 07:15:00,41.331,4.088,0,1482752,39.90,30555.74,31763.86,18,6416527,6946975,10390736896,38504882176
2025-05-14 07:15:00,41.833,3.879,0,0,179.70,30555.74,31763.86,18,6416780,6947255,10390736896,38506864640
2025-05-14 07:15:00,44.812,4.438,0,2068480,209.60,30555.74,31763.86,18,6417024,6947512,10390740992,38507184128
2025-05-14 07:15:00,47.974,4.791,4096,446464,528.90,30555.74,31763.86,18,6417364,6947891,10390740992,38507732992
2025-05-14 07:15:01,48.717,5.215,0,483328,469.10,30555.74,31763.86,18,6417609,6948157,10390740992,38508027904
2025-05-14 07:15:01,48.770,5.181,0,303104,489.00,30555.74,31763.86,18,6417852,6948419,10390740992,38508244992
2025-05-14 07:15:01,49.133,4.789,0,69632,449.10,30555.74,31763.86,18,6418054,6948622,10390740992,38508253184
2025-05-14 07:15:01,46.651,4.639,0,0,59.90,30555.74,31763.86,18,6418241,6948809,10390740992,38508253184
2025-05-14 07:15:01,47.340,4.333,0,0,49.90,30555.74,31763.86,18,6418434,6949002,10390740992,38508253184
2025-05-14 07:15:02,42.945,3.981,0,0,59.90,30555.74,31763.86,18,6418635,6949203,10390740992,38508253184
2025-05-14 07:15:02,43.053,3.968,0,0,49.90,30555.74,31763.86,18,6418836,6949404,10390740992,38508253184
2025-05-14 07:15:02,42.334,3.842,0,12288,99.80,30555.74,31763.86,18,6419043,6949614,10390740992,38508265472
2025-05-14 07:15:02,44.757,4.117,0,0,59.90,30555.74,31763.86,18,6419244,6949815,10390740992,38508265472
2025-05-14 07:15:02,42.972,3.958,0,0,49.90,30555.74,31763.86,18,6419445,6950016,10390740992,38508265472
2025-05-14 07:15:03,41.233,3.876,0,0,49.90,30555.74,31763.86,18,6419646,6950217,10390740992,38508265472
2025-05-14 07:15:03,40.850,3.819,0,0,49.90,30555.74,31763.86,18,6419848,6950419,10390740992,38508265472
2025-05-14 07:15:03,43.339,4.127,0,0,49.90,30555.74,31763.86,18,6420049,6950620,10390740992,38508265472
2025-05-14 07:15:03,40.509,3.898,0,0,79.90,30555.74,31763.86,18,6420250,6950821,10390740992,38508265472
2025-05-14 07:15:03,45.433,4.283,0,0,139.70,30555.74,31763.86,18,6420447,6951018,10390740992,38508265472
2025-05-14 07:15:04,44.381,4.072,0,0,49.90,30555.74,31763.86,18,6420652,6951224,10390740992,38508269568
2025-05-14 07:15:04,41.748,3.953,0,4096,49.90,30555.74,31763.86,18,6420854,6951426,10390740992,38508269568
2025-05-14 07:15:04,41.603,3.851,0,0,49.90,30555.74,31763.86,18,6421055,6951627,10390740992,38508269568
2025-05-14 07:15:04,40.404,3.861,0,0,49.90,30555.74,31763.86,18,6421254,6951826,10390740992,38508269568
2025-05-14 07:15:05,44.122,3.956,0,0,39.90,30555.74,31763.86,18,6421455,6952027,10390740992,38508269568
2025-05-14 07:15:05,43.308,3.846,0,0,49.90,30555.74,31763.86,18,6421656,6952228,10390740992,38508269568
2025-05-14 07:15:05,40.469,3.848,0,0,39.90,30555.74,31763.86,18,6421857,6952429,10390740992,38508269568
2025-05-14 07:15:05,40.334,3.782,0,0,169.70,30555.74,31763.86,18,6422053,6952625,10390740992,38508269568
2025-05-14 07:15:05,44.069,4.310,0,0,69.90,30555.74,31763.86,18,6422250,6952822,10390740992,38508269568
2025-05-14 07:15:06,43.449,4.097,0,0,79.90,30555.74,31763.86,18,6422451,6953023,10390740992,38508269568
2025-05-14 07:15:06,43.254,4.276,0,5828608,59.90,30555.74,31763.86,18,6423451,6954218,10390740992,38514106368
2025-05-14 07:15:06,41.108,3.896,0,8192,49.90,30555.74,31763.86,18,6423652,6954419,10390740992,38514106368
2025-05-14 07:15:06,40.807,3.792,0,0,49.90,30555.74,31763.86,18,6423852,6954619,10390740992,38514106368
2025-05-14 07:15:06,40.855,3.813,0,0,49.90,30555.74,31763.86,18,6424053,6954820,10390740992,38514106368
2025-05-14 07:15:07,44.079,4.014,0,0,69.90,30555.74,31763.86,18,6424254,6955021,10390740992,38514106368
2025-05-14 07:15:07,43.126,4.097,0,0,109.80,30555.74,31763.86,18,6424456,6955223,10390740992,38514106368
2025-05-14 07:15:07,41.721,4.158,0,0,99.80,30555.74,31763.86,18,6424657,6955424,10390740992,38514106368
2025-05-14 07:15:07,42.266,4.146,0,77824,39.90,30555.74,31763.86,18,6424875,6955648,10390740992,38514184192
2025-05-14 07:15:07,40.976,3.910,0,0,49.90,30555.74,31763.86,18,6425077,6955850,10390740992,38514184192
2025-05-14 07:15:08,44.141,4.027,0,0,39.90,30555.74,31763.86,18,6425278,6956051,10390740992,38514184192
2025-05-14 07:15:08,40.862,3.859,0,0,69.90,30555.74,31763.86,18,6425479,6956252,10390740992,38514184192
2025-05-14 07:15:08,40.967,3.858,0,0,39.90,30555.74,31763.86,18,6425680,6956453,10390740992,38514184192
2025-05-14 07:15:08,41.279,3.885,0,0,39.90,30555.74,31763.86,18,6425880,6956653,10390740992,38514184192
2025-05-14 07:15:08,41.137,3.807,0,0,39.90,30555.74,31763.86,18,6426082,6956855,10390740992,38514184192
2025-05-14 07:15:09,41.558,3.844,0,0,39.90,30555.74,31763.86,18,6426283,6957056,10390740992,38514184192
2025-05-14 07:15:09,41.908,3.940,0,0,69.90,30555.74,31763.86,18,6426484,6957257,10390740992,38514184192
2025-05-14 07:15:09,41.634,3.943,0,0,149.70,30555.74,31763.86,18,6426685,6957458,10390740992,38514184192
2025-05-14 07:15:09,42.591,3.856,0,0,39.90,30555.74,31763.86,18,6426886,6957659,10390740992,38514184192
2025-05-14 07:15:09,40.991,3.878,0,0,39.90,30555.74,31763.86,18,6427087,6957860,10390740992,38514184192
2025-05-14 07:15:10,41.242,3.881,0,0,49.90,30555.74,31763.86,18,6427289,6958062,10390740992,38514184192
2025-05-14 07:15:10,42.911,3.923,0,0,49.90,30555.74,31763.86,18,6427494,6958267,10390740992,38514184192
2025-05-14 07:15:10,40.369,3.907,0,0,109.80,30555.74,31763.86,18,6427695,6958468,10390740992,38514184192
2025-05-14 07:15:10,41.951,4.021,0,0,59.90,30555.74,31763.86,18,6427895,6958668,10390740992,38514184192
2025-05-14 07:15:10,41.732,3.871,0,0,59.90,30555.74,31763.86,18,6428096,6958869,10390740992,38514184192
2025-05-14 07:15:11,41.083,3.847,0,0,59.90,30555.74,31763.86,18,6428298,6959071,10390740992,38514184192
2025-05-14 07:15:11,41.737,3.887,0,0,59.90,30555.74,31763.86,18,6428500,6959273,10390740992,38514184192
2025-05-14 07:15:11,43.448,3.983,0,0,49.90,30555.74,31763.86,18,6428701,6959474,10390740992,38514184192
2025-05-14 07:15:11,42.564,3.911,0,0,39.90,30555.74,31763.86,18,6428902,6959675,10390740992,38514184192
2025-05-14 07:15:11,42.843,4.083,0,0,59.90,30555.74,31763.86,18,6429105,6959880,10390740992,38514212864
2025-05-14 07:15:12,41.040,4.040,0,28672,59.90,30555.74,31763.86,18,6429306,6960081,10390740992,38514212864
2025-05-14 07:15:12,41.306,4.079,0,0,69.90,30555.74,31763.86,18,6429508,6960283,10390740992,38514212864
2025-05-14 07:15:12,43.116,4.394,0,0,59.90,30555.74,31763.86,18,6429709,6960484,10390740992,38514212864
2025-05-14 07:15:12,47.190,4.423,0,0,39.90,30555.74,31763.86,18,6429909,6960684,10390740992,38514212864
2025-05-14 07:15:12,42.905,4.056,0,0,49.90,30555.74,31763.86,18,6430109,6960884,10390740992,38514212864
2025-05-14 07:15:13,46.140,4.299,0,0,39.90,30555.74,31763.86,18,6430308,6961083,10390740992,38514212864
2025-05-14 07:15:13,40.760,4.122,0,0,49.90,30555.74,31763.86,18,6430509,6961284,10390740992,38514212864
2025-05-14 07:15:13,41.656,4.069,0,0,39.90,30555.74,31763.86,18,6430710,6961485,10390740992,38514212864
2025-05-14 07:15:13,42.589,4.096,0,0,209.60,30555.74,31763.86,18,6430912,6961687,10390740992,38514212864
2025-05-14 07:15:13,46.566,4.655,0,0,149.70,30555.74,31763.86,18,6431112,6961887,10390740992,38514212864
2025-05-14 07:15:14,47.744,4.533,0,0,149.70,30555.74,31763.86,18,6431313,6962088,10390740992,38514212864
2025-05-14 07:15:14,46.183,4.207,0,0,159.70,30555.74,31763.86,18,6431514,6962289,10390740992,38514212864
2025-05-14 07:15:14,45.596,4.229,0,0,149.70,30555.74,31763.86,18,6431715,6962490,10390740992,38514212864
2025-05-14 07:15:14,43.134,4.301,0,0,149.80,30555.74,31763.86,18,6431916,6962691,10390740992,38514212864
2025-05-14 07:15:14,43.875,4.357,0,0,149.90,30555.74,31763.86,18,6432117,6962892,10390740992,38514212864
2025-05-14 07:15:15,46.296,4.254,0,0,159.70,30555.74,31763.86,18,6432319,6963094,10390740992,38514212864
2025-05-14 07:15:15,44.378,4.245,0,0,159.70,30555.74,31763.86,18,6432520,6963295,10390740992,38514212864
2025-05-14 07:15:15,43.822,4.007,0,0,159.80,30555.74,31763.86,18,6432721,6963496,10390740992,38514212864
2025-05-14 07:15:15,43.827,4.065,0,0,169.70,30555.74,31763.86,18,6432922,6963697,10390740992,38514212864
2025-05-14 07:15:15,44.844,4.234,0,0,159.70,30555.74,31763.86,18,6433127,6963902,10390740992,38514212864
2025-05-14 07:15:16,44.307,4.073,0,0,169.80,30555.74,31763.86,18,6433328,6964103,10390740992,38514212864
2025-05-14 07:15:16,44.187,4.224,0,0,169.70,30555.74,31763.86,18,6433529,6964304,10390740992,38514212864
2025-05-14 07:15:16,44.498,4.189,0,0,149.70,30555.74,31763.86,18,6433730,6964505,10390740992,38514212864
2025-05-14 07:15:16,43.473,4.064,0,0,89.80,30555.74,31763.86,18,6433928,6964703,10390740992,38514212864
2025-05-14 07:15:16,43.541,4.199,0,0,49.90,30555.74,31763.86,18,6434129,6964904,10390740992,38514212864
2025-05-14 07:15:17,44.294,4.199,0,0,239.50,30555.74,31763.86,18,6434775,6965630,10390740992,38516903936
2025-05-14 07:15:17,44.286,4.324,0,2699264,89.80,30555.74,31763.86,18,6434979,6965835,10390740992,38516912128
2025-05-14 07:15:17,42.877,4.126,0,0,49.90,30555.74,31763.86,18,6435180,6966036,10390740992,38516912128
2025-05-14 07:15:17,41.461,3.955,0,0,39.90,30555.74,31763.86,18,6435382,6966238,10390740992,38516912128
2025-05-14 07:15:17,42.232,3.943,0,0,69.90,30555.74,31763.86,18,6435583,6966439,10390740992,38516912128
2025-05-14 07:15:18,43.618,4.096,0,0,79.90,30555.74,31763.86,18,6435784,6966640,10390740992,38516912128
2025-05-14 07:15:18,43.161,4.097,0,0,59.90,30555.74,31763.86,18,6435986,6966842,10390740992,38516912128
2025-05-14 07:15:18,42.235,3.987,0,0,59.90,30555.74,31763.86,18,6436187,6967043,10390740992,38516912128
2025-05-14 07:15:18,42.084,3.960,0,0,79.90,30555.74,31763.86,18,6436386,6967242,10390740992,38516912128
2025-05-14 07:15:18,44.650,4.082,0,0,49.90,30555.74,31763.86,18,6436587,6967443,10390740992,38516912128
2025-05-14 07:15:19,42.661,4.005,0,0,59.90,30555.74,31763.86,18,6436789,6967645,10390740992,38516912128
2025-05-14 07:15:19,41.551,3.914,0,0,69.90,30555.74,31763.86,18,6436990,6967846,10390740992,38516912128
2025-05-14 07:15:19,42.000,3.912,0,0,49.90,30555.74,31763.86,18,6437191,6968047,10390740992,38516912128
2025-05-14 07:15:19,42.698,3.948,0,0,49.90,30555.74,31763.86,18,6437392,6968248,10390740992,38516912128
2025-05-14 07:15:19,42.492,3.923,0,0,129.80,30555.74,31763.86,18,6437601,6968461,10390740992,38516944896
2025-05-14 07:15:20,42.504,4.112,0,45056,49.90,30555.74,31763.86,18,6437809,6968671,10390740992,38516957184
2025-05-14 07:15:20,42.081,3.950,0,0,109.80,30555.74,31763.86,18,6438016,6968876,10390740992,38516957184
2025-05-14 07:15:20,42.047,4.118,0,0,59.90,30555.74,31763.86,18,6438217,6969077,10390740992,38516957184
2025-05-14 07:15:20,44.268,4.210,0,0,49.90,30555.74,31763.86,18,6438426,6969286,10390740992,38516957184
2025-05-14 07:15:20,42.936,3.997,0,0,109.80,30555.74,31763.86,18,6438636,6969499,10390740992,38517006336
2025-05-14 07:15:21,43.641,4.103,0,73728,49.90,30555.74,31763.86,18,6438852,6969720,10390740992,38517039104
2025-05-14 07:15:21,41.157,3.964,0,8192,119.80,30555.74,31763.86,18,6439050,6969918,10390740992,38517039104
2025-05-14 07:15:21,41.592,3.982,0,1613824,59.90,30555.74,31763.86,18,6439596,6970539,10390740992,38518726656
2025-05-14 07:15:21,40.819,3.925,0,73728,59.90,30555.74,31763.86,18,6439796,6970739,10390740992,38518726656
2025-05-14 07:15:21,43.897,4.276,0,0,39.90,30555.74,31763.86,18,6439995,6970938,10390740992,38518726656
2025-05-14 07:15:22,41.131,3.917,0,0,99.80,30555.74,31763.86,18,6440196,6971139,10390740992,38518726656
2025-05-14 07:15:22,43.944,4.394,0,0,149.70,30555.74,31763.86,18,6440397,6971340,10390740992,38518726656
2025-05-14 07:15:22,44.849,4.545,0,0,229.60,30555.74,31763.86,18,6440596,6971539,10390740992,38518726656
2025-05-14 07:15:22,45.240,4.939,0,0,159.70,30555.74,31763.86,18,6440796,6971739,10390740992,38518726656
2025-05-14 07:15:22,45.163,4.613,0,49152,169.70,30555.74,31763.86,18,6441020,6971972,10390740992,38518796288
2025-05-14 07:15:23,40.587,4.336,0,28672,69.90,30555.74,31763.86,18,6441224,6972177,10390740992,38518804480
2025-05-14 07:15:23,36.982,3.884,0,0,179.70,30555.74,31763.86,18,6441424,6972377,10390740992,38518804480
2025-05-14 07:15:23,39.574,4.099,0,0,219.60,30555.74,31763.86,18,6441642,6972601,10390740992,38518878208
2025-05-14 07:15:23,45.616,4.675,0,233472,279.50,30555.74,31763.86,18,6441887,6972861,10390740992,38519058432
2025-05-14 07:15:23,41.427,4.389,0,28672,149.70,30555.74,31763.86,18,6442091,6973066,10390740992,38519066624
2025-05-14 07:15:24,39.941,4.278,0,0,49.90,30555.74,31763.86,18,6442293,6973268,10390740992,38519066624
2025-05-14 07:15:24,40.189,4.195,0,0,59.90,30555.74,31763.86,18,6442494,6973469,10390740992,38519066624
2025-05-14 07:15:24,38.221,4.061,0,0,69.90,30555.74,31763.86,18,6442695,6973670,10390740992,38519066624
2025-05-14 07:15:24,41.712,4.220,0,0,69.90,30555.74,31763.86,18,6442895,6973870,10390740992,38519066624
2025-05-14 07:15:24,44.240,4.186,0,0,39.90,30555.74,31763.86,18,6443094,6974069,10390740992,38519066624
2025-05-14 07:15:25,43.523,3.968,0,0,39.90,30555.74,31763.86,18,6443295,6974270,10390740992,38519066624
2025-05-14 07:15:25,40.770,3.855,0,0,49.90,30555.74,31763.86,18,6443496,6974471,10390740992,38519066624
2025-05-14 07:15:25,41.146,3.860,0,0,109.80,30555.74,31763.86,18,6444083,6975158,10390740992,38520999936
2025-05-14 07:15:25,42.565,4.017,0,1941504,59.90,30555.74,31763.86,18,6444288,6975364,10390740992,38521008128
2025-05-14 07:15:25,41.515,3.937,0,0,59.90,30555.74,31763.86,18,6444489,6975565,10390740992,38521008128
2025-05-14 07:15:26,41.268,3.945,0,0,39.90,30555.74,31763.86,18,6444690,6975766,10390740992,38521008128
2025-05-14 07:15:26,41.705,3.951,0,0,59.90,30555.74,31763.86,18,6444891,6975967,10390740992,38521008128
2025-05-14 07:15:26,41.576,4.039,0,0,79.90,30555.74,31763.86,18,6445093,6976169,10390740992,38521008128
2025-05-14 07:15:26,42.701,4.301,0,0,49.90,30555.74,31763.86,18,6445293,6976369,10390740992,38521008128
2025-05-14 07:15:26,43.740,4.212,0,0,49.90,30555.74,31763.86,18,6445495,6976571,10390740992,38521008128
2025-05-14 07:15:27,43.218,4.154,0,0,49.90,30555.74,31763.86,18,6445696,6976772,10390740992,38521008128
2025-05-14 07:15:27,42.039,4.149,0,0,49.90,30555.74,31763.86,18,6445897,6976973,10390740992,38521008128
2025-05-14 07:15:27,41.863,4.161,0,0,49.90,30555.74,31763.86,18,6446098,6977174,10390740992,38521008128
2025-05-14 07:15:27,42.471,4.074,0,0,169.70,30555.74,31763.86,18,6446336,6977422,10390740992,38521118720
2025-05-14 07:15:27,46.561,4.682,0,299008,249.50,30555.74,31763.86,18,6446568,6977673,10390740992,38521393152
2025-05-14 07:15:28,48.247,4.970,0,2719744,569.00,30555.74,31763.86,18,6447171,6978430,10390740992,38524751872
2025-05-14 07:15:28,48.806,5.293,0,966656,479.20,30555.74,31763.86,18,6447427,6978705,10390740992,38525067264
2025-05-14 07:15:28,48.335,5.204,0,163840,548.90,30555.74,31763.86,18,6447675,6978969,10390740992,38525394944
2025-05-14 07:15:28,48.791,5.139,0,425984,559.00,30555.74,31763.86,18,6447934,6979250,10390740992,38525796352
2025-05-14 07:15:28,49.343,5.075,0,397312,529.10,30555.74,31763.86,18,6448189,6979523,10390740992,38526062592
2025-05-14 07:15:29,48.333,5.050,0,266240,559.20,30555.74,31763.86,18,6448468,6979830,10390740992,38526472192
2025-05-14 07:15:29,48.689,5.153,0,446464,568.90,30555.74,31763.86,18,6448715,6980094,10390740992,38526885888
2025-05-14 07:15:29,48.186,5.305,0,339968,618.80,30555.74,31763.86,18,6448964,6980360,10390740992,38527229952
2025-05-14 07:15:29,48.756,5.155,0,995328,549.00,30555.74,31763.86,18,6449257,6980685,10390740992,38528307200
2025-05-14 07:15:29,48.078,5.112,0,397312,559.00,30555.74,31763.86,18,6449506,6980950,10390740992,38528610304
2025-05-14 07:15:30,48.886,5.175,0,397312,509.10,30555.74,31763.86,18,6449755,6981218,10390740992,38528950272
2025-05-14 07:15:30,46.690,5.358,0,258048,608.80,30555.74,31763.86,18,6450007,6981489,10390740992,38529290240
2025-05-14 07:15:30,47.387,5.541,0,368640,509.10,30555.74,31763.86,18,6450255,6981752,10390740992,38529511424
2025-05-14 07:15:30,48.320,4.953,0,307200,569.00,30555.74,31763.86,18,6450508,6982023,10390740992,38529929216
2025-05-14 07:15:30,48.420,5.056,0,286720,509.10,30555.74,31763.86,18,6450756,6982284,10390740992,38530244608
2025-05-14 07:15:31,46.847,5.433,0,311296,549.00,30555.74,31763.86,18,6451011,6982557,10390740992,38530609152
2025-05-14 07:15:31,47.895,5.174,0,335872,489.20,30555.74,31763.86,18,6451253,6982811,10390740992,38530801664
2025-05-14 07:15:31,47.766,4.956,0,397312,569.00,30555.74,31763.86,18,6451501,6983077,10390740992,38531223552
2025-05-14 07:15:31,48.698,4.981,0,262144,529.10,30555.74,31763.86,18,6451730,6983317,10390740992,38531358720
2025-05-14 07:15:31,47.468,4.410,0,8192,69.90,30555.74,31763.86,18,6451931,6983518,10390740992,38531358720
2025-05-14 07:15:32,38.017,3.961,0,0,79.80,30555.74,31763.86,18,6452132,6983719,10390740992,38531358720
2025-05-14 07:15:32,36.442,3.928,0,0,79.90,30555.74,31763.86,18,6452333,6983920,10390740992,38531358720
2025-05-14 07:15:32,36.939,3.904,0,0,69.90,30555.74,31763.86,18,6452534,6984121,10390740992,38531358720
2025-05-14 07:15:32,37.018,3.900,0,0,79.90,30555.74,31763.86,18,6452734,6984321,10390740992,38531358720
2025-05-14 07:15:32,37.055,3.896,0,12288,49.90,30555.74,31763.86,18,6452942,6984531,10390740992,38531371008
2025-05-14 07:15:33,38.407,3.902,0,0,59.90,30555.74,31763.86,18,6453143,6984732,10390740992,38531371008
2025-05-14 07:15:33,36.741,3.832,0,0,79.90,30555.74,31763.86,18,6453344,6984933,10390740992,38531371008
2025-05-14 07:15:33,37.538,3.922,0,0,69.90,30555.74,31763.86,18,6453545,6985134,10390740992,38531371008
2025-05-14 07:15:33,37.040,3.857,0,0,69.90,30555.74,31763.86,18,6453750,6985341,10390740992,38531379200
2025-05-14 07:15:33,36.988,3.862,0,8192,59.90,30555.74,31763.86,18,6453951,6985542,10390740992,38531379200
2025-05-14 07:15:34,37.827,3.900,0,0,69.90,30555.74,31763.86,18,6454153,6985744,10390740992,38531379200
2025-05-14 07:15:34,36.935,3.849,0,0,59.90,30555.74,31763.86,18,6454354,6985945,10390740992,38531379200
2025-05-14 07:15:34,40.547,3.890,0,16384,49.90,30555.74,31763.86,18,6454563,6986157,10390740992,38531395584
2025-05-14 07:15:34,39.959,3.829,0,0,39.90,30555.74,31763.86,18,6454763,6986357,10390740992,38531395584
2025-05-14 07:15:34,40.460,3.840,0,0,49.90,30555.74,31763.86,18,6454964,6986558,10390740992,38531395584
2025-05-14 07:15:35,41.157,3.889,0,0,49.90,30555.74,31763.86,18,6455165,6986759,10390740992,38531395584
2025-05-14 07:15:35,40.256,3.839,0,0,59.90,30555.74,31763.86,18,6455366,6986960,10390740992,38531395584
2025-05-14 07:15:35,43.217,4.462,0,0,69.90,30555.74,31763.86,18,6455567,6987161,10390740992,38531395584
2025-05-14 07:15:35,47.694,4.724,0,0,139.80,30555.74,31763.86,18,6455768,6987362,10390740992,38531395584
2025-05-14 07:15:35,44.814,4.236,0,0,69.90,30555.74,31763.86,18,6455966,6987560,10390740992,38531395584
2025-05-14 07:15:36,42.886,4.241,0,0,49.90,30555.74,31763.86,18,6456168,6987762,10390740992,38531395584
2025-05-14 07:15:36,42.407,4.077,0,0,59.90,30555.74,31763.86,18,6456358,6987952,10390740992,38531395584
2025-05-14 07:15:36,44.258,4.096,0,0,59.90,30555.74,31763.86,18,6456559,6988153,10390740992,38531395584
2025-05-14 07:15:36,43.077,4.218,0,0,259.50,30555.74,31763.86,18,6456754,6988348,10390740992,38531395584
2025-05-14 07:15:36,47.770,4.856,0,0,149.70,30555.74,31763.86,18,6456952,6988546,10390740992,38531395584
2025-05-14 07:15:37,46.206,4.489,0,0,149.70,30555.74,31763.86,18,6457153,6988747,10390740992,38531395584
2025-05-14 07:15:37,45.449,4.567,0,0,159.70,30555.74,31763.86,18,6457355,6988949,10390740992,38531395584
2025-05-14 07:15:37,43.882,4.211,0,0,159.70,30555.74,31763.86,18,6457556,6989150,10390740992,38531395584
2025-05-14 07:15:37,44.148,4.204,0,0,149.60,30555.74,31763.86,18,6457758,6989352,10390740992,38531395584
2025-05-14 07:15:38,46.019,4.373,0,0,159.70,30555.74,31763.86,18,6457956,6989550,10390740992,38531395584
2025-05-14 07:15:38,44.213,4.184,0,0,149.90,30555.74,31763.86,18,6458157,6989751,10390740992,38531395584
2025-05-14 07:15:38,44.210,4.192,0,0,149.70,30555.74,31763.86,18,6458358,6989952,10390740992,38531395584
2025-05-14 07:15:38,43.720,4.199,0,0,159.70,30555.74,31763.86,18,6458558,6990152,10390740992,38531395584
2025-05-14 07:15:38,45.023,4.452,0,0,159.70,30555.74,31763.86,18,6458759,6990353,10390740992,38531395584
2025-05-14 07:15:39,45.382,4.322,0,0,149.80,30555.74,31763.86,18,6458958,6990552,10390740992,38531395584
2025-05-14 07:15:39,43.867,4.122,0,0,159.70,30555.74,31763.86,18,6459160,6990754,10390740992,38531395584
2025-05-14 07:15:39,44.180,4.263,0,0,169.70,30555.74,31763.86,18,6459361,6990955,10390740992,38531395584
2025-05-14 07:15:39,43.926,4.252,0,4096,169.70,30555.74,31763.86,18,6459566,6991161,10390740992,38531399680
2025-05-14 07:15:39,43.593,4.171,0,0,89.80,30555.74,31763.86,18,6459767,6991362,10390740992,38531399680
2025-05-14 07:15:40,44.016,4.281,0,0,49.90,30555.74,31763.86,18,6459969,6991564,10390740992,38531399680
2025-05-14 07:15:40,42.162,4.238,0,0,79.90,30555.74,31763.86,18,6460174,6991769,10390740992,38531399680
2025-05-14 07:15:40,44.024,4.325,0,0,69.90,30555.74,31763.86,18,6460375,6991970,10390740992,38531399680
2025-05-14 07:15:40,42.176,4.203,0,0,49.90,30555.74,31763.86,18,6460575,6992170,10390740992,38531399680
2025-05-14 07:15:40,42.251,4.053,0,0,49.90,30555.74,31763.86,18,6460777,6992372,10390740992,38531399680
2025-05-14 07:15:41,44.616,4.085,0,0,149.70,30555.74,31763.86,18,6460978,6992573,10390740992,38531399680
2025-05-14 07:15:41,42.867,4.244,0,0,59.90,30555.74,31763.86,18,6461179,6992774,10390740992,38531399680
2025-05-14 07:15:41,41.958,4.009,0,122880,49.90,30555.74,31763.86,18,6461388,6992986,10390740992,38531522560
2025-05-14 07:15:41,41.056,3.902,0,0,49.90,30555.74,31763.86,18,6461590,6993188,10390740992,38531522560
2025-05-14 07:15:41,41.827,4.008,0,0,49.90,30555.74,31763.86,18,6461791,6993389,10390740992,38531522560
2025-05-14 07:15:42,42.233,3.997,0,0,79.80,30555.74,31763.86,18,6461992,6993590,10390740992,38531522560
2025-05-14 07:15:42,42.610,4.369,0,0,119.80,30555.74,31763.86,18,6462194,6993792,10390740992,38531522560
2025-05-14 07:15:42,43.358,4.194,0,0,59.90,30555.74,31763.86,18,6462395,6993993,10390740992,38531522560
2025-05-14 07:15:42,41.529,4.031,0,0,39.90,30555.74,31763.86,18,6462595,6994193,10390740992,38531522560
2025-05-14 07:15:42,41.482,3.949,0,0,49.90,30555.74,31763.86,18,6462796,6994394,10390740992,38531522560
2025-05-14 07:15:43,43.888,4.117,0,0,49.90,30555.74,31763.86,18,6462998,6994596,10390740992,38531522560
2025-05-14 07:15:43,40.638,3.935,0,0,49.90,30555.74,31763.86,18,6463199,6994797,10390740992,38531522560
2025-05-14 07:15:43,40.868,3.920,0,0,59.90,30555.74,31763.86,18,6463400,6994998,10390740992,38531522560
2025-05-14 07:15:43,40.608,3.966,0,0,39.90,30555.74,31763.86,18,6463601,6995199,10390740992,38531522560
2025-05-14 07:15:43,41.184,3.938,0,0,39.90,30555.74,31763.86,18,6463803,6995401,10390740992,38531522560
2025-05-14 07:15:44,42.523,4.180,0,0,39.90,30555.74,31763.86,18,6464005,6995603,10390740992,38531522560
2025-05-14 07:15:44,42.379,4.151,0,0,149.70,30555.74,31763.86,18,6464214,6995815,10390740992,38531579904
2025-05-14 07:15:44,43.225,4.244,0,57344,59.90,30555.74,31763.86,18,6464415,6996016,10390740992,38531579904
2025-05-14 07:15:44,40.478,3.908,0,0,59.90,30555.74,31763.86,18,6464624,6996228,10390740992,38531592192
2025-05-14 07:15:44,41.112,3.928,0,12288,59.90,30555.74,31763.86,18,6464826,6996430,10390740992,38531592192
2025-05-14 07:15:45,43.956,4.029,0,0,49.90,30555.74,31763.86,18,6465027,6996631,10390740992,38531592192
2025-05-14 07:15:45,41.273,3.970,0,0,39.90,30555.74,31763.86,18,6465229,6996833,10390740992,38531592192
2025-05-14 07:15:45,42.215,3.956,0,0,39.90,30555.74,31763.86,18,6465430,6997034,10390740992,38531592192
2025-05-14 07:15:45,42.194,4.044,0,0,79.90,30555.74,31763.86,18,6465637,6997243,10390740992,38531600384
2025-05-14 07:15:45,43.476,4.098,0,8192,69.90,30555.74,31763.86,18,6465838,6997444,10390740992,38531600384
2025-05-14 07:15:46,43.375,4.306,0,0,99.80,30555.74,31763.86,18,6466040,6997646,10390740992,38531600384
2025-05-14 07:15:46,44.573,4.565,0,0,69.90,30555.74,31763.86,18,6466241,6997847,10390740992,38531600384
2025-05-14 07:15:46,46.231,4.384,0,0,39.90,30555.74,31763.86,18,6466442,6998048,10390740992,38531600384
2025-05-14 07:15:46,40.606,3.987,0,0,89.90,30555.74,31763.86,18,6466642,6998248,10390740992,38531600384
2025-05-14 07:15:46,42.032,4.061,0,0,49.90,30555.74,31763.86,18,6466844,6998450,10390740992,38531600384
2025-05-14 07:15:47,45.366,4.127,0,0,59.90,30555.74,31763.86,18,6467045,6998651,10390740992,38531600384
2025-05-14 07:15:47,41.251,4.178,0,0,79.80,30555.74,31763.86,18,6467246,6998852,10390740992,38531600384
2025-05-14 07:15:47,44.229,4.198,0,0,259.50,30555.74,31763.86,18,6467443,6999049,10390740992,38531600384
2025-05-14 07:15:47,46.795,4.514,0,0,159.70,30555.74,31763.86,18,6467644,6999250,10390740992,38531600384
2025-05-14 07:15:47,44.218,4.329,0,0,169.70,30555.74,31763.86,18,6467845,6999451,10390740992,38531600384
2025-05-14 07:15:48,44.829,4.290,0,0,159.70,30555.74,31763.86,18,6468045,6999651,10390740992,38531600384
2025-05-14 07:15:48,43.871,4.164,0,0,159.70,30555.74,31763.86,18,6468246,6999852,10390740992,38531600384
2025-05-14 07:15:48,44.235,4.151,0,0,149.70,30555.74,31763.86,18,6468448,7000054,10390740992,38531600384
2025-05-14 07:15:48,43.903,4.090,0,0,149.70,30555.74,31763.86,18,6468648,7000254,10390740992,38531600384
2025-05-14 07:15:48,44.166,4.242,0,0,169.70,30555.74,31763.86,18,6468849,7000455,10390740992,38531600384
2025-05-14 07:15:49,44.748,4.130,0,0,159.70,30555.74,31763.86,18,6469050,7000656,10390740992,38531600384
2025-05-14 07:15:49,43.392,4.196,0,0,159.70,30555.74,31763.86,18,6469251,7000857,10390740992,38531600384
2025-05-14 07:15:49,43.537,4.070,0,0,159.80,30555.74,31763.86,18,6469453,7001059,10390740992,38531600384
2025-05-14 07:15:49,43.983,4.062,0,0,159.70,30555.74,31763.86,18,6469654,7001260,10390740992,38531600384
2025-05-14 07:15:49,45.786,4.319,0,12288,159.70,30555.74,31763.86,18,6469863,7001472,10390740992,38531612672
2025-05-14 07:15:50,44.359,4.143,0,0,159.90,30555.74,31763.86,18,6470069,7001678,10390740992,38531612672
2025-05-14 07:15:50,43.564,4.135,0,0,119.80,30555.74,31763.86,18,6470271,7001880,10390740992,38531612672
2025-05-14 07:15:50,40.862,4.118,0,0,69.90,30555.74,31763.86,18,6470474,7002083,10390740992,38531612672
2025-05-14 07:15:50,41.768,4.310,0,0,59.90,30555.74,31763.86,18,6470674,7002283,10390740992,38531612672
2025-05-14 07:15:50,42.994,4.259,0,0,39.90,30555.74,31763.86,18,6470874,7002483,10390740992,38531612672
2025-05-14 07:15:51,41.741,4.054,0,0,69.90,30555.74,31763.86,18,6471075,7002684,10390740992,38531612672
2025-05-14 07:15:51,39.021,3.924,0,0,59.90,30555.74,31763.86,18,6471277,7002886,10390740992,38531612672
2025-05-14 07:15:51,39.853,3.992,0,0,69.90,30555.74,31763.86,18,6471478,7003087,10390740992,38531612672
2025-05-14 07:15:51,39.140,3.937,0,0,69.90,30555.74,31763.86,18,6471679,7003288,10390740992,38531612672
2025-05-14 07:15:51,38.975,3.922,0,0,59.90,30555.74,31763.86,18,6471880,7003489,10390740992,38531612672
2025-05-14 07:15:52,39.774,3.943,0,0,39.90,30555.74,31763.86,18,6472081,7003690,10390740992,38531612672
2025-05-14 07:15:52,40.054,4.033,0,0,49.90,30555.74,31763.86,18,6472283,7003892,10390740992,38531612672
2025-05-14 07:15:52,40.830,3.991,0,0,109.80,30555.74,31763.86,18,6472488,7004097,10390740992,38531612672
2025-05-14 07:15:52,43.366,4.357,0,0,159.70,30555.74,31763.86,18,6472685,7004294,10390740992,38531612672
2025-05-14 07:15:52,44.899,4.303,0,0,59.90,30555.74,31763.86,18,6472885,7004494,10390740992,38531612672
2025-05-14 07:15:53,42.466,4.091,0,0,89.80,30555.74,31763.86,18,6473087,7004696,10390740992,38531612672
2025-05-14 07:15:53,43.119,4.063,0,0,59.90,30555.74,31763.86,18,6473288,7004897,10390740992,38531612672
2025-05-14 07:15:53,41.440,3.855,0,0,49.90,30555.74,31763.86,18,6473489,7005098,10390740992,38531612672
2025-05-14 07:15:53,42.304,3.938,0,0,49.90,30555.74,31763.86,18,6473690,7005299,10390740992,38531612672
2025-05-14 07:15:53,42.689,3.934,0,0,59.90,30555.74,31763.86,18,6473900,7005512,10390740992,38531645440
2025-05-14 07:15:54,41.199,3.918,0,32768,49.90,30555.74,31763.86,18,6474101,7005713,10390740992,38531645440
2025-05-14 07:15:54,40.978,3.877,0,0,39.90,30555.74,31763.86,18,6474303,7005915,10390740992,38531645440
2025-05-14 07:15:54,40.863,3.863,0,0,119.80,30555.74,31763.86,18,6474504,7006116,10390740992,38531645440
2025-05-14 07:15:54,43.596,4.179,0,0,149.70,30555.74,31763.86,18,6474704,7006316,10390740992,38531645440
2025-05-14 07:15:54,44.133,4.252,0,0,49.90,30555.74,31763.86,18,6474905,7006517,10390740992,38531645440
2025-05-14 07:15:55,41.349,3.903,0,0,49.90,30555.74,31763.86,18,6475106,7006718,10390740992,38531645440
2025-05-14 07:15:55,41.974,4.054,0,0,59.90,30555.74,31763.86,18,6475308,7006920,10390740992,38531645440
2025-05-14 07:15:55,41.823,4.077,0,0,109.80,30555.74,31763.86,18,6475507,7007119,10390740992,38531645440
2025-05-14 07:15:55,42.142,4.437,16384,102400,469.10,30555.74,31763.86,18,6475748,7007365,10390757376,38531940352
2025-05-14 07:15:55,48.515,5.399,0,421888,489.10,30555.76,31763.86,18,6476015,7007653,10390757376,38532268032
2025-05-14 07:15:56,47.545,5.062,0,163840,339.40,30555.76,31763.86,18,6476247,7007895,10390757376,38532345856
2025-05-14 07:15:56,43.378,4.373,0,12288,79.80,30555.76,31763.86,18,6476448,7008096,10390757376,38532345856
2025-05-14 07:15:56,38.748,4.040,0,0,69.90,30555.76,31763.86,18,6476649,7008297,10390757376,38532345856
2025-05-14 07:15:56,38.363,3.917,0,0,49.90,30555.76,31763.86,18,6476849,7008497,10390757376,38532345856
2025-05-14 07:15:56,42.363,4.069,0,8192,49.90,30555.76,31763.86,18,6477057,7008707,10390757376,38532354048
2025-05-14 07:15:57,42.305,4.023,0,0,39.90,30555.76,31763.86,18,6477258,7008908,10390757376,38532354048
2025-05-14 07:15:57,39.048,3.841,0,0,79.90,30555.76,31763.86,18,6477459,7009109,10390757376,38532354048
2025-05-14 07:15:57,39.560,3.989,0,0,69.90,30555.76,31763.86,18,6477660,7009310,10390757376,38532354048
2025-05-14 07:15:57,37.715,3.931,0,0,49.90,30555.76,31763.86,18,6477862,7009512,10390757376,38532354048
2025-05-14 07:15:57,40.700,3.898,0,0,69.90,30555.76,31763.86,18,6478063,7009713,10390757376,38532354048
2025-05-14 07:15:58,38.203,3.939,0,0,99.80,30555.76,31763.86,18,6478264,7009914,10390757376,38532354048
2025-05-14 07:15:58,43.048,4.476,0,0,139.70,30555.76,31763.86,18,6478465,7010115,10390757376,38532354048
2025-05-14 07:15:58,40.863,4.222,0,0,59.90,30555.76,31763.86,18,6478666,7010316,10390757376,38532354048
2025-05-14 07:15:58,40.779,4.222,0,8192,59.90,30555.76,31763.86,18,6478873,7010525,10390757376,38532362240
2025-05-14 07:15:58,42.086,4.043,0,0,49.90,30555.76,31763.86,18,6479074,7010726,10390757376,38532362240
2025-05-14 07:15:59,44.136,3.950,0,0,39.90,30555.76,31763.86,18,6479275,7010927,10390757376,38532362240
2025-05-14 07:15:59,42.275,3.902,0,0,49.90,30555.76,31763.86,18,6479476,7011128,10390757376,38532362240
2025-05-14 07:15:59,41.329,3.878,0,0,49.90,30555.76,31763.86,18,6479678,7011330,10390757376,38532362240
2025-05-14 07:15:59,42.012,3.908,0,0,59.90,30555.76,31763.86,18,6479879,7011531,10390757376,38532362240
2025-05-14 07:15:59,41.579,3.859,0,0,49.90,30555.76,31763.86,18,6480086,7011740,10390757376,38532415488
2025-05-14 07:16:00,41.394,3.904,0,53248,49.90,30555.76,31763.86,18,6480289,7011943,10390757376,38532415488
2025-05-14 07:16:00,41.206,3.847,0,0,69.90,30555.76,31763.86,18,6480493,7012147,10390757376,38532415488
2025-05-14 07:16:00,41.876,3.828,0,0,49.90,30555.76,31763.86,18,6480694,7012348,10390757376,38532415488
2025-05-14 07:16:00,42.015,3.985,0,0,49.90,30555.76,31763.86,18,6480894,7012548,10390757376,38532415488
2025-05-14 07:16:00,43.470,3.929,0,0,59.90,30555.76,31763.86,18,6481094,7012748,10390757376,38532415488
2025-05-14 07:16:01,46.494,4.078,0,0,39.90,30555.76,31763.86,18,6481291,7012945,10390757376,38532415488
2025-05-14 07:16:01,44.353,4.148,0,0,49.90,30555.76,31763.86,18,6481492,7013146,10390757376,38532415488
2025-05-14 07:16:01,43.023,3.996,0,0,39.90,30555.76,31763.86,18,6481693,7013347,10390757376,38532415488
2025-05-14 07:16:01,41.359,4.033,0,0,39.90,30555.76,31763.86,18,6481894,7013548,10390757376,38532415488
2025-05-14 07:16:01,44.439,4.045,0,0,49.90,30555.76,31763.86,18,6482090,7013744,10390757376,38532415488
2025-05-14 07:16:02,44.907,4.124,0,0,59.90,30555.76,31763.86,18,6482291,7013945,10390757376,38532415488
2025-05-14 07:16:02,46.211,4.170,0,0,59.90,30555.76,31763.86,18,6482495,7014150,10390757376,38532419584
2025-05-14 07:16:02,44.427,4.111,0,1257472,59.90,30555.76,31763.86,18,6482732,7014407,10390757376,38533672960
2025-05-14 07:16:02,44.610,4.402,0,28672,79.90,30555.76,31763.86,18,6482941,7014621,10390757376,38533701632
2025-05-14 07:16:02,47.749,4.549,0,0,49.90,30555.76,31763.86,18,6483144,7014824,10390757376,38533701632
2025-05-14 07:16:03,43.640,4.144,0,0,49.90,30555.76,31763.86,18,6483345,7015025,10390757376,38533701632
2025-05-14 07:16:03,43.527,3.964,0,0,49.90,30555.76,31763.86,18,6483546,7015226,10390757376,38533701632
2025-05-14 07:16:03,42.004,3.911,0,0,59.90,30555.76,31763.86,18,6483747,7015427,10390757376,38533701632
2025-05-14 07:16:03,41.035,4.057,0,0,49.90,30555.76,31763.86,18,6483949,7015629,10390757376,38533701632
2025-05-14 07:16:03,44.656,4.125,0,0,99.80,30555.76,31763.86,18,6484149,7015829,10390757376,38533701632
2025-05-14 07:16:04,48.954,4.738,0,0,149.70,30555.76,31763.86,18,6484291,7015971,10390757376,38533701632
2025-05-14 07:16:04,48.019,4.661,0,0,179.70,30555.76,31763.86,18,6484490,7016170,10390757376,38533701632
2025-05-14 07:16:04,44.461,4.428,0,0,159.70,30555.76,31763.86,18,6484691,7016371,10390757376,38533701632
2025-05-14 07:16:04,44.060,4.339,0,0,149.70,30555.76,31763.86,18,6484891,7016571,10390757376,38533701632
2025-05-14 07:16:04,46.624,4.468,0,0,149.70,30555.76,31763.86,18,6485090,7016770,10390757376,38533701632
2025-05-14 07:16:05,45.133,4.420,0,0,149.80,30555.76,31763.86,18,6485292,7016972,10390757376,38533701632
2025-05-14 07:16:05,43.688,4.141,0,0,159.70,30555.76,31763.86,18,6485493,7017173,10390757376,38533701632
2025-05-14 07:16:05,44.673,4.119,0,0,159.50,30555.76,31763.86,18,6485694,7017374,10390757376,38533701632
2025-05-14 07:16:05,46.151,4.281,0,4096,329.40,30555.76,31763.86,18,6485910,7017594,10390757376,38533967872
2025-05-14 07:16:05,45.405,4.294,0,262144,169.70,30555.76,31763.86,18,6486111,7017795,10390757376,38533967872
2025-05-14 07:16:06,43.860,4.197,0,0,159.70,30555.76,31763.86,18,6486312,7017996,10390757376,38533967872
2025-05-14 07:16:06,43.651,4.028,0,0,169.70,30555.76,31763.86,18,6486513,7018197,10390757376,38533967872
2025-05-14 07:16:06,45.664,4.302,0,0,159.70,30555.76,31763.86,18,6486716,7018400,10390757376,38533967872
2025-05-14 07:16:06,45.549,4.335,0,0,149.80,30555.76,31763.86,18,6486918,7018602,10390757376,38533967872
2025-05-14 07:16:06,45.712,4.280,0,0,159.70,30555.76,31763.86,18,6487115,7018799,10390757376,38533967872
2025-05-14 07:16:07,43.904,4.268,0,0,149.70,30555.76,31763.86,18,6487316,7019000,10390757376,38533967872
2025-05-14 07:16:07,41.703,4.020,0,0,49.90,30555.76,31763.86,18,6487517,7019201,10390757376,38533967872
2025-05-14 07:16:07,40.895,4.052,0,0,49.90,30555.76,31763.86,18,6487718,7019402,10390757376,38533967872
2025-05-14 07:16:07,41.027,3.807,0,0,149.70,30555.76,31763.86,18,6487919,7019603,10390757376,38533967872
2025-05-14 07:16:07,47.084,4.752,0,0,209.60,30555.76,31763.86,18,6488121,7019805,10390757376,38533967872
2025-05-14 07:16:08,45.989,4.898,0,0,209.60,30555.76,31763.86,18,6488322,7020006,10390757376,38533967872
2025-05-14 07:16:08,44.484,4.774,0,0,209.70,30555.76,31763.86,18,6488524,7020208,10390757376,38533967872
2025-05-14 07:16:08,44.158,4.437,0,0,149.80,30555.76,31763.86,18,6488725,7020409,10390757376,38533967872
2025-05-14 07:16:08,43.624,4.190,0,0,139.80,30555.76,31763.86,18,6488925,7020609,10390757376,38533967872
2025-05-14 07:16:08,43.811,4.267,0,0,39.90,30555.76,31763.86,18,6489123,7020807,10390757376,38533967872
2025-05-14 07:16:09,42.543,4.135,0,0,319.40,30555.76,31763.86,18,6489306,7020990,10390757376,38533967872
2025-05-14 07:16:09,46.497,4.734,0,0,459.20,30555.76,31763.86,18,6489508,7021192,10390757376,38533967872
2025-05-14 07:16:09,49.601,4.936,0,0,469.10,30555.76,31763.86,18,6489691,7021375,10390757376,38533967872
2025-05-14 07:16:09,50.608,5.181,0,0,538.90,30555.76,31763.86,18,6489890,7021574,10390757376,38533967872
2025-05-14 07:16:10,50.627,5.056,0,0,249.50,30555.76,31763.86,18,6490089,7021773,10390757376,38533967872
2025-05-14 07:16:10,46.522,4.744,0,0,49.90,30555.76,31763.86,18,6490290,7021974,10390757376,38533967872
2025-05-14 07:16:10,43.210,4.352,0,0,59.90,30555.76,31763.86,18,6490489,7022173,10390757376,38533967872
2025-05-14 07:16:10,43.520,4.302,0,0,49.90,30555.76,31763.86,18,6490690,7022374,10390757376,38533967872
2025-05-14 07:16:10,42.889,4.264,0,0,149.70,30555.76,31763.86,18,6490886,7022570,10390757376,38533967872
2025-05-14 07:16:11,46.367,4.854,0,0,159.70,30555.76,31763.86,18,6491086,7022770,10390757376,38533967872
2025-05-14 07:16:11,44.800,4.436,0,0,159.70,30555.76,31763.86,18,6491288,7022972,10390757376,38533967872
2025-05-14 07:16:11,44.285,4.392,0,0,169.70,30555.76,31763.86,18,6491491,7023176,10390757376,38533992448
2025-05-14 07:16:11,44.093,4.138,0,24576,139.80,30555.76,31763.86,18,6491692,7023377,10390757376,38533992448
2025-05-14 07:16:11,44.165,4.192,0,0,149.70,30555.76,31763.86,18,6491889,7023574,10390757376,38533992448
2025-05-14 07:16:12,45.506,4.306,0,0,149.70,30555.76,31763.86,18,6492090,7023775,10390757376,38533992448
2025-05-14 07:16:12,43.856,4.321,0,0,129.80,30555.76,31763.86,18,6492292,7023977,10390757376,38533992448
2025-05-14 07:16:12,45.347,4.250,0,0,129.80,30555.76,31763.86,18,6492492,7024177,10390757376,38533992448
2025-05-14 07:16:12,44.164,4.203,0,0,49.90,30555.76,31763.86,18,6492697,7024382,10390757376,38533992448
2025-05-14 07:16:12,41.909,3.995,0,0,59.90,30555.76,31763.86,18,6492898,7024583,10390757376,38533992448
2025-05-14 07:16:13,43.591,4.120,0,0,49.90,30555.76,31763.86,18,6493100,7024785,10390757376,38533992448
2025-05-14 07:16:13,41.571,3.867,0,0,69.90,30555.76,31763.86,18,6493301,7024986,10390757376,38533992448
2025-05-14 07:16:13,40.187,3.802,0,0,59.90,30555.76,31763.86,18,6493502,7025187,10390757376,38533992448
2025-05-14 07:16:13,40.705,3.869,0,0,69.90,30555.76,31763.86,18,6493703,7025388,10390757376,38533992448
2025-05-14 07:16:13,40.190,3.833,0,0,49.90,30555.76,31763.86,18,6493904,7025589,10390757376,38533992448
2025-05-14 07:16:14,40.964,3.842,0,0,59.90,30555.76,31763.86,18,6494105,7025790,10390757376,38533992448
2025-05-14 07:16:14,40.474,3.913,0,0,59.90,30555.76,31763.86,18,6494307,7025992,10390757376,38533992448
2025-05-14 07:16:14,40.671,3.841,0,0,49.90,30555.76,31763.86,18,6494508,7026193,10390757376,38533992448
2025-05-14 07:16:14,41.654,3.928,0,0,39.90,30555.76,31763.86,18,6494708,7026393,10390757376,38533992448
2025-05-14 07:16:14,41.319,3.926,0,0,39.90,30555.76,31763.86,18,6494910,7026595,10390757376,38533992448
2025-05-14 07:16:15,42.155,4.067,0,0,59.90,30555.76,31763.86,18,6495111,7026796,10390757376,38533992448
2025-05-14 07:16:15,41.757,4.042,0,0,39.90,30555.76,31763.86,18,6495312,7026997,10390757376,38533992448
2025-05-14 07:16:15,42.019,4.080,0,0,39.90,30555.76,31763.86,18,6495513,7027198,10390757376,38533992448
2025-05-14 07:16:15,40.484,3.880,0,0,39.90,30555.76,31763.86,18,6495714,7027399,10390757376,38533992448
2025-05-14 07:16:15,41.210,3.931,0,0,49.90,30555.73,31739.85,12,6495913,7027598,10390757376,38533992448
2025-05-14 07:16:16,44.536,4.154,0,0,79.90,30555.73,31739.85,12,6496114,7027799,10390757376,38533992448
2025-05-14 07:16:16,42.263,4.155,0,0,59.90,30555.73,31739.85,12,6496315,7028000,10390757376,38533992448
2025-05-14 07:16:16,44.019,4.104,0,0,199.60,30555.73,31739.85,12,6496514,7028199,10390757376,38533992448
2025-05-14 07:16:16,46.963,4.863,0,110592,439.20,30555.73,31739.85,14,6497082,7028650,10390757376,38534545408
2025-05-14 07:16:16,48.329,5.110,0,520192,359.40,30555.73,31739.85,14,6497355,7028929,10390757376,38534672384
2025-05-14 07:16:17,48.528,5.050,0,98304,359.30,30555.73,31739.85,14,6497572,7029154,10390757376,38534721536
2025-05-14 07:16:17,47.095,4.793,0,0,379.30,30555.73,31739.85,14,6497771,7029353,10390757376,38534721536
2025-05-14 07:16:17,47.226,4.703,0,0,369.30,30555.73,31739.85,14,6497973,7029555,10390757376,38534721536
2025-05-14 07:16:17,47.492,4.838,0,4096,369.60,30555.73,31739.85,14,6498173,7029757,10390757376,38534729728
2025-05-14 07:16:17,46.284,4.793,0,4096,329.40,30555.73,31739.85,14,6498380,7029964,10390757376,38534729728
2025-05-14 07:16:18,46.987,4.552,0,0,339.40,30555.73,31739.85,14,6498580,7030164,10390757376,38534729728
2025-05-14 07:16:18,46.100,4.463,0,0,399.40,30555.73,31739.85,14,6498784,7030368,10390757376,38534729728
2025-05-14 07:16:18,46.964,4.504,0,139264,419.30,30555.73,31739.85,14,6499226,7030891,10390757376,38535065600
2025-05-14 07:16:18,46.821,4.678,0,380928,359.40,30555.73,31739.85,14,6499705,7031465,10390757376,38535462912
2025-05-14 07:16:18,46.589,4.804,0,540672,399.40,30555.73,31739.85,14,6500102,7031928,10390757376,38535876608
2025-05-14 07:16:19,46.372,4.819,0,86016,349.50,30555.73,31739.85,14,6500286,7032112,10390757376,38535876608
2025-05-14 07:16:19,46.651,4.862,0,0,379.40,30555.73,31739.85,14,6500497,7032324,10390757376,38535884800
2025-05-14 07:16:19,45.645,4.844,0,192512,359.40,30555.73,31739.85,14,6500903,7032799,10390757376,38536241152
2025-05-14 07:16:19,45.923,4.754,0,364544,419.30,30555.73,31739.85,14,6501347,7033325,10390757376,38536593408
2025-05-14 07:16:19,46.679,4.908,0,331776,299.50,30555.73,31739.85,14,6501800,7033861,10390757376,38536949760
2025-05-14 07:16:20,45.558,4.798,0,348160,359.30,30555.73,31739.85,14,6502120,7034219,10390757376,38537113600
2025-05-14 07:16:20,46.223,4.882,0,131072,399.30,30555.73,31739.85,14,6502326,7034427,10390757376,38537244672
2025-05-14 07:16:20,46.355,4.873,0,208896,389.40,30555.73,31739.85,14,6502728,7034895,10390757376,38537588736
2025-05-14 07:16:20,46.324,4.876,0,315392,319.30,30555.73,31739.85,14,6503143,7035390,10390757376,38537924608
2025-05-14 07:16:20,45.706,4.971,0,155648,359.30,30555.73,31739.85,14,6503346,7035595,10390757376,38537936896
2025-05-14 07:16:21,46.587,5.036,0,16384,409.30,30555.73,31739.85,14,6503551,7035803,10390757376,38537957376
2025-05-14 07:16:21,47.145,4.975,0,28672,449.20,30555.73,31739.85,14,6503739,7035995,10390757376,38538018816
2025-05-14 07:16:21,46.648,5.001,0,102400,409.30,30555.73,31739.85,14,6503969,7036235,10390757376,38538088448
2025-05-14 07:16:21,46.644,4.694,0,36864,329.50,30555.73,31739.85,14,6504179,7036450,10390757376,38538108928
2025-05-14 07:16:21,45.929,4.383,0,0,349.40,30555.73,31739.85,14,6504381,7036652,10390757376,38538108928
2025-05-14 07:16:22,46.318,4.414,0,4096,369.40,30555.73,31739.85,14,6504588,7036860,10390757376,38538113024
2025-05-14 07:16:22,46.708,4.437,0,0,389.10,30555.73,31739.85,14,6504788,7037060,10390757376,38538113024
2025-05-14 07:16:22,46.686,4.442,0,0,319.40,30555.73,31739.85,14,6505002,7037274,10390757376,38538113024
2025-05-14 07:16:22,46.544,4.430,0,221184,369.40,30555.73,31739.85,14,6505476,7037842,10390757376,38538539008
2025-05-14 07:16:22,47.060,4.641,0,376832,299.50,30555.73,31739.85,14,6505943,7038398,10390757376,38538928128
2025-05-14 07:16:23,44.385,4.947,0,397312,409.30,30555.73,31739.85,14,6506387,7038923,10390757376,38539276288
2025-05-14 07:16:23,45.091,5.115,0,172032,299.40,30555.73,31739.85,14,6506596,7039133,10390757376,38539280384
2025-05-14 07:16:23,44.466,4.929,0,0,399.30,30555.73,31739.85,14,6506797,7039334,10390757376,38539280384
2025-05-14 07:16:23,44.042,5.156,0,176128,299.60,30555.73,31739.85,14,6507257,7039883,10390757376,38539714560
2025-05-14 07:16:23,45.013,5.016,0,421888,339.50,30555.73,31739.85,14,6507735,7040456,10390757376,38540132352
2025-05-14 07:16:24,44.320,4.964,0,356352,339.50,30555.73,31739.85,14,6507981,7040717,10390757376,38540234752
2025-05-14 07:16:24,44.446,4.885,0,0,339.40,30555.73,31739.85,14,6508181,7040917,10390757376,38540234752
2025-05-14 07:16:24,44.867,4.646,0,0,289.70,30555.73,31739.85,14,6508382,7041118,10390757376,38540234752
2025-05-14 07:16:24,45.267,4.761,0,0,239.60,30555.73,31739.85,14,6508582,7041318,10390757376,38540234752
2025-05-14 07:16:24,44.418,4.690,0,0,269.50,30555.73,31739.85,14,6508783,7041519,10390757376,38540234752
2025-05-14 07:16:25,44.873,4.750,0,8192,269.60,30555.73,31739.85,14,6508985,7041722,10390757376,38540242944
2025-05-14 07:16:25,44.198,4.684,0,0,279.60,30555.73,31739.85,14,6509186,7041923,10390757376,38540242944
2025-05-14 07:16:25,45.085,4.762,0,0,339.40,30555.73,31739.85,14,6509388,7042125,10390757376,38540242944
2025-05-14 07:16:25,45.359,4.995,0,90112,409.30,30555.73,31739.85,14,6509609,7042354,10390757376,38540476416
2025-05-14 07:16:25,46.974,5.054,0,430080,289.50,30555.73,31739.85,14,6510052,7042878,10390757376,38540886016
2025-05-14 07:16:26,44.707,4.735,0,122880,309.50,30555.73,31739.85,14,6510251,7043077,10390757376,38540886016
2025-05-14 07:16:26,44.664,4.687,0,0,259.60,30555.73,31739.85,14,6510453,7043279,10390757376,38540886016
2025-05-14 07:16:26,44.073,4.739,0,0,289.50,30555.73,31739.85,14,6510654,7043480,10390757376,38540886016
2025-05-14 07:16:26,44.343,4.625,0,0,269.50,30555.73,31739.85,14,6510854,7043680,10390757376,38540886016
2025-05-14 07:16:26,44.459,4.674,0,0,299.50,30555.73,31739.85,14,6511055,7043881,10390757376,38540886016
2025-05-14 07:16:27,44.738,4.688,0,0,289.50,30555.73,31739.85,14,6511256,7044082,10390757376,38540886016
2025-05-14 07:16:27,43.660,4.689,0,0,279.50,30555.73,31739.85,14,6511457,7044283,10390757376,38540886016
2025-05-14 07:16:27,44.326,4.795,0,0,289.50,30555.73,31755.86,18,6511667,7044506,10390790144,38541885440
2025-05-14 07:16:27,44.752,4.694,32768,999424,279.50,30555.73,31755.86,18,6511868,7044707,10390790144,38541885440
2025-05-14 07:16:27,44.718,4.633,0,0,299.50,30555.73,31755.86,18,6512069,7044908,10390790144,38541885440
2025-05-14 07:16:28,45.049,4.740,0,0,249.60,30555.73,31755.86,18,6512427,7045321,10390790144,38542127104
2025-05-14 07:16:28,44.184,4.282,0,1044480,259.50,30555.73,31755.86,18,6513767,7047051,10390790144,38543818752
2025-05-14 07:16:28,44.482,4.359,0,1814528,159.70,30555.73,31755.86,18,6515242,7048973,10390790144,38545731584
2025-05-14 07:16:28,41.415,4.043,0,2064384,179.70,30555.73,31755.86,18,6516782,7050971,10390790144,38547832832
2025-05-14 07:16:28,44.361,4.597,0,1736704,569.00,30555.73,31755.86,18,6517637,7052060,10390790144,38548824064
2025-05-14 07:16:29,50.751,5.438,0,659456,579.00,30555.73,31755.86,18,6518347,7052946,10390790144,38549598208
2025-05-14 07:16:29,50.793,5.320,0,864256,559.00,30555.73,31755.86,18,6519105,7053898,10390790144,38550462464
2025-05-14 07:16:29,49.924,5.141,0,950272,389.30,30555.73,31755.86,18,6520164,7055264,10390790144,38551740416
2025-05-14 07:16:29,47.176,4.779,0,1400832,149.80,30555.73,31755.86,18,6521480,7056972,10390790144,38553477120
2025-05-14 07:16:29,43.517,4.497,0,1769472,389.30,30555.73,31755.86,18,6522604,7058422,10390790144,38554845184
2025-05-14 07:16:30,47.751,5.152,0,1495040,369.30,30555.73,31755.86,18,6523597,7059694,10390790144,38556409856
2025-05-14 07:16:30,48.830,5.219,0,1404928,379.40,30555.73,31755.86,18,6524550,7060900,10390790144,38557835264
2025-05-14 07:16:30,47.320,5.062,0,1675264,399.30,30555.73,31755.86,18,6525698,7062375,10390790144,38559649792
2025-05-14 07:16:30,48.005,5.121,0,1781760,309.40,30555.73,31755.86,18,6526961,7064010,10390790144,38561722368
2025-05-14 07:16:30,45.580,4.861,0,2330624,249.60,30555.73,31755.86,18,6528425,7065908,10390790144,38564155392
2025-05-14 07:16:31,44.130,4.969,0,2539520,259.80,30555.73,31755.86,18,6529893,7067824,10390790144,38566682624
2025-05-14 07:16:31,45.267,4.964,0,2158592,189.70,30555.73,31755.86,18,6531210,7069531,10390790144,38568865792
2025-05-14 07:16:31,42.787,4.313,0,2535424,169.70,30555.73,31755.86,18,6532750,7071535,10390790144,38571380736
2025-05-14 07:16:31,42.459,4.137,0,2555904,149.80,30555.73,31755.86,18,6534343,7073616,10390790144,38574088192
2025-05-14 07:16:31,41.852,4.048,0,2809856,159.70,30555.73,31755.86,18,6535962,7075728,10390790144,38576914432
2025-05-14 07:16:32,41.714,3.984,0,2899968,159.70,30555.73,31755.86,18,6537624,7077894,10390790144,38579838976
2025-05-14 07:16:32,41.626,4.127,0,2039808,49.90,30555.73,31755.86,18,6538115,7078486,10390790144,38580424704
2025-05-14 07:16:32,41.172,4.127,0,8192,129.80,30555.73,31755.86,18,6538316,7078687,10390790144,38580424704
2025-05-14 07:16:32,43.014,4.380,0,0,159.70,30555.73,31755.86,18,6538516,7078887,10390790144,38580424704
2025-05-14 07:16:32,43.686,4.207,0,0,139.80,30555.73,31755.86,18,6538717,7079088,10390790144,38580424704
2025-05-14 07:16:33,43.859,4.127,0,0,149.70,30555.73,31755.86,18,6538918,7079289,10390790144,38580424704
2025-05-14 07:16:33,44.107,4.084,0,8192,149.70,30555.73,31755.86,18,6539124,7079497,10390790144,38580432896
2025-05-14 07:16:33,43.734,4.197,0,0,149.70,30555.73,31755.86,18,6539325,7079698,10390790144,38580432896
2025-05-14 07:16:33,43.969,4.211,0,0,149.70,30555.73,31755.86,18,6539526,7079899,10390790144,38580432896
2025-05-14 07:16:33,43.952,4.375,0,0,319.40,30555.73,31755.86,18,6539725,7080098,10390790144,38580432896
2025-05-14 07:16:34,46.105,4.975,0,0,329.40,30555.73,31755.86,18,6539914,7080287,10390790144,38580432896
2025-05-14 07:16:34,47.309,5.054,0,0,319.40,30555.73,31755.86,18,6540110,7080483,10390790144,38580432896
2025-05-14 07:16:34,46.299,4.967,0,0,299.50,30555.73,31755.86,18,6540312,7080685,10390790144,38580432896
2025-05-14 07:16:34,45.635,5.023,0,0,309.40,30555.73,31755.86,18,6540511,7080884,10390790144,38580432896
2025-05-14 07:16:34,47.620,5.061,0,0,289.50,30555.73,31755.86,18,6540711,7081084,10390790144,38580432896
2025-05-14 07:16:35,47.834,5.053,0,40960,269.20,30555.73,31755.86,18,6540923,7081299,10390790144,38580473856
2025-05-14 07:16:35,47.110,4.863,0,0,349.50,30555.73,31755.86,18,6541965,7082562,10390790144,38588301312
2025-05-14 07:16:35,47.272,4.979,0,11603968,249.70,30555.73,31755.86,18,6542328,7083313,10390790144,38592077824
2025-05-14 07:16:35,47.427,4.871,0,12288,249.60,30555.73,31755.86,18,6542527,7083513,10390790144,38592090112
2025-05-14 07:16:35,47.140,4.927,0,0,349.40,30555.73,31755.86,18,6542737,7083731,10390794240,38592118784
2025-05-14 07:16:36,46.829,4.820,4096,69632,339.40,30555.73,31755.86,18,6542961,7083965,10390794240,38592159744
2025-05-14 07:16:36,47.210,4.797,0,0,369.40,30555.73,31755.86,18,6543163,7084167,10390794240,38592159744
2025-05-14 07:16:36,47.546,4.768,0,0,269.60,30555.73,31755.86,18,6543361,7084365,10390794240,38592159744
2025-05-14 07:16:36,46.747,4.753,0,0,249.60,30555.73,31755.86,18,6543555,7084559,10390794240,38592159744
2025-05-14 07:16:36,47.224,4.743,0,8192,299.50,30555.73,31755.86,18,6543758,7084764,10390794240,38592167936
2025-05-14 07:16:37,46.877,5.223,0,0,149.80,30555.73,31755.86,18,6543959,7084965,10390794240,38592167936
2025-05-14 07:16:37,42.965,4.550,0,0,49.90,30555.73,31755.86,18,6544160,7085166,10390794240,38592167936
2025-05-14 07:16:37,42.217,4.038,0,0,49.90,30555.73,31755.86,18,6544361,7085367,10390794240,38592167936
2025-05-14 07:16:37,43.635,4.214,0,0,49.90,30555.73,31755.86,18,6544562,7085568,10390794240,38592167936
2025-05-14 07:16:37,45.028,4.501,0,24576,319.50,30555.73,31755.86,18,6544782,7085795,10390794240,38592241664
2025-05-14 07:16:38,42.976,4.429,0,65536,69.90,30555.73,31755.86,18,6544986,7086000,10390794240,38592258048
2025-05-14 07:16:38,43.143,4.114,0,0,59.90,30555.73,31755.86,18,6545187,7086201,10390794240,38592258048
2025-05-14 07:16:38,42.610,4.019,0,0,39.90,30555.73,31755.86,18,6545388,7086402,10390794240,38592258048
2025-05-14 07:16:38,41.613,3.974,0,0,39.90,30555.73,31755.86,18,6545589,7086603,10390794240,38592258048
2025-05-14 07:16:38,43.058,4.080,0,0,59.90,30555.73,31755.86,18,6545790,7086804,10390794240,38592258048
2025-05-14 07:16:39,43.041,4.115,0,0,49.90,30555.73,31755.86,18,6545991,7087005,10390794240,38592258048
2025-05-14 07:16:39,43.346,4.133,0,0,129.80,30555.73,31755.86,18,6546191,7087205,10390794240,38592258048
2025-05-14 07:16:39,47.293,4.660,0,0,59.90,30555.73,31755.86,18,6546393,7087407,10390794240,38592258048
2025-05-14 07:16:39,44.943,4.285,0,0,49.90,30555.73,31755.86,18,6546594,7087608,10390794240,38592258048
2025-05-14 07:16:39,44.797,4.115,0,0,49.90,30555.73,31755.86,18,6546795,7087809,10390794240,38592258048
2025-05-14 07:16:40,43.940,4.267,0,0,49.90,30555.73,31755.86,18,6547005,7088022,10390794240,38592270336
2025-05-14 07:16:40,40.609,4.239,0,12288,39.90,30555.73,31755.86,18,6547207,7088224,10390794240,38592270336
2025-05-14 07:16:40,40.821,4.079,0,0,39.90,30555.73,31755.86,18,6547406,7088423,10390794240,38592270336
2025-05-14 07:16:40,43.922,4.372,0,0,229.50,30555.73,31755.86,18,6547585,7088602,10390794240,38592270336
2025-05-14 07:16:40,47.704,4.915,0,8192,179.60,30555.73,31755.86,18,6547788,7088807,10390794240,38592278528
2025-05-14 07:16:41,45.117,4.512,0,0,159.70,30555.73,31755.86,18,6547989,7089008,10390794240,38592278528
2025-05-14 07:16:41,43.962,4.181,0,0,159.70,30555.73,31755.86,18,6548190,7089209,10390794240,38592278528
2025-05-14 07:16:41,44.035,4.236,0,0,149.80,30555.73,31755.86,18,6548392,7089411,10390794240,38592278528
2025-05-14 07:16:41,44.193,4.274,0,0,159.70,30555.73,31755.86,18,6548593,7089612,10390794240,38592278528
2025-05-14 07:16:41,45.048,4.279,0,0,159.70,30555.73,31755.86,18,6548794,7089813,10390794240,38592278528
2025-05-14 07:16:42,45.600,4.261,0,0,159.70,30555.73,31755.86,18,6548995,7090014,10390794240,38592278528
2025-05-14 07:16:42,43.920,4.193,0,0,149.80,30555.73,31755.86,18,6549197,7090216,10390794240,38592278528
2025-05-14 07:16:42,43.747,4.132,0,0,159.70,30555.73,31755.86,18,6549397,7090416,10390794240,38592278528
2025-05-14 07:16:42,43.653,4.219,0,0,149.70,30555.73,31755.86,18,6549598,7090617,10390794240,38592278528
2025-05-14 07:16:43,44.042,4.148,0,0,159.70,30555.73,31755.86,18,6549799,7090818,10390794240,38592278528
2025-05-14 07:16:43,44.505,4.231,0,0,159.70,30555.73,31755.86,18,6550000,7091019,10390794240,38592278528
2025-05-14 07:16:43,44.824,4.215,0,0,169.70,30555.73,31755.86,18,6550199,7091218,10390794240,38592278528
2025-05-14 07:16:43,43.699,4.188,0,0,159.80,30555.73,31755.86,18,6550401,7091420,10390794240,38592278528
2025-05-14 07:16:43,44.267,4.220,0,0,49.90,30555.73,31755.86,18,6550602,7091621,10390794240,38592278528
2025-05-14 07:16:44,45.396,4.199,0,0,149.70,30555.73,31755.86,18,6550803,7091822,10390794240,38592278528
2025-05-14 07:16:44,44.546,4.443,0,0,149.70,30555.73,31755.86,18,6551001,7092020,10390794240,38592278528
2025-05-14 07:16:44,44.755,4.652,0,8052736,59.90,30555.73,31755.86,18,6551984,7093838,10390794240,38600331264
2025-05-14 07:16:44,42.980,4.107,0,0,119.80,30555.73,31755.86,18,6552184,7094038,10390794240,38600331264
2025-05-14 07:16:44,42.598,4.157,0,0,49.90,30555.73,31755.86,18,6552374,7094228,10390794240,38600331264
2025-05-14 07:16:45,43.743,4.206,0,0,59.90,30555.73,31755.86,18,6552576,7094430,10390794240,38600331264
2025-05-14 07:16:45,41.748,4.034,0,0,59.90,30555.73,31755.86,18,6552777,7094631,10390794240,38600331264
2025-05-14 07:16:45,42.397,4.043,0,4096,49.90,30555.73,31755.86,18,6552981,7094836,10390794240,38600335360
2025-05-14 07:16:45,41.057,3.970,0,0,49.90,30555.73,31755.86,18,6553182,7095037,10390794240,38600335360
2025-05-14 07:16:45,40.768,3.994,0,0,49.90,30555.73,31755.86,18,6553383,7095238,10390794240,38600335360
2025-05-14 07:16:46,42.477,3.960,0,0,49.90,30555.73,31755.86,18,6553585,7095440,10390794240,38600335360
2025-05-14 07:16:46,41.424,4.004,0,0,59.90,30555.73,31755.86,18,6553786,7095641,10390794240,38600335360
2025-05-14 07:16:46,42.664,4.228,0,57344,59.90,30555.73,31755.86,18,6554008,7095870,10390794240,38600400896
2025-05-14 07:16:46,40.778,3.983,0,8192,129.80,30555.73,31755.86,18,6554210,7096073,10390794240,38600404992
2025-05-14 07:16:46,44.085,4.255,0,4096,269.50,30555.73,31755.86,18,6554432,7096305,10390794240,38600572928
2025-05-14 07:16:47,49.491,5.215,0,524288,529.10,30555.73,31755.86,18,6554727,7096636,10390794240,38601105408
2025-05-14 07:16:47,47.750,5.191,0,188416,329.40,30555.73,31755.86,18,6554938,7096851,10390794240,38601138176
2025-05-14 07:16:47,48.446,4.912,0,20480,409.30,30555.73,31755.86,18,6555145,7097058,10390794240,38601138176
2025-05-14 07:16:47,47.296,4.614,0,0,159.80,30555.73,31755.86,18,6555346,7097259,10390794240,38601138176
2025-05-14 07:16:47,43.697,4.229,0,0,129.80,30555.73,31755.86,18,6555547,7097460,10390794240,38601138176
2025-05-14 07:16:48,44.818,4.331,0,0,189.70,30555.73,31755.86,18,6555744,7097657,10390794240,38601138176
2025-05-14 07:16:48,47.639,4.707,0,0,349.40,30555.73,31755.86,18,6555941,7097854,10390794240,38601138176
2025-05-14 07:16:48,47.689,4.966,0,0,89.80,30555.73,31755.86,18,6556143,7098056,10390794240,38601138176
2025-05-14 07:16:48,41.482,4.195,0,0,39.90,30555.73,31755.86,18,6556343,7098256,10390794240,38601138176
2025-05-14 07:16:48,42.205,4.033,0,0,59.90,30555.73,31755.86,18,6556545,7098458,10390794240,38601138176
2025-05-14 07:16:49,46.356,4.349,0,0,189.70,30555.73,31755.86,18,6556748,7098661,10390794240,38601138176
2025-05-14 07:16:49,46.149,4.574,0,0,139.80,30555.73,31755.86,18,6556949,7098862,10390794240,38601138176
2025-05-14 07:16:49,45.627,4.579,0,0,369.30,30555.73,31755.86,18,6557144,7099057,10390794240,38601138176
2025-05-14 07:16:49,48.083,4.978,0,0,319.50,30555.73,31755.86,18,6557342,7099255,10390794240,38601138176
2025-05-14 07:16:49,48.532,4.940,16384,4509696,329.40,30555.73,31755.86,18,6558191,7100432,10390945792,38605647872
2025-05-14 07:16:50,47.501,4.948,135168,0,299.50,30555.73,31755.86,18,6558398,7100637,10390953984,38605647872
2025-05-14 07:16:50,46.951,4.791,20480,0,269.50,30555.73,31755.86,18,6558612,7100848,10390966272,38605647872
2025-05-14 07:16:50,46.615,4.772,0,0,259.50,30555.73,31755.86,18,6558841,7101084,10390966272,38605709312
2025-05-14 07:16:50,46.415,4.685,0,126976,269.60,30555.73,31755.86,18,6559050,7101297,10390966272,38605807616
2025-05-14 07:16:50,46.826,4.687,0,73728,289.50,30555.73,31755.86,18,6559249,7101499,10390966272,38605860864
2025-05-14 07:16:51,45.568,4.821,0,45056,289.50,30555.73,31755.86,18,6559465,7101720,10390966272,38605918208
2025-05-14 07:16:51,44.751,4.828,0,65536,309.40,30555.73,31755.86,18,6559669,7101925,10390966272,38605959168
2025-05-14 07:16:51,45.596,4.944,0,0,299.50,30555.73,31755.86,18,6559880,7102138,10390966272,38605979648
2025-05-14 07:16:51,45.378,4.864,0,20480,309.40,30555.73,31755.86,18,6560082,7102340,10390966272,38605979648
2025-05-14 07:16:51,47.190,5.117,0,32768,329.40,30555.73,31755.86,18,6560295,7102560,10390966272,38606053376
2025-05-14 07:16:52,44.969,5.089,0,118784,429.30,30555.73,31755.86,18,6560569,7102856,10390978560,38606274560
2025-05-14 07:16:52,47.378,5.228,90112,253952,459.20,30555.73,31755.86,18,6560890,7103199,10391080960,38606647296
2025-05-14 07:16:52,48.782,5.694,40960,573440,568.80,30555.73,31755.86,18,6561220,7103570,10391101440,38607077376
2025-05-14 07:16:52,46.246,5.745,4096,151552,139.80,30555.73,31755.86,18,6561434,7103790,10391101440,38607110144
2025-05-14 07:16:52,38.830,4.512,0,0,49.90,30555.73,31755.86,18,6561642,7104000,10391101440,38607126528
2025-05-14 07:16:53,38.668,4.032,0,16384,59.90,30555.73,31755.86,18,6561840,7104198,10391101440,38607126528
2025-05-14 07:16:53,41.663,4.172,0,0,129.70,30555.73,31755.86,18,6562041,7104399,10391101440,38607126528
2025-05-14 07:16:53,37.553,3.980,0,0,79.90,30555.73,31755.86,18,6562242,7104600,10391101440,38607126528
2025-05-14 07:16:53,39.038,4.043,0,0,49.90,30555.73,31755.86,18,6562444,7104802,10391101440,38607126528
2025-05-14 07:16:53,41.321,4.083,0,0,49.90,30555.73,31755.86,18,6562645,7105003,10391101440,38607126528
2025-05-14 07:16:54,41.128,3.926,0,0,69.90,30555.73,31755.86,18,6562846,7105204,10391101440,38607126528
2025-05-14 07:16:54,41.204,3.968,0,0,79.90,30555.73,31755.86,18,6563047,7105405,10391101440,38607126528
2025-05-14 07:16:54,42.699,3.994,0,0,49.90,30555.73,31755.86,18,6563248,7105606,10391101440,38607126528
2025-05-14 07:16:54,40.586,3.875,0,0,109.80,30555.73,31755.86,18,6563449,7105807,10391101440,38607126528
2025-05-14 07:16:54,44.995,4.572,0,0,149.70,30555.73,31755.86,18,6563650,7106008,10391101440,38607126528
2025-05-14 07:16:55,45.289,4.407,0,0,149.70,30555.73,31755.86,18,6563851,7106209,10391101440,38607126528
2025-05-14 07:16:55,43.972,4.312,0,0,99.80,30555.73,31755.86,18,6564053,7106411,10391101440,38607126528
2025-05-14 07:16:55,44.046,4.448,0,0,399.20,30555.73,31755.86,18,6564712,7107155,10391101440,38610010112
2025-05-14 07:16:55,48.886,5.086,0,4816896,269.50,30555.73,31755.86,18,6564974,7107525,10391101440,38611943424
2025-05-14 07:16:55,45.346,4.547,0,0,119.80,30555.73,31755.86,18,6565197,7107749,10391113728,38611992576
2025-05-14 07:16:56,45.650,4.343,12288,49152,69.90,30555.73,31755.86,18,6565399,7107951,10391113728,38611992576
2025-05-14 07:16:56,41.604,3.957,0,0,89.80,30555.73,31755.86,18,6565600,7108152,10391113728,38611992576
2025-05-14 07:16:56,42.721,4.103,0,0,49.90,30555.73,31755.86,18,6565801,7108353,10391113728,38611992576
2025-05-14 07:16:56,40.765,3.938,0,32768,59.90,30555.73,31755.86,18,6566013,7108569,10391113728,38612049920
2025-05-14 07:16:56,40.936,3.939,0,24576,49.90,30555.73,31755.86,18,6566225,7108785,10391113728,38612066304
2025-05-14 07:16:57,41.963,3.905,0,16384,59.90,30555.73,31755.86,18,6566427,7108987,10391113728,38612066304
2025-05-14 07:16:57,41.367,3.963,0,0,59.90,30555.73,31755.86,18,6566628,7109188,10391113728,38612066304
2025-05-14 07:16:57,42.135,3.974,0,0,99.80,30555.73,31755.86,18,6566828,7109388,10391113728,38612066304
2025-05-14 07:16:57,46.377,4.419,0,0,289.50,30555.73,31755.86,18,6567032,7109592,10391113728,38612066304
2025-05-14 07:16:57,47.540,4.655,0,0,59.90,30555.73,31755.86,18,6567233,7109793,10391113728,38612066304
2025-05-14 07:16:58,44.994,4.613,0,0,59.90,30555.73,31755.86,18,6567433,7109993,10391113728,38612066304
2025-05-14 07:16:58,45.174,4.422,0,0,59.90,30555.73,31755.86,18,6567634,7110194,10391113728,38612066304
2025-05-14 07:16:58,42.157,4.065,0,0,59.90,30555.73,31755.86,18,6567835,7110395,10391113728,38612066304
2025-05-14 07:16:58,41.514,4.021,0,0,59.90,30555.73,31755.86,18,6568035,7110595,10391113728,38612066304
2025-05-14 07:16:58,42.588,4.053,0,0,59.90,30555.73,31755.86,18,6568237,7110798,10391113728,38612078592
2025-05-14 07:16:59,43.353,4.303,0,12288,59.90,30555.73,31755.86,18,6568438,7110999,10391113728,38612078592
2025-05-14 07:16:59,43.543,4.286,0,0,199.60,30555.73,31755.86,18,6568642,7111203,10391113728,38612078592
2025-05-14 07:16:59,46.484,4.655,0,0,179.70,30555.73,31755.86,18,6568837,7111398,10391113728,38612078592
2025-05-14 07:16:59,45.492,4.433,0,0,159.70,30555.73,31755.86,18,6569043,7111604,10391113728,38612078592
2025-05-14 07:16:59,46.273,4.443,0,0,149.70,30555.73,31755.86,18,6569244,7111805,10391113728,38612078592
2025-05-14 07:17:00,44.905,4.357,0,53248,189.70,30555.73,31755.86,18,6569846,7112554,10391113728,38614241280
2025-05-14 07:17:00,43.567,4.208,0,2109440,149.70,30555.73,31755.86,18,6570048,7112756,10391113728,38614241280
2025-05-14 07:17:00,42.995,4.122,0,0,169.70,30555.73,31755.86,18,6570249,7112957,10391113728,38614241280
2025-05-14 07:17:00,42.381,4.189,0,4096,159.70,30555.73,31755.86,18,6570455,7113164,10391113728,38614245376
2025-05-14 07:17:00,44.783,4.397,0,0,149.70,30555.73,31755.86,18,6570656,7113365,10391113728,38614245376
2025-05-14 07:17:01,42.344,4.141,0,0,149.70,30555.73,31755.86,18,6570857,7113566,10391113728,38614245376
2025-05-14 07:17:01,43.887,4.185,0,0,169.70,30555.73,31755.86,18,6571059,7113768,10391113728,38614245376
2025-05-14 07:17:01,43.672,4.106,0,0,159.80,30555.73,31755.86,18,6571260,7113969,10391113728,38614245376
2025-05-14 07:17:01,43.300,4.211,0,0,149.70,30555.73,31755.86,18,6571461,7114170,10391113728,38614245376
2025-05-14 07:17:01,46.072,4.783,0,0,159.70,30555.73,31755.86,18,6571653,7114362,10391113728,38614245376
2025-05-14 07:17:02,42.709,4.116,0,0,159.70,30555.73,31755.86,18,6571855,7114564,10391113728,38614245376
2025-05-14 07:17:02,41.930,4.335,0,0,59.90,30555.73,31755.86,18,6572056,7114765,10391113728,38614245376
2025-05-14 07:17:02,40.507,4.112,0,0,139.70,30555.73,31755.86,18,6572257,7114966,10391113728,38614245376
2025-05-14 07:17:02,42.767,4.409,0,0,159.70,30555.73,31755.86,18,6572507,7115233,10391113728,38616432640
2025-05-14 07:17:02,45.356,4.619,0,2187264,49.90,30555.73,31755.86,18,6572709,7115435,10391113728,38616432640
2025-05-14 07:17:03,41.658,4.200,0,0,79.90,30555.73,31755.86,18,6572910,7115636,10391113728,38616432640
2025-05-14 07:17:03,41.141,4.127,0,0,49.90,30555.73,31755.86,18,6573111,7115837,10391113728,38616432640
2025-05-14 07:17:03,41.022,4.075,0,0,79.90,30555.73,31755.86,18,6573312,7116038,10391113728,38616432640
2025-05-14 07:17:03,39.229,4.031,0,0,69.90,30555.73,31755.86,18,6573513,7116239,10391113728,38616432640
2025-05-14 07:17:03,42.147,4.211,0,0,59.80,30555.73,31755.86,18,6573715,7116441,10391113728,38616432640
2025-05-14 07:17:04,39.672,4.034,0,0,59.90,30555.73,31755.86,18,6573916,7116642,10391113728,38616432640
2025-05-14 07:17:04,40.389,3.954,0,0,49.90,30555.73,31755.86,18,6574117,7116843,10391113728,38616432640
2025-05-14 07:17:04,39.543,3.950,0,0,59.90,30555.73,31755.86,18,6574319,7117045,10391113728,38616432640
2025-05-14 07:17:04,39.025,3.947,0,0,49.90,30555.73,31755.86,18,6574519,7117245,10391113728,38616432640
2025-05-14 07:17:04,41.949,4.079,0,0,59.90,30555.73,31755.86,18,6574720,7117446,10391113728,38616432640
2025-05-14 07:17:05,41.816,4.145,0,0,59.90,30555.73,31755.86,18,6574921,7117647,10391113728,38616432640
2025-05-14 07:17:05,38.628,4.031,0,0,149.80,30555.73,31755.86,18,6575365,7118170,10391113728,38618083328
2025-05-14 07:17:05,44.046,4.334,0,1658880,359.40,30555.73,31755.86,18,6575608,7118428,10391113728,38618386432
2025-05-14 07:17:05,47.893,5.500,0,651264,459.00,30555.73,31755.86,18,6575866,7118715,10391113728,38618775552
2025-05-14 07:17:05,49.425,5.322,0,57344,319.40,30555.73,31755.86,18,6576088,7118944,10391113728,38618816512
2025-05-14 07:17:06,49.051,4.908,0,16384,379.30,30555.73,31755.86,18,6576272,7119128,10391113728,38618816512
2025-05-14 07:17:06,47.381,4.801,0,0,359.40,30555.73,31755.86,18,6576480,7119336,10391113728,38618816512
2025-05-14 07:17:06,46.915,4.676,0,0,309.40,30555.73,31755.86,18,6576675,7119531,10391113728,38618816512
2025-05-14 07:17:06,46.389,4.602,0,0,319.40,30555.73,31755.86,18,6576884,7119743,10391113728,38618832896
2025-05-14 07:17:06,47.499,4.660,0,69632,299.50,30555.73,31755.86,18,6577107,7119974,10391113728,38618968064
2025-05-14 07:17:07,46.708,4.652,0,163840,299.50,30555.73,31755.86,18,6577329,7120203,10391113728,38619066368
2025-05-14 07:17:07,45.951,4.610,0,16384,269.50,30555.73,31755.86,18,6577537,7120411,10391113728,38619066368
2025-05-14 07:17:07,45.935,4.584,0,0,289.50,30555.73,31755.86,18,6577736,7120612,10391113728,38619082752
2025-05-14 07:17:07,45.812,4.660,0,16384,279.40,30555.73,31755.86,18,6577930,7120806,10391113728,38619082752
2025-05-14 07:17:07,45.578,4.595,0,0,279.50,30555.73,31755.86,18,6578147,7121028,10391113728,38619111424
2025-05-14 07:17:08,46.044,4.721,0,49152,299.50,30555.73,31755.86,18,6578374,7121262,10391113728,38619176960
2025-05-14 07:17:08,46.259,4.673,0,86016,249.60,30555.73,31755.86,18,6578595,7121488,10391113728,38619258880
2025-05-14 07:17:08,45.981,4.679,0,61440,269.50,30555.73,31755.86,18,6578805,7121701,10391113728,38619283456
2025-05-14 07:17:08,45.318,4.764,0,4096,259.60,30555.73,31755.86,18,6579011,7121909,10391113728,38619303936
2025-05-14 07:17:08,47.026,4.876,0,90112,289.40,30555.73,31755.86,18,6579226,7122126,10391113728,38619373568
2025-05-14 07:17:09,46.969,4.838,0,12288,329.40,30555.73,31755.86,18,6579440,7122343,10391113728,38619402240
2025-05-14 07:17:09,46.811,4.900,0,221184,489.10,30555.73,31755.86,18,6579731,7122667,10391113728,38619889664
2025-05-14 07:17:09,48.686,5.008,0,348160,369.20,30555.73,31755.86,18,6579937,7122874,10391113728,38619955200
2025-05-14 07:17:09,45.366,4.921,0,0,119.80,30555.73,31755.86,18,6580138,7123075,10391113728,38619955200
2025-05-14 07:17:09,46.082,4.797,0,0,259.60,30555.73,31755.86,18,6580334,7123271,10391113728,38619955200
2025-05-14 07:17:10,47.428,4.969,0,0,289.50,30555.73,31755.86,18,6580532,7123469,10391113728,38619955200
2025-05-14 07:17:10,45.820,4.798,0,0,49.90,30555.73,31755.86,18,6580733,7123670,10391113728,38619955200
2025-05-14 07:17:10,41.892,4.197,0,0,179.60,30555.73,31755.86,18,6580932,7123869,10391113728,38619955200
2025-05-14 07:17:10,45.558,4.747,0,0,249.60,30555.73,31755.86,18,6581135,7124072,10391113728,38619955200
2025-05-14 07:17:10,48.812,4.932,0,12288,229.60,30555.73,31755.86,18,6581334,7124274,10391113728,38619967488
2025-05-14 07:17:11,45.721,4.464,0,0,99.80,30555.73,31755.86,18,6581535,7124475,10391113728,38619967488
2025-05-14 07:17:11,43.103,4.155,0,0,59.90,30555.73,31755.86,18,6581736,7124676,10391113728,38619967488
2025-05-14 07:17:11,40.943,3.947,0,0,39.90,30555.73,31755.86,18,6581937,7124877,10391113728,38619967488
2025-05-14 07:17:11,41.420,3.901,0,0,159.70,30555.73,31755.86,18,6582123,7125063,10391113728,38619967488
2025-05-14 07:17:11,46.901,4.634,0,32768,59.90,30555.73,31755.86,18,6582321,7125263,10391113728,38620000256
2025-05-14 07:17:12,41.424,3.984,0,0,79.90,30555.73,31755.86,18,6582522,7125464,10391113728,38620000256
2025-05-14 07:17:12,42.874,3.997,0,0,59.90,30555.73,31755.86,18,6582723,7125665,10391113728,38620000256
2025-05-14 07:17:12,42.678,3.959,0,0,39.90,30555.73,31755.86,18,6582924,7125866,10391113728,38620000256
2025-05-14 07:17:12,40.802,3.853,0,0,39.90,30555.73,31755.86,18,6583125,7126067,10391113728,38620000256
2025-05-14 07:17:12,42.505,3.956,0,0,39.90,30555.73,31755.86,18,6583329,7126271,10391113728,38620000256
2025-05-14 07:17:13,42.284,3.874,0,0,49.90,30555.73,31755.86,18,6583530,7126472,10391113728,38620000256
2025-05-14 07:17:13,41.383,3.884,0,0,59.90,30555.73,31755.86,18,6583731,7126673,10391113728,38620000256
2025-05-14 07:17:13,41.212,3.951,0,0,49.90,30555.73,31755.86,18,6583932,7126874,10391113728,38620000256
2025-05-14 07:17:13,40.161,3.858,0,0,49.90,30555.73,31755.86,18,6584133,7127075,10391113728,38620000256
2025-05-14 07:17:13,42.013,4.067,0,0,49.90,30555.73,31755.86,18,6584335,7127277,10391113728,38620000256
2025-05-14 07:17:14,40.767,4.001,0,0,89.90,30555.73,31755.86,18,6584536,7127478,10391113728,38620000256
2025-05-14 07:17:14,41.995,4.068,0,0,49.90,30555.73,31755.86,18,6584737,7127679,10391113728,38620000256
2025-05-14 07:17:14,40.707,3.873,0,0,49.90,30555.73,31755.86,18,6584937,7127879,10391113728,38620000256
2025-05-14 07:17:14,40.687,3.859,0,0,49.90,30555.73,31755.86,18,6585138,7128080,10391113728,38620000256
2025-05-14 07:17:15,42.009,4.027,0,0,69.90,30555.73,31755.86,18,6585340,7128282,10391113728,38620000256
2025-05-14 07:17:15,37.546,3.915,0,0,49.90,30555.73,31755.86,18,6585541,7128483,10391113728,38620000256
2025-05-14 07:17:15,39.724,3.961,0,0,69.90,30555.73,31755.86,18,6585742,7128684,10391113728,38620000256
2025-05-14 07:17:15,38.965,3.971,0,0,49.90,30555.73,31755.86,18,6585943,7128885,10391113728,38620000256
2025-05-14 07:17:15,41.861,3.901,0,0,109.80,30555.73,31755.86,18,6586145,7129087,10391113728,38620000256
2025-05-14 07:17:16,44.438,4.586,0,0,309.50,30555.73,31755.86,18,6586346,7129288,10391113728,38620000256
2025-05-14 07:17:16,46.936,4.735,0,0,309.50,30555.73,31755.86,18,6586539,7129481,10391113728,38620000256
2025-05-14 07:17:16,46.610,4.634,0,0,219.60,30555.73,31755.86,18,6586740,7129682,10391113728,38620000256
2025-05-14 07:17:16,44.191,4.281,0,0,79.90,30555.73,31755.86,18,6586940,7129882,10391113728,38620000256
2025-05-14 07:17:16,44.778,4.363,0,0,309.50,30555.73,31755.86,18,6587138,7130080,10391113728,38620000256
2025-05-14 07:17:17,48.357,5.138,0,0,299.50,30555.73,31755.86,18,6587340,7130282,10391113728,38620000256
2025-05-14 07:17:17,45.548,4.517,0,0,49.90,30555.73,31755.86,18,6587539,7130481,10391113728,38620000256
2025-05-14 07:17:17,41.377,3.980,0,0,39.90,30555.73,31755.86,18,6587740,7130682,10391113728,38620000256
2025-05-14 07:17:17,41.467,3.976,0,0,49.90,30555.73,31755.86,18,6587941,7130883,10391113728,38620000256
2025-05-14 07:17:17,40.887,3.887,0,0,69.90,30555.73,31755.86,18,6588143,7131085,10391113728,38620000256
2025-05-14 07:17:18,42.660,4.054,0,0,49.90,30555.73,31755.86,18,6588344,7131286,10391113728,38620000256
2025-05-14 07:17:18,41.987,3.884,0,0,49.90,30555.73,31755.86,18,6588545,7131487,10391113728,38620000256
2025-05-14 07:17:18,41.161,3.863,0,0,49.90,30555.73,31755.86,18,6588746,7131688,10391113728,38620000256
2025-05-14 07:17:18,41.731,3.903,0,0,59.90,30555.73,31755.86,18,6588947,7131889,10391113728,38620000256
2025-05-14 07:17:18,43.647,4.005,0,0,49.90,30555.73,31755.86,18,6589148,7132090,10391113728,38620000256
2025-05-14 07:17:19,46.568,4.272,0,0,39.90,30555.73,31755.86,18,6589345,7132287,10391113728,38620000256
2025-05-14 07:17:19,44.315,4.163,0,0,119.80,30555.73,31755.86,18,6589547,7132489,10391113728,38620000256
2025-05-14 07:17:19,46.240,4.638,0,0,69.90,30555.73,31755.86,18,6589744,7132686,10391113728,38620000256
2025-05-14 07:17:19,42.411,4.248,0,0,59.90,30555.75,31755.86,17,6589946,7132888,10391113728,38620000256
2025-05-14 07:17:19,42.918,4.113,0,0,49.90,30555.75,31755.86,17,6590147,7133089,10391113728,38620000256
2025-05-14 07:17:20,44.226,4.214,0,0,59.90,30555.75,31755.86,17,6590348,7133290,10391113728,38620000256
2025-05-14 07:17:20,41.857,4.250,0,0,49.90,30555.75,31755.86,17,6590549,7133491,10391113728,38620000256
2025-05-14 07:17:20,41.376,4.039,0,0,99.80,30555.75,31755.86,17,6590746,7133688,10391113728,38620000256
2025-05-14 07:17:20,45.170,4.598,0,0,149.70,30555.75,31755.86,17,6590947,7133889,10391113728,38620000256
2025-05-14 07:17:20,45.013,4.481,0,0,149.70,30555.75,31747.86,13,6591148,7134090,10391113728,38620000256
2025-05-14 07:17:21,47.189,4.445,0,0,169.70,30555.75,31747.86,13,6591343,7134285,10391113728,38620000256
2025-05-14 07:17:21,43.819,4.162,0,0,159.70,30555.75,31747.86,13,6591544,7134486,10391113728,38620000256
2025-05-14 07:17:21,44.188,4.201,0,0,169.70,30555.75,31747.86,13,6591745,7134687,10391113728,38620000256
2025-05-14 07:17:21,43.826,4.074,0,0,169.60,30555.75,31747.86,13,6591946,7134888,10391113728,38620000256
2025-05-14 07:17:21,43.673,4.166,0,0,159.70,30555.73,31731.85,11,6592146,7135088,10391113728,38620000256
2025-05-14 07:17:22,45.489,4.422,0,0,149.80,30555.73,31731.85,11,6592348,7135290,10391113728,38620000256
2025-05-14 07:17:22,43.548,4.128,0,0,149.70,30555.73,31731.85,11,6592549,7135491,10391113728,38620000256
2025-05-14 07:17:22,44.044,4.248,0,0,149.70,30555.73,31731.85,11,6592750,7135692,10391113728,38620000256
2025-05-14 07:17:22,43.692,4.091,0,0,159.70,30555.73,31731.85,11,6592950,7135892,10391113728,38620000256
2025-05-14 07:17:22,43.060,4.163,0,0,169.80,30555.73,31731.85,11,6593144,7136086,10391113728,38620000256
2025-05-14 07:17:23,44.065,4.511,0,0,159.70,30555.73,31731.85,11,6593345,7136287,10391113728,38620000256
2025-05-14 07:17:23,42.353,4.162,0,0,149.80,30555.73,31731.85,11,6593547,7136489,10391113728,38620000256
2025-05-14 07:17:23,42.724,4.307,0,0,69.90,30555.73,31731.85,11,6593748,7136690,10391113728,38620000256
2025-05-14 07:17:23,39.469,4.128,0,0,149.70,30555.73,31731.85,11,6593949,7136891,10391113728,38620000256
2025-05-14 07:17:23,42.964,4.464,0,0,129.80,30555.73,31731.85,11,6594123,7137065,10391113728,38620000256
2025-05-14 07:17:24,48.010,4.575,0,4177920,109.80,30555.73,31747.86,17,6594469,7137787,10391113728,38624178176
2025-05-14 07:17:24,44.296,4.282,0,0,39.90,30555.73,31747.86,17,6594670,7137988,10391113728,38624178176
2025-05-14 07:17:24,42.643,4.175,0,0,30.00,30555.73,31747.86,17,6594871,7138189,10391113728,38624178176
2025-05-14 07:17:24,41.829,3.939,0,0,69.90,30555.73,31747.86,17,6595072,7138390,10391113728,38624178176
2025-05-14 07:17:24,42.167,3.977,0,0,69.90,30555.73,31747.86,17,6595273,7138591,10391113728,38624178176
2025-05-14 07:17:25,43.887,4.093,0,0,39.90,30555.73,31747.86,17,6595474,7138792,10391113728,38624178176
2025-05-14 07:17:25,40.877,3.944,0,0,59.90,30555.73,31747.86,17,6595676,7138994,10391113728,38624178176
2025-05-14 07:17:25,43.106,3.962,0,0,59.90,30555.73,31747.86,17,6595877,7139195,10391113728,38624178176
2025-05-14 07:17:25,40.802,3.867,0,0,59.90,30555.73,31747.86,17,6596078,7139396,10391113728,38624178176
2025-05-14 07:17:25,41.853,3.901,0,0,39.90,30555.73,31747.86,17,6596279,7139597,10391113728,38624178176
2025-05-14 07:17:26,42.046,3.989,0,0,79.90,30555.73,31747.86,17,6596480,7139798,10391113728,38624178176
2025-05-14 07:17:26,42.601,4.160,0,0,79.90,30555.73,31747.86,17,6596681,7139999,10391113728,38624178176
2025-05-14 07:17:26,40.836,4.024,0,0,59.90,30555.73,31747.86,17,6596882,7140200,10391113728,38624178176
2025-05-14 07:17:26,43.020,4.201,0,73728,409.20,30555.73,31747.86,17,6597135,7140476,10391113728,38624608256
2025-05-14 07:17:26,48.255,5.195,0,598016,359.30,30555.73,31747.86,17,6597396,7140759,10391113728,38624858112
2025-05-14 07:17:27,47.220,4.855,0,8192,329.40,30555.73,31747.86,17,6597594,7140957,10391113728,38624858112
2025-05-14 07:17:27,45.971,4.460,0,0,159.70,30555.73,31747.86,17,6597796,7141159,10391113728,38624858112
2025-05-14 07:17:27,43.969,4.300,0,0,99.80,30555.73,31747.86,17,6597997,7141360,10391113728,38624858112
2025-05-14 07:17:27,42.520,4.142,0,0,209.60,30555.73,31747.86,17,6598198,7141561,10391113728,38624858112
2025-05-14 07:17:27,45.091,4.885,0,0,269.50,30555.73,31747.86,17,6598400,7141763,10391113728,38624858112
2025-05-14 07:17:28,45.148,4.839,0,0,89.80,30555.73,31747.86,17,6598600,7141963,10391113728,38624858112
2025-05-14 07:17:28,41.255,4.614,0,0,59.90,30555.73,31747.86,17,6598801,7142164,10391113728,38624858112
2025-05-14 07:17:28,46.687,4.427,0,0,39.90,30555.73,31747.86,17,6599003,7142366,10391113728,38624858112
2025-05-14 07:17:28,42.618,4.088,0,0,79.90,30555.73,31747.86,17,6599203,7142566,10391113728,38624858112
2025-05-14 07:17:28,43.708,4.186,0,0,39.90,30555.73,31747.86,17,6599404,7142767,10391113728,38624858112
2025-05-14 07:17:29,46.246,4.292,0,0,309.40,30555.73,31747.86,17,6599812,7143295,10391293952,38627704832
2025-05-14 07:17:29,46.278,4.863,204800,3047424,229.60,30555.73,31747.86,17,6600159,7143672,10391396352,38628077568
2025-05-14 07:17:29,44.167,4.728,94208,368640,568.90,30555.73,31747.86,17,6600502,7144057,10391416832,38628642816
2025-05-14 07:17:29,49.126,5.431,4096,425984,249.50,30555.73,31747.86,17,6600736,7144301,10391416832,38628749312
2025-05-14 07:17:29,47.308,5.048,0,49152,269.50,30555.73,31747.86,17,6600930,7144495,10391416832,38628749312
2025-05-14 07:17:30,46.875,4.803,0,40960,229.60,30555.73,31747.86,17,6601137,7144704,10391416832,38628790272
2025-05-14 07:17:30,45.512,4.538,0,0,229.80,30555.73,31747.86,17,6601340,7144906,10391416832,38628790272
2025-05-14 07:17:30,44.947,4.505,0,0,189.70,30555.73,31747.86,17,6601539,7145105,10391416832,38628790272
2025-05-14 07:17:30,46.227,4.541,0,0,219.60,30555.73,31747.86,17,6601740,7145306,10391416832,38628790272
2025-05-14 07:17:30,47.574,4.984,0,0,389.30,30555.73,31747.86,17,6601934,7145505,10391416832,38628810752
2025-05-14 07:17:31,48.639,5.119,0,49152,199.70,30555.73,31747.86,17,6602142,7145715,10391416832,38628839424
2025-05-14 07:17:31,45.088,4.518,0,8192,169.70,30555.73,31747.86,17,6602349,7145924,10391416832,38628847616
2025-05-14 07:17:31,44.647,4.440,0,0,159.70,30555.73,31747.86,17,6602550,7146125,10391416832,38628847616
2025-05-14 07:17:31,44.007,4.374,0,0,139.80,30555.73,31747.86,17,6602751,7146326,10391416832,38628847616
2025-05-14 07:17:31,45.749,4.411,0,0,249.50,30555.73,31747.86,17,6602952,7146527,10391416832,38628847616
2025-05-14 07:17:32,48.331,4.810,0,0,239.60,30555.73,31747.86,17,6603154,7146729,10391416832,38628847616
2025-05-14 07:17:32,45.077,4.336,0,0,159.70,30555.73,31747.86,17,6603355,7146930,10391416832,38628847616
2025-05-14 07:17:32,43.826,4.240,0,0,159.70,30555.73,31747.86,17,6603556,7147131,10391416832,38628847616
2025-05-14 07:17:32,43.655,4.077,0,0,149.70,30555.73,31747.86,17,6603756,7147331,10391416832,38628847616
2025-05-14 07:17:32,43.080,4.206,0,0,149.80,30555.73,31747.86,17,6603963,7147540,10391416832,38628864000
2025-05-14 07:17:33,43.609,4.276,0,16384,159.70,30555.73,31747.86,17,6604165,7147742,10391416832,38628864000
2025-05-14 07:17:33,42.288,4.168,0,0,89.90,30555.73,31747.86,17,6604366,7147943,10391416832,38628864000
2025-05-14 07:17:33,41.709,4.217,0,0,59.90,30555.73,31747.86,17,6604571,7148150,10391416832,38628872192
2025-05-14 07:17:33,37.631,4.148,0,8192,79.90,30555.73,31747.86,17,6604771,7148350,10391416832,38628872192
2025-05-14 07:17:33,45.100,4.337,0,0,59.90,30555.73,31747.86,17,6604970,7148549,10391416832,38628872192
2025-05-14 07:17:34,45.783,4.408,0,0,59.90,30555.73,31747.86,17,6605172,7148751,10391416832,38628872192
2025-05-14 07:17:34,41.788,4.076,0,0,49.90,30555.73,31747.86,17,6605373,7148952,10391416832,38628872192
2025-05-14 07:17:34,43.136,4.096,0,0,149.70,30555.73,31747.86,17,6605574,7149153,10391416832,38628872192
2025-05-14 07:17:34,44.459,4.194,0,0,49.90,30555.73,31747.86,17,6605782,7149364,10391416832,38628888576
2025-05-14 07:17:34,45.367,4.042,0,16384,59.90,30555.73,31747.86,17,6605983,7149565,10391416832,38628888576
2025-05-14 07:17:35,43.370,4.102,0,0,49.90,30555.73,31747.86,17,6606185,7149767,10391416832,38628888576
2025-05-14 07:17:35,41.361,3.918,0,0,49.90,30555.73,31747.86,17,6606386,7149968,10391416832,38628888576
2025-05-14 07:17:35,41.495,3.907,0,0,49.90,30555.73,31747.86,17,6606587,7150169,10391416832,38628888576
2025-05-14 07:17:35,41.395,3.913,0,0,379.30,30555.73,31747.86,17,6606785,7150367,10391416832,38628888576
2025-05-14 07:17:35,44.670,4.153,0,0,39.90,30555.73,31747.86,17,6606986,7150568,10391416832,38628888576
2025-05-14 07:17:36,40.412,3.893,0,0,49.90,30555.73,31747.86,17,6607188,7150770,10391416832,38628888576
2025-05-14 07:17:36,42.453,4.018,0,0,59.90,30555.73,31747.86,17,6607389,7150971,10391416832,38628888576
2025-05-14 07:17:36,41.927,3.979,0,0,129.80,30555.73,31747.86,17,6607606,7151196,10391416832,38629277696
2025-05-14 07:17:36,44.113,4.110,0,2326528,39.90,30555.73,31747.86,17,6607901,7151524,10391416832,38631215104
2025-05-14 07:17:36,42.856,4.051,0,0,129.80,30555.73,31747.86,17,6608112,7151738,10391416832,38631313408
2025-05-14 07:17:37,42.467,4.104,0,98304,319.60,30555.73,31747.86,17,6608313,7151939,10391416832,38631313408
2025-05-14 07:17:37,46.966,4.960,0,0,249.60,30555.73,31747.86,17,6608514,7152140,10391416832,38631313408
2025-05-14 07:17:37,44.474,4.362,0,0,119.80,30555.73,31747.86,17,6608716,7152342,10391416832,38631313408
2025-05-14 07:17:37,43.180,4.314,0,0,49.90,30555.73,31747.86,17,6608917,7152543,10391416832,38631313408
2025-05-14 07:17:37,44.308,4.192,0,0,79.90,30555.73,31747.86,17,6609118,7152744,10391416832,38631313408
2025-05-14 07:17:38,41.515,3.977,0,0,39.90,30555.73,31747.86,17,6609320,7152946,10391416832,38631313408
2025-05-14 07:17:38,41.268,3.929,0,0,39.90,30555.73,31747.86,17,6609521,7153147,10391416832,38631313408
2025-05-14 07:17:38,41.217,3.976,0,0,39.90,30555.73,31747.86,17,6609722,7153348,10391416832,38631313408
2025-05-14 07:17:38,42.409,4.044,0,0,99.80,30555.73,31747.86,17,6609931,7153554,10391416832,38631313408
2025-05-14 07:17:38,42.187,3.975,0,0,39.90,30555.73,31747.86,17,6610132,7153755,10391416832,38631313408
2025-05-14 07:17:39,42.730,4.141,0,0,69.90,30555.73,31747.86,17,6610333,7153956,10391416832,38631313408
2025-05-14 07:17:39,42.403,3.991,0,0,49.90,30555.73,31747.86,17,6610534,7154157,10391416832,38631313408
2025-05-14 07:17:39,43.330,3.909,0,0,49.90,30555.73,31747.86,17,6610735,7154358,10391416832,38631313408
2025-05-14 07:17:39,40.868,3.907,0,0,89.90,30555.73,31747.86,17,6610936,7154560,10391416832,38631313408
2025-05-14 07:17:39,43.294,4.073,0,4096,49.90,30555.73,31747.86,17,6611141,7154765,10391416832,38631317504
2025-05-14 07:17:40,40.469,3.944,0,0,49.90,30555.73,31747.86,17,6611341,7154965,10391416832,38631317504
2025-05-14 07:17:40,43.028,3.901,0,0,39.90,30555.73,31747.86,17,6611542,7155166,10391416832,38631317504
2025-05-14 07:17:40,42.370,3.953,0,0,39.90,30555.73,31747.86,17,6611747,7155371,10391416832,38631317504
2025-05-14 07:17:40,41.500,3.885,0,0,39.90,30555.73,31747.86,17,6611947,7155571,10391416832,38631317504
2025-05-14 07:17:40,42.808,3.955,0,8192,49.90,30555.73,31747.86,17,6612155,7155781,10391416832,38631325696
2025-05-14 07:17:41,43.213,4.062,0,0,49.90,30555.73,31747.86,17,6612356,7155982,10391416832,38631325696
2025-05-14 07:17:41,44.174,4.623,0,0,79.80,30555.73,31747.86,17,6612557,7156183,10391416832,38631325696
2025-05-14 07:17:41,47.133,4.451,0,0,49.90,30555.73,31747.86,17,6612759,7156385,10391416832,38631325696
2025-05-14 07:17:41,42.224,4.172,0,0,49.90,30555.73,31747.86,17,6612960,7156586,10391416832,38631325696
2025-05-14 07:17:41,45.057,4.232,0,0,39.90,30555.73,31747.86,17,6613161,7156787,10391416832,38631325696
2025-05-14 07:17:42,42.889,4.283,0,0,39.90,30555.73,31747.86,17,6613362,7156988,10391416832,38631325696
2025-05-14 07:17:42,41.763,4.271,0,0,39.90,30555.73,31747.86,17,6613564,7157190,10391416832,38631325696
2025-05-14 07:17:42,42.279,4.098,0,0,99.90,30555.73,31747.86,17,6613764,7157390,10391416832,38631325696
2025-05-14 07:17:42,46.449,4.657,0,0,159.70,30555.73,31747.86,17,6613965,7157591,10391416832,38631325696
2025-05-14 07:17:42,47.773,4.550,0,0,159.70,30555.73,31747.86,17,6614163,7157789,10391416832,38631325696
2025-05-14 07:17:43,44.978,4.192,0,0,169.70,30555.73,31747.86,17,6614364,7157990,10391416832,38631325696
2025-05-14 07:17:43,43.792,4.062,0,0,169.70,30555.73,31747.86,17,6614562,7158188,10391416832,38631325696
2025-05-14 07:17:43,43.692,4.224,0,0,159.70,30555.73,31747.86,17,6614763,7158389,10391416832,38631325696
2025-05-14 07:17:43,43.458,4.101,0,0,149.70,30555.73,31747.86,17,6614964,7158590,10391416832,38631325696
2025-05-14 07:17:43,43.208,4.256,0,0,169.70,30555.73,31747.86,17,6615165,7158791,10391416832,38631325696
2025-05-14 07:17:44,43.064,4.301,0,0,159.70,30555.73,31747.86,17,6615367,7158993,10391416832,38631325696
2025-05-14 07:17:44,42.294,4.092,0,0,159.70,30555.73,31747.86,17,6615568,7159194,10391416832,38631325696
2025-05-14 07:17:44,43.258,4.228,0,0,149.70,30555.73,31747.86,17,6615769,7159395,10391416832,38631325696
2025-05-14 07:17:44,42.289,4.122,0,0,149.80,30555.73,31747.86,17,6615969,7159595,10391416832,38631325696
2025-05-14 07:17:44,43.755,4.255,0,0,159.70,30555.73,31747.86,17,6616179,7159809,10391416832,38631337984
2025-05-14 07:17:45,44.897,4.367,0,12288,149.70,30555.73,31747.86,17,6616381,7160010,10391416832,38631337984
2025-05-14 07:17:45,42.624,4.115,0,0,149.70,30555.73,31747.86,17,6616582,7160211,10391416832,38631337984
2025-05-14 07:17:45,42.689,4.185,0,0,59.90,30555.73,31747.86,17,6616787,7160416,10391416832,38631337984
2025-05-14 07:17:45,38.634,4.021,0,0,109.80,30555.73,31747.86,17,6616991,7160620,10391416832,38631337984
2025-05-14 07:17:45,45.174,4.336,0,0,219.60,30555.73,31747.86,17,6617192,7160821,10391416832,38631337984
2025-05-14 07:17:46,43.970,4.569,0,16384,59.90,30555.73,31747.86,17,6617397,7161027,10391416832,38631354368
2025-05-14 07:17:46,40.913,4.243,0,0,89.80,30555.73,31747.86,17,6617598,7161228,10391416832,38631354368
2025-05-14 07:17:46,42.030,4.189,0,4096,49.90,30555.73,31747.86,17,6617803,7161434,10391416832,38631358464
2025-05-14 07:17:46,39.245,3.977,0,0,79.90,30555.73,31747.86,17,6618003,7161634,10391416832,38631358464
2025-05-14 07:17:46,44.155,4.113,0,0,79.90,30555.73,31747.86,17,6618204,7161835,10391416832,38631358464
2025-05-14 07:17:47,39.697,4.085,0,0,59.90,30555.73,31747.86,17,6618405,7162036,10391416832,38631358464
2025-05-14 07:17:47,39.833,4.010,0,0,49.90,30555.73,31747.86,17,6618606,7162237,10391416832,38631358464
2025-05-14 07:17:47,40.226,3.968,0,0,49.90,30555.73,31747.86,17,6618808,7162439,10391416832,38631358464
2025-05-14 07:17:47,38.767,3.954,0,0,39.90,30555.73,31747.86,17,6619009,7162640,10391416832,38631358464
2025-05-14 07:17:48,40.350,4.002,0,0,49.90,30555.73,31747.86,17,6619210,7162841,10391416832,38631358464
2025-05-14 07:17:48,39.798,3.985,0,0,69.90,30555.73,31747.86,17,6619411,7163042,10391416832,38631358464
2025-05-14 07:17:48,40.840,4.136,0,0,69.90,30555.73,31747.86,17,6619613,7163244,10391416832,38631358464
2025-05-14 07:17:48,37.113,3.970,0,0,69.90,30555.73,31747.86,17,6619813,7163444,10391416832,38631358464
2025-05-14 07:17:48,43.150,4.197,0,32768,179.60,30555.73,31747.86,17,6620041,7163683,10391416832,38631538688
2025-05-14 07:17:49,48.970,4.924,0,417792,379.30,30555.73,31747.86,17,6620303,7163965,10391416832,38631825408
2025-05-14 07:17:49,47.229,4.959,0,16384,369.40,30555.73,31747.86,17,6620505,7164167,10391416832,38631825408
2025-05-14 07:17:49,44.860,4.720,0,0,149.70,30555.73,31747.86,17,6620706,7164368,10391416832,38631825408
2025-05-14 07:17:49,42.777,4.250,0,0,79.90,30555.73,31747.86,17,6620907,7164569,10391416832,38631825408
2025-05-14 07:17:49,40.690,4.101,0,0,199.70,30555.73,31747.86,17,6621099,7164761,10391416832,38631825408
2025-05-14 07:17:50,49.023,4.792,0,0,319.40,30555.73,31747.86,17,6621280,7164942,10391416832,38631825408
2025-05-14 07:17:50,49.830,5.187,0,12288,199.70,30555.73,31747.86,17,6621487,7165152,10391416832,38631837696
2025-05-14 07:17:50,44.254,5.097,0,0,149.70,30555.73,31747.86,17,6621685,7165350,10391416832,38631837696
2025-05-14 07:17:50,47.674,5.323,0,0,89.80,30555.73,31747.86,17,6621886,7165551,10391416832,38631837696
2025-05-14 07:17:50,42.692,4.328,0,0,69.90,30555.73,31747.86,17,6622091,7165756,10391416832,38631837696
2025-05-14 07:17:51,45.961,4.258,0,0,59.90,30555.73,31747.86,17,6622291,7165956,10391416832,38631837696
2025-05-14 07:17:51,45.074,4.251,0,0,379.30,30555.73,31747.86,17,6622518,7166195,10391416832,38631968768
2025-05-14 07:17:51,47.961,5.520,0,409600,549.10,30555.73,31747.86,17,6622837,7166554,10391416832,38632480768
2025-05-14 07:17:51,45.759,5.023,0,241664,159.70,30555.73,31747.86,17,6623041,7166759,10391416832,38632488960
2025-05-14 07:17:51,43.623,4.816,0,0,169.70,30555.73,31747.86,17,6623240,7166958,10391416832,38632488960
2025-05-14 07:17:52,48.580,4.669,0,0,219.60,30555.73,31747.86,17,6623436,7167154,10391416832,38632488960
2025-05-14 07:17:52,46.717,4.680,0,0,249.60,30555.73,31747.86,17,6623638,7167356,10391416832,38632488960
2025-05-14 07:17:52,45.120,4.496,0,0,159.70,30555.73,31747.86,17,6623839,7167557,10391416832,38632488960
2025-05-14 07:17:52,44.783,4.723,0,0,139.70,30555.73,31747.86,17,6624040,7167758,10391416832,38632488960
2025-05-14 07:17:52,45.266,4.565,0,0,329.40,30555.73,31747.86,17,6624243,7167962,10391416832,38632488960
2025-05-14 07:17:53,46.824,5.112,0,0,299.40,30555.73,31747.86,17,6624445,7168163,10391416832,38632488960
2025-05-14 07:17:53,45.209,4.662,0,12288,159.70,30555.73,31747.86,17,6624652,7168372,10391416832,38632501248
2025-05-14 07:17:53,43.704,4.385,0,0,149.80,30555.73,31747.86,17,6624853,7168573,10391416832,38632501248
2025-05-14 07:17:53,42.974,4.328,0,0,149.80,30555.73,31747.86,17,6625055,7168775,10391416832,38632501248
2025-05-14 07:17:53,43.578,4.271,0,0,149.70,30555.73,31747.86,17,6625256,7168976,10391416832,38632501248
2025-05-14 07:17:54,48.046,4.433,0,0,289.50,30555.73,31747.86,17,6625460,7169180,10391416832,38632501248
2025-05-14 07:17:54,46.198,4.642,0,0,249.60,30555.73,31747.86,17,6625661,7169381,10391416832,38632501248
2025-05-14 07:17:54,44.403,4.470,0,0,149.80,30555.73,31747.86,17,6625862,7169582,10391416832,38632501248
2025-05-14 07:17:54,44.658,4.173,0,0,139.80,30555.73,31747.86,17,6626061,7169781,10391416832,38632501248
2025-05-14 07:17:54,44.252,4.084,0,0,159.70,30555.73,31747.86,17,6626262,7169982,10391416832,38632501248
2025-05-14 07:17:55,46.046,4.260,0,0,149.70,30555.73,31747.86,17,6626463,7170183,10391416832,38632501248
2025-05-14 07:17:55,43.987,4.100,0,0,149.70,30555.73,31747.86,17,6626664,7170384,10391416832,38632501248
2025-05-14 07:17:55,42.505,4.037,0,0,49.90,30555.73,31747.86,17,6626866,7170586,10391416832,38632501248
2025-05-14 07:17:55,44.273,3.989,0,0,49.90,30555.73,31747.86,17,6627067,7170787,10391416832,38632501248
2025-05-14 07:17:55,44.032,4.258,0,0,199.60,30555.73,31747.86,17,6627249,7170969,10391416832,38632501248
2025-05-14 07:17:56,47.400,4.710,0,0,159.70,30555.73,31747.86,17,6627449,7171169,10391416832,38632501248
2025-05-14 07:17:56,43.273,4.263,0,0,189.70,30555.73,31747.86,17,6627651,7171371,10391416832,38632501248
2025-05-14 07:17:56,45.089,4.382,0,0,49.90,30555.73,31747.86,17,6627852,7171572,10391416832,38632501248
2025-05-14 07:17:56,42.924,4.134,0,0,179.70,30555.73,31747.86,17,6628052,7171772,10391416832,38632501248
2025-05-14 07:17:56,44.468,4.401,0,0,59.90,30555.73,31747.86,17,6628253,7171973,10391416832,38632501248
2025-05-14 07:17:57,45.604,4.075,0,0,89.90,30555.73,31747.86,17,6628455,7172175,10391416832,38632501248
2025-05-14 07:17:57,42.886,4.065,0,0,59.90,30555.73,31747.86,17,6628654,7172374,10391416832,38632501248
2025-05-14 07:17:57,42.401,3.990,0,0,59.90,30555.73,31747.86,17,6628855,7172575,10391416832,38632501248
2025-05-14 07:17:57,40.257,3.883,0,0,49.90,30555.73,31747.86,17,6629056,7172776,10391416832,38632501248
2025-05-14 07:17:57,42.392,4.002,0,0,49.90,30555.73,31747.86,17,6629257,7172977,10391416832,38632501248
2025-05-14 07:17:58,42.308,3.906,0,4096,49.90,30555.73,31747.86,17,6629460,7173181,10391416832,38632505344
2025-05-14 07:17:58,40.572,3.936,0,0,49.90,30555.73,31747.86,17,6629661,7173382,10391416832,38632505344
2025-05-14 07:17:58,41.569,4.007,0,0,49.90,30555.73,31747.86,17,6629863,7173584,10391416832,38632505344
2025-05-14 07:17:58,40.553,3.900,0,0,39.90,30555.73,31747.86,17,6630063,7173784,10391416832,38632505344
2025-05-14 07:17:58,41.547,3.933,0,0,49.90,30555.73,31747.86,17,6630264,7173985,10391416832,38632505344
2025-05-14 07:17:59,42.847,3.990,0,0,49.90,30555.73,31747.86,17,6630465,7174186,10391416832,38632505344
2025-05-14 07:17:59,41.653,4.066,0,0,259.50,30555.73,31747.86,17,6630661,7174382,10391416832,38632505344
2025-05-14 07:17:59,46.924,4.905,0,0,269.50,30555.73,31747.86,17,6630862,7174583,10391416832,38632505344
2025-05-14 07:17:59,43.712,4.372,0,0,69.90,30555.73,31747.86,17,6631072,7174796,10391416832,38632542208
2025-05-14 07:17:59,41.539,4.004,0,36864,49.90,30555.73,31747.86,17,6631273,7174997,10391416832,38632542208
2025-05-14 07:18:00,41.693,3.944,0,0,69.90,30555.73,31747.86,17,6631471,7175195,10391416832,38632542208
2025-05-14 07:18:00,42.130,3.924,0,0,59.90,30555.73,31747.86,17,6631673,7175397,10391416832,38632542208
2025-05-14 07:18:00,43.107,3.938,0,0,49.90,30555.73,31747.86,17,6631874,7175598,10391416832,38632542208
2025-05-14 07:18:00,42.633,3.961,0,40960,49.90,30555.73,31747.86,17,6632089,7175818,10391416832,38632583168
2025-05-14 07:18:00,44.136,4.092,0,0,49.90,30555.73,31747.86,17,6632306,7176037,10391416832,38632591360
2025-05-14 07:18:01,44.078,4.005,0,8192,39.90,30555.73,31747.86,17,6632507,7176238,10391416832,38632591360
2025-05-14 07:18:01,42.086,4.041,0,0,49.90,30555.73,31747.86,17,6632709,7176440,10391416832,38632591360
2025-05-14 07:18:01,42.730,4.001,0,0,49.90,30555.73,31747.86,17,6632910,7176641,10391416832,38632591360
2025-05-14 07:18:01,43.294,4.092,0,0,49.90,30555.73,31747.86,17,6633111,7176842,10391416832,38632591360
2025-05-14 07:18:01,44.087,4.022,0,0,69.90,30555.73,31747.86,17,6633312,7177043,10391416832,38632591360
2025-05-14 07:18:02,43.505,4.022,0,0,49.90,30555.73,31747.86,17,6633513,7177244,10391416832,38632591360
2025-05-14 07:18:02,41.678,3.941,0,0,79.90,30555.73,31747.86,17,6633714,7177445,10391416832,38632591360
2025-05-14 07:18:02,40.754,3.943,0,0,49.90,30555.73,31747.86,17,6633916,7177647,10391416832,38632591360
2025-05-14 07:18:02,41.318,3.942,0,0,79.90,30555.73,31747.86,17,6634116,7177847,10391416832,38632591360
2025-05-14 07:18:02,43.689,4.290,0,0,49.90,30555.73,31747.86,17,6634317,7178048,10391416832,38632591360
2025-05-14 07:18:03,43.218,4.217,0,0,99.80,30555.73,31747.86,17,6634518,7178249,10391416832,38632591360
2025-05-14 07:18:03,43.823,4.344,0,0,49.90,30555.73,31747.86,17,6634719,7178450,10391416832,38632591360
2025-05-14 07:18:03,41.311,4.076,0,0,39.90,30555.73,31747.86,17,6634921,7178652,10391416832,38632591360
2025-05-14 07:18:03,41.110,4.013,0,0,89.80,30555.73,31747.86,17,6635130,7178864,10391416832,38632603648
2025-05-14 07:18:03,43.483,4.170,0,86016,129.80,30555.73,31747.86,17,6635339,7179076,10391416832,38632677376
2025-05-14 07:18:04,43.860,4.115,0,0,79.90,30555.73,31747.86,17,6635537,7179274,10391416832,38632677376
2025-05-14 07:18:04,43.519,4.141,0,0,39.90,30555.73,31747.86,17,6635738,7179475,10391416832,38632677376
2025-05-14 07:18:04,41.078,3.876,0,0,49.90,30555.73,31747.86,17,6635939,7179676,10391416832,38632677376
2025-05-14 07:18:04,39.710,3.998,0,0,59.90,30555.73,31747.86,17,6636139,7179876,10391416832,38632677376
2025-05-14 07:18:04,39.749,3.955,0,0,49.90,30555.73,31747.86,17,6636339,7180076,10391416832,38632677376
2025-05-14 07:18:05,42.016,4.021,0,0,49.90,30555.73,31747.86,17,6636540,7180277,10391416832,38632677376
2025-05-14 07:18:05,42.439,3.885,0,0,59.90,30555.73,31747.86,17,6636742,7180479,10391416832,38632677376
2025-05-14 07:18:05,42.106,3.838,0,0,59.90,30555.73,31747.86,17,6636943,7180680,10391416832,38632677376
2025-05-14 07:18:05,42.243,4.041,0,0,449.20,30555.73,31747.86,17,6637163,7180919,10391416832,38634639360
2025-05-14 07:18:05,45.092,4.529,0,1961984,49.90,30555.73,31747.86,17,6637360,7181116,10391416832,38634639360
2025-05-14 07:18:06,38.397,4.031,0,0,69.90,30555.73,31747.86,17,6637561,7181317,10391416832,38634639360
2025-05-14 07:18:06,39.074,4.113,0,0,69.90,30555.73,31747.86,17,6637762,7181518,10391416832,38634639360
2025-05-14 07:18:06,40.239,4.008,0,0,79.80,30555.73,31747.86,17,6637963,7181719,10391416832,38634639360
2025-05-14 07:18:06,41.380,4.227,0,0,59.90,30555.73,31747.86,17,6638163,7181919,10391416832,38634639360
2025-05-14 07:18:06,43.287,4.287,0,0,99.80,30555.73,31747.86,17,6638365,7182121,10391416832,38634639360
2025-05-14 07:18:07,42.966,4.312,0,0,49.90,30555.73,31747.86,17,6638566,7182322,10391416832,38634639360
2025-05-14 07:18:07,42.140,4.085,0,0,39.90,30555.73,31747.86,17,6638767,7182523,10391416832,38634639360
2025-05-14 07:18:07,41.263,3.919,0,0,39.90,30555.73,31747.86,17,6638968,7182724,10391416832,38634639360
2025-05-14 07:18:07,41.350,3.838,0,0,39.90,30555.73,31747.86,17,6639169,7182925,10391416832,38634639360
2025-05-14 07:18:07,43.629,4.055,0,0,109.80,30555.73,31747.86,17,6639371,7183127,10391416832,38634639360
2025-05-14 07:18:08,42.894,4.063,0,0,39.90,30555.73,31747.86,17,6639572,7183328,10391416832,38634639360
2025-05-14 07:18:08,43.906,4.244,0,0,99.80,30555.73,31747.86,17,6639761,7183517,10391416832,38634639360
2025-05-14 07:18:08,42.876,4.206,0,0,39.90,30555.73,31747.86,17,6639962,7183718,10391416832,38634639360
2025-05-14 07:18:08,40.394,3.954,0,0,49.90,30555.73,31747.86,17,6640170,7183930,10391416832,38634651648
2025-05-14 07:18:08,43.692,4.134,0,12288,49.90,30555.73,31747.86,17,6640371,7184131,10391416832,38634651648
2025-05-14 07:18:09,39.385,3.952,0,0,99.80,30555.73,31747.86,17,6640572,7184332,10391416832,38634651648
2025-05-14 07:18:09,40.320,4.187,0,0,59.90,30555.73,31747.86,17,6640773,7184533,10391416832,38634651648
2025-05-14 07:18:09,39.640,4.041,0,0,59.90,30555.73,31747.86,17,6640975,7184735,10391416832,38634651648
2025-05-14 07:18:09,38.605,4.042,0,0,49.90,30555.73,31747.86,17,6641176,7184936,10391416832,38634651648
2025-05-14 07:18:09,41.843,4.065,0,0,50.00,30555.73,31747.86,17,6641377,7185137,10391416832,38634651648
2025-05-14 07:18:10,41.538,3.947,0,0,49.90,30555.73,31747.86,17,6641578,7185338,10391416832,38634651648
2025-05-14 07:18:10,42.515,4.052,0,0,49.90,30555.73,31747.86,17,6641779,7185539,10391416832,38634651648
2025-05-14 07:18:10,42.366,4.087,0,0,39.90,30555.73,31747.86,17,6641984,7185744,10391416832,38634651648
2025-05-14 07:18:10,42.891,3.985,0,0,49.90,30555.73,31747.86,17,6642179,7185939,10391416832,38634651648
2025-05-14 07:18:10,45.810,4.673,0,0,69.90,30555.73,31747.86,17,6642364,7186124,10391416832,38634651648
2025-05-14 07:18:11,46.094,4.728,0,0,49.90,30555.73,31747.86,17,6642565,7186325,10391416832,38634651648
2025-05-14 07:18:11,43.035,4.449,0,0,59.90,30555.73,31747.86,17,6642766,7186526,10391416832,38634651648
2025-05-14 07:18:11,42.980,4.247,0,0,49.90,30555.73,31747.86,17,6642967,7186727,10391416832,38634651648
2025-05-14 07:18:11,40.535,4.160,0,0,49.90,30555.73,31747.86,17,6643168,7186928,10391416832,38634651648
2025-05-14 07:18:11,44.551,4.252,0,0,49.90,30555.73,31747.86,17,6643369,7187129,10391416832,38634651648
2025-05-14 07:18:12,44.768,4.166,0,0,139.80,30555.73,31747.86,17,6643567,7187327,10391416832,38634651648
2025-05-14 07:18:12,45.119,4.660,0,0,179.70,30555.73,31747.86,17,6643763,7187523,10391416832,38634651648
2025-05-14 07:18:12,44.419,4.457,0,0,159.70,30555.73,31747.86,17,6643964,7187724,10391416832,38634651648
2025-05-14 07:18:12,43.941,4.311,0,0,159.80,30555.73,31747.86,17,6644164,7187924,10391416832,38634651648
2025-05-14 07:18:12,45.465,4.275,0,0,159.70,30555.73,31747.86,17,6644366,7188126,10391416832,38634651648
2025-05-14 07:18:13,45.914,4.312,0,0,159.70,30555.73,31747.86,17,6644567,7188327,10391416832,38634651648
2025-05-14 07:18:13,43.476,4.090,0,0,159.70,30555.73,31747.86,17,6644768,7188528,10391416832,38634651648
2025-05-14 07:18:13,44.819,4.176,0,0,149.70,30555.73,31747.86,17,6644969,7188729,10391416832,38634651648
2025-05-14 07:18:13,44.208,4.112,0,0,159.70,30555.73,31747.86,17,6645170,7188930,10391416832,38634651648
2025-05-14 07:18:13,44.017,4.186,0,0,159.70,30555.73,31747.86,17,6645372,7189132,10391416832,38634651648
2025-05-14 07:18:14,43.971,4.241,0,0,169.70,30555.73,31747.86,17,6645573,7189333,10391416832,38634651648
2025-05-14 07:18:14,43.961,4.073,0,0,159.70,30555.73,31747.86,17,6645774,7189534,10391416832,38634651648
2025-05-14 07:18:14,44.324,4.232,0,0,159.70,30555.73,31747.86,17,6645975,7189735,10391416832,38634651648
2025-05-14 07:18:14,45.001,4.291,0,0,159.70,30555.73,31747.86,17,6646176,7189936,10391416832,38634651648
2025-05-14 07:18:14,45.486,4.263,0,0,159.70,30555.73,31747.86,17,6646377,7190137,10391416832,38634651648
2025-05-14 07:18:15,44.308,4.237,0,0,149.70,30555.73,31747.86,17,6646578,7190338,10391416832,38634651648
2025-05-14 07:18:15,42.382,4.039,0,0,39.90,30555.73,31747.86,17,6646779,7190539,10391416832,38634651648
2025-05-14 07:18:15,41.604,4.046,0,0,39.90,30555.73,31747.86,17,6646981,7190741,10391416832,38634651648
2025-05-14 07:18:15,40.414,3.825,0,0,119.80,30555.76,31747.86,15,6647182,7190942,10391416832,38634651648
2025-05-14 07:18:15,47.997,4.620,0,0,149.70,30555.76,31747.86,15,6647378,7191138,10391416832,38634651648
2025-05-14 07:18:16,46.273,4.406,0,0,179.70,30555.76,31747.86,15,6647579,7191339,10391416832,38634651648
2025-05-14 07:18:16,44.621,4.236,0,0,169.70,30555.76,31747.86,15,6647779,7191539,10391416832,38634651648
2025-05-14 07:18:16,43.875,4.120,0,0,139.80,30555.76,31747.86,15,6647980,7191740,10391416832,38634651648
2025-05-14 07:18:16,42.387,4.140,0,0,59.90,30555.76,31747.86,15,6648180,7191940,10391416832,38634651648
2025-05-14 07:18:16,43.718,4.225,0,0,369.30,30555.76,31747.86,15,6648383,7192143,10391416832,38634651648
2025-05-14 07:18:17,45.694,4.631,0,0,509.10,30555.76,31747.86,15,6648585,7192345,10391416832,38634651648
2025-05-14 07:18:17,50.879,4.991,0,0,509.10,30555.76,31747.86,15,6648784,7192544,10391416832,38634651648
2025-05-14 07:18:17,50.535,5.175,0,0,479.10,30555.76,31747.86,15,6648981,7192741,10391416832,38634651648
2025-05-14 07:18:17,49.081,4.972,0,0,379.30,30555.76,31747.86,15,6649175,7192935,10391416832,38634651648
2025-05-14 07:18:17,46.274,4.600,0,0,179.70,30555.76,31747.86,15,6649377,7193137,10391416832,38634651648
2025-05-14 07:18:18,44.035,4.314,0,0,49.90,30555.76,31747.86,15,6649578,7193338,10391416832,38634651648
2025-05-14 07:18:18,42.854,4.209,0,0,49.90,30555.76,31747.86,15,6649779,7193539,10391416832,38634651648
2025-05-14 07:18:18,41.858,4.144,0,0,49.90,30555.76,31747.86,15,6649980,7193740,10391416832,38634651648
2025-05-14 07:18:18,41.246,3.977,0,0,49.90,30555.73,31731.85,11,6650180,7193940,10391416832,38634651648
2025-05-14 07:18:18,45.179,4.165,0,0,49.90,30555.73,31731.85,11,6650382,7194142,10391416832,38634651648
2025-05-14 07:18:19,41.591,3.995,0,0,49.90,30555.73,31731.85,11,6650583,7194343,10391416832,38634651648
2025-05-14 07:18:19,42.104,4.084,0,0,79.90,30555.73,31731.85,12,6650793,7194556,10391416832,38634696704
2025-05-14 07:18:19,42.088,4.014,0,45056,59.90,30555.73,31731.85,12,6651003,7194768,10391416832,38634725376
2025-05-14 07:18:19,40.516,3.847,0,28672,69.90,30555.73,31731.85,12,6651204,7194969,10391416832,38634725376
2025-05-14 07:18:20,43.307,4.029,0,0,39.90,30555.73,31731.85,12,6651405,7195170,10391416832,38634725376
2025-05-14 07:18:20,41.400,3.932,0,0,39.90,30555.73,31731.85,12,6651606,7195371,10391416832,38634725376
2025-05-14 07:18:20,41.134,3.936,0,0,59.90,30555.73,31731.85,12,6651807,7195572,10391416832,38634725376
2025-05-14 07:18:20,44.387,4.374,0,0,149.70,30555.73,31731.85,12,6652007,7195772,10391416832,38634725376
2025-05-14 07:18:20,44.022,4.221,0,0,159.70,30555.73,31731.85,12,6652212,7195977,10391416832,38634725376
2025-05-14 07:18:21,43.467,4.291,0,0,159.70,30555.73,31731.85,12,6652414,7196179,10391416832,38634725376
2025-05-14 07:18:21,42.632,4.245,0,0,149.70,30555.73,31731.85,12,6652615,7196380,10391416832,38634725376
2025-05-14 07:18:21,42.899,4.293,0,0,159.70,30555.73,31731.85,12,6652816,7196581,10391416832,38634725376
2025-05-14 07:18:21,42.545,4.209,0,0,159.80,30555.73,31731.85,12,6653017,7196782,10391416832,38634725376
2025-05-14 07:18:21,43.033,4.508,0,0,109.80,30555.73,31731.85,12,6653219,7196984,10391416832,38634725376
2025-05-14 07:18:22,41.159,4.322,0,0,119.80,30555.73,31731.85,12,6653420,7197185,10391416832,38634725376
2025-05-14 07:18:22,47.197,4.706,0,0,359.30,30555.73,31731.85,12,6653615,7197380,10391416832,38634725376
2025-05-14 07:18:22,48.733,5.213,0,0,139.70,30555.73,31731.85,12,6653816,7197582,10391416832,38634729472
2025-05-14 07:18:22,44.478,4.805,0,4096,139.70,30555.73,31731.85,12,6654016,7197782,10391416832,38634729472
2025-05-14 07:18:22,42.697,4.890,0,0,99.80,30555.73,31731.85,12,6654212,7197978,10391416832,38634729472
2025-05-14 07:18:23,44.707,4.401,0,20480,39.90,30555.73,31731.85,12,6654420,7198188,10391416832,38634749952
2025-05-14 07:18:23,40.970,3.949,0,0,49.90,30555.73,31731.85,12,6654621,7198389,10391416832,38634749952
2025-05-14 07:18:23,40.663,3.911,0,0,30.00,30555.73,31731.85,12,6654822,7198590,10391416832,38634749952
2025-05-14 07:18:23,40.692,3.909,0,0,49.90,30555.73,31731.85,12,6655024,7198792,10391416832,38634749952
2025-05-14 07:18:23,40.262,3.839,0,0,39.90,30555.73,31731.85,12,6655225,7198993,10391416832,38634749952
2025-05-14 07:18:24,41.132,3.893,0,0,49.90,30555.73,31731.85,12,6655426,7199194,10391416832,38634749952
2025-05-14 07:18:24,40.619,3.878,0,0,49.90,30555.73,31731.85,12,6655627,7199395,10391416832,38634749952
2025-05-14 07:18:24,40.389,3.861,0,0,49.90,30555.73,31731.85,12,6655828,7199596,10391416832,38634749952
2025-05-14 07:18:24,39.884,3.848,0,0,49.90,30555.73,31731.85,12,6656029,7199797,10391416832,38634749952
2025-05-14 07:18:24,40.302,3.853,0,0,49.90,30555.73,31731.85,12,6656236,7200006,10391416832,38634758144
2025-05-14 07:18:25,40.355,3.872,0,8192,49.90,30555.73,31731.85,12,6656437,7200207,10391416832,38634758144
2025-05-14 07:18:25,40.486,3.902,0,0,49.90,30555.73,31731.85,12,6656638,7200408,10391416832,38634758144
2025-05-14 07:18:25,39.888,3.854,0,0,59.90,30555.73,31731.85,12,6656839,7200609,10391416832,38634758144
2025-05-14 07:18:25,40.331,3.851,0,0,59.90,30555.73,31731.85,12,6657040,7200810,10391416832,38634758144
2025-05-14 07:18:25,40.513,3.846,0,4096,39.90,30555.73,31731.85,12,6657244,7201015,10391416832,38634762240
2025-05-14 07:18:26,40.704,3.864,0,0,39.90,30555.73,31731.85,12,6657445,7201216,10391416832,38634762240
2025-05-14 07:18:26,40.565,3.762,0,0,59.90,30555.73,31731.85,12,6657646,7201417,10391416832,38634762240
2025-05-14 07:18:26,40.557,3.882,0,0,49.90,30555.73,31731.85,12,6657846,7201618,10391416832,38634762240
2025-05-14 07:18:26,40.518,3.947,0,0,49.90,30555.73,31731.85,12,6658046,7201817,10391416832,38634762240
2025-05-14 07:18:26,40.363,3.854,0,0,59.90,30555.73,31731.85,12,6658247,7202018,10391416832,38634762240
2025-05-14 07:18:27,40.554,3.870,0,0,59.90,30555.73,31731.85,12,6658448,7202219,10391416832,38634762240
2025-05-14 07:18:27,40.105,3.867,0,0,59.90,30555.73,31731.85,12,6658649,7202420,10391416832,38634762240
2025-05-14 07:18:27,40.421,3.922,0,0,59.90,30555.73,31731.85,12,6658852,7202624,10391416832,38634766336
2025-05-14 07:18:27,41.105,3.905,0,4096,69.90,30555.73,31731.85,12,6659053,7202825,10391416832,38634766336
2025-05-14 07:18:27,40.639,3.858,0,0,79.90,30555.73,31731.85,12,6659254,7203026,10391416832,38634766336
2025-05-14 07:18:28,41.151,3.869,0,0,59.90,30555.73,31731.85,12,6659455,7203227,10391416832,38634766336
2025-05-14 07:18:28,41.144,3.879,0,0,59.90,30555.73,31731.85,12,6659657,7203429,10391416832,38634766336
2025-05-14 07:18:28,40.738,3.832,0,0,49.90,30555.73,31731.85,12,6659858,7203630,10391416832,38634766336
2025-05-14 07:18:28,40.679,3.890,0,0,49.90,30555.73,31731.85,12,6660058,7203830,10391416832,38634766336
2025-05-14 07:18:28,40.582,3.820,0,0,69.90,30555.73,31731.85,12,6660259,7204031,10391416832,38634766336
2025-05-14 07:18:29,41.131,3.949,0,0,49.90,30555.73,31731.85,12,6660460,7204232,10391416832,38634766336
2025-05-14 07:18:29,40.583,3.877,0,0,69.90,30555.73,31731.85,12,6660661,7204433,10391416832,38634766336
2025-05-14 07:18:29,40.250,3.858,0,0,49.90,30555.73,31731.85,12,6660862,7204634,10391416832,38634766336
2025-05-14 07:18:29,41.061,3.901,0,0,69.90,30555.73,31731.85,12,6661063,7204835,10391416832,38634766336
2025-05-14 07:18:29,40.457,3.819,0,0,69.90,30555.73,31731.85,12,6661265,7205037,10391416832,38634766336
2025-05-14 07:18:30,39.137,3.953,0,0,69.90,30555.73,31731.85,12,6661466,7205238,10391416832,38634766336
2025-05-14 07:18:30,37.590,3.975,0,0,79.90,30555.73,31731.85,12,6661671,7205445,10391416832,38634778624
2025-05-14 07:18:30,37.481,3.973,0,12288,49.90,30555.73,31731.85,12,6661872,7205646,10391416832,38634778624
2025-05-14 07:18:30,37.601,3.954,0,20480,59.90,30555.73,31731.85,12,6662080,7205857,10391416832,38634799104
2025-05-14 07:18:30,38.333,3.923,0,0,69.90,30555.73,31731.85,12,6662281,7206058,10391416832,38634799104
2025-05-14 07:18:31,37.663,3.938,0,0,69.90,30555.73,31731.85,12,6662486,7206263,10391416832,38634799104
2025-05-14 07:18:31,38.361,3.920,0,0,59.90,30555.73,31731.85,12,6662687,7206464,10391416832,38634799104
2025-05-14 07:18:31,37.605,3.911,0,0,39.90,30555.73,31731.85,12,6662889,7206666,10391416832,38634799104
2025-05-14 07:18:31,39.520,3.944,0,0,39.90,30555.73,31731.85,12,6663090,7206867,10391416832,38634799104
2025-05-14 07:18:31,39.980,4.100,0,0,49.90,30555.73,31731.85,12,6663291,7207068,10391416832,38634799104
2025-05-14 07:18:32,38.819,3.950,0,0,59.90,30555.73,31731.85,12,6663492,7207269,10391416832,38634799104
2025-05-14 07:18:32,37.494,3.886,0,0,59.90,30555.73,31731.85,12,6663693,7207470,10391416832,38634799104
2025-05-14 07:18:32,37.443,3.959,0,0,59.90,30555.73,31731.85,12,6663894,7207671,10391416832,38634799104
2025-05-14 07:18:32,37.841,3.978,0,0,39.90,30555.73,31731.85,12,6664094,7207871,10391416832,38634799104
2025-05-14 07:18:32,37.884,3.868,0,0,59.90,30555.73,31731.85,12,6664295,7208072,10391416832,38634799104
2025-05-14 07:18:33,37.901,3.895,0,0,59.90,30555.73,31731.85,12,6664496,7208273,10391416832,38634799104
2025-05-14 07:18:33,37.521,3.898,0,0,59.90,30555.73,31731.85,12,6664698,7208475,10391416832,38634799104
2025-05-14 07:18:33,37.846,3.902,0,16384,39.90,30555.73,31731.85,12,6664903,7208683,10391416832,38634815488
2025-05-14 07:18:33,38.829,3.929,0,0,49.90,30555.73,31731.85,12,6665104,7208884,10391416832,38634815488
2025-05-14 07:18:33,37.608,3.951,0,0,49.90,30555.73,31731.85,12,6665305,7209085,10391416832,38634815488
2025-05-14 07:18:34,37.839,4.000,0,0,49.90,30555.73,31731.85,12,6665507,7209287,10391416832,38634815488
2025-05-14 07:18:34,37.599,4.007,0,0,69.90,30555.73,31731.85,12,6665708,7209488,10391416832,38634815488
2025-05-14 07:18:34,36.790,3.930,0,0,69.90,30555.73,31731.85,12,6665909,7209689,10391416832,38634815488
2025-05-14 07:18:34,37.316,3.977,0,0,59.90,30555.73,31731.85,12,6666109,7209889,10391416832,38634815488
2025-05-14 07:18:34,37.041,3.947,0,0,69.90,30555.73,31731.85,12,6666310,7210090,10391416832,38634815488
2025-05-14 07:18:35,38.532,3.988,0,0,59.90,30555.73,31731.85,12,6666512,7210292,10391416832,38634815488
2025-05-14 07:18:35,36.746,3.891,0,0,69.90,30555.73,31731.85,12,6666713,7210493,10391416832,38634815488
2025-05-14 07:18:35,36.688,3.890,0,0,49.90,30555.73,31731.85,12,6666914,7210694,10391416832,38634815488
2025-05-14 07:18:35,37.797,3.935,0,0,209.60,30555.73,31731.85,12,6667117,7210897,10391416832,38634815488
2025-05-14 07:18:35,40.508,4.064,0,16384,59.90,30555.73,31731.85,12,6667324,7211106,10391416832,38634831872
2025-05-14 07:18:36,38.878,4.003,0,0,39.90,30555.73,31731.85,12,6667525,7211307,10391416832,38634831872
2025-05-14 07:18:36,38.059,3.971,0,0,89.80,30555.73,31731.85,12,6667727,7211509,10391416832,38634831872
2025-05-14 07:18:36,37.980,4.050,0,0,49.90,30555.73,31731.85,12,6667928,7211710,10391416832,38634831872
2025-05-14 07:18:36,38.336,4.013,0,0,59.90,30555.73,31731.85,12,6668128,7211910,10391416832,38634831872
2025-05-14 07:18:36,37.692,3.925,0,0,59.90,30555.73,31731.85,12,6668329,7212111,10391416832,38634831872
2025-05-14 07:18:37,38.713,4.002,0,0,59.90,30555.73,31731.85,12,6668530,7212312,10391416832,38634831872
2025-05-14 07:18:37,40.310,3.813,0,0,59.90,30555.73,31731.85,12,6668732,7212514,10391416832,38634831872
2025-05-14 07:18:37,38.098,3.909,0,0,59.90,30555.73,31731.85,12,6668933,7212715,10391416832,38634831872
2025-05-14 07:18:37,37.126,3.983,0,0,49.90,30555.73,31731.85,12,6669134,7212916,10391416832,38634831872
2025-05-14 07:18:37,37.195,3.960,0,0,89.80,30555.73,31731.85,12,6669335,7213117,10391416832,38634831872
2025-05-14 07:18:38,39.294,3.998,0,0,59.90,30555.73,31731.85,12,6669536,7213318,10391416832,38634831872
2025-05-14 07:18:38,36.843,3.898,0,0,59.90,30555.73,31731.85,12,6669738,7213520,10391416832,38634831872
2025-05-14 07:18:38,39.185,4.073,0,0,59.90,30555.73,31731.85,12,6669939,7213721,10391416832,38634831872
2025-05-14 07:18:38,37.263,3.953,0,0,59.90,30555.73,31731.85,12,6670139,7213921,10391416832,38634831872
2025-05-14 07:18:38,38.356,3.924,0,0,59.90,30555.73,31731.85,12,6670340,7214122,10391416832,38634831872
2025-05-14 07:18:39,39.176,3.954,0,0,49.90,30555.73,31731.85,12,6670542,7214324,10391416832,38634831872
2025-05-14 07:18:39,37.524,3.897,0,0,59.90,30555.73,31731.85,12,6670743,7214525,10391416832,38634831872
2025-05-14 07:18:39,38.232,3.895,0,0,59.90,30555.73,31731.85,12,6670944,7214726,10391416832,38634831872
2025-05-14 07:18:39,38.052,3.908,0,0,39.90,30555.73,31731.85,12,6671145,7214927,10391416832,38634831872
2025-05-14 07:18:39,38.557,3.850,0,0,49.90,30555.73,31731.85,12,6671346,7215128,10391416832,38634831872
2025-05-14 07:18:40,38.738,3.931,0,0,59.90,30555.73,31731.85,12,6671547,7215329,10391416832,38634831872
2025-05-14 07:18:40,37.786,3.890,0,0,59.90,30555.73,31731.85,12,6671748,7215530,10391416832,38634831872
2025-05-14 07:18:40,38.415,3.976,0,0,49.90,30555.73,31731.85,12,6671951,7215733,10391416832,38634831872
2025-05-14 07:18:40,39.942,3.879,0,0,39.90,30555.73,31731.85,12,6672150,7215932,10391416832,38634831872
2025-05-14 07:18:40,40.255,3.802,0,12288,39.90,30555.73,31731.85,12,6672359,7216144,10391416832,38634844160
2025-05-14 07:18:41,41.664,3.942,0,0,49.90,30555.73,31731.85,12,6672560,7216345,10391416832,38634844160
2025-05-14 07:18:41,39.867,3.803,0,0,50.00,30555.73,31731.85,12,6672761,7216546,10391416832,38634844160
2025-05-14 07:18:41,40.232,3.906,0,0,49.90,30555.73,31731.85,12,6672962,7216747,10391416832,38634844160
2025-05-14 07:18:41,40.083,3.853,0,0,49.90,30555.73,31731.85,12,6673164,7216949,10391416832,38634844160
2025-05-14 07:18:41,41.315,4.110,0,0,49.90,30555.73,31731.85,12,6673365,7217150,10391416832,38634844160
2025-05-14 07:18:42,41.342,3.854,0,0,49.90,30555.73,31731.85,12,6673566,7217351,10391416832,38634844160
2025-05-14 07:18:42,40.440,3.849,0,24576,59.90,30555.73,31731.85,12,6673774,7217565,10391416832,38634868736
2025-05-14 07:18:42,40.187,3.928,0,0,40.00,30555.73,31731.85,12,6673975,7217766,10391416832,38634868736
2025-05-14 07:18:42,40.413,3.864,0,0,39.90,30555.73,31731.85,12,6674175,7217966,10391416832,38634868736
2025-05-14 07:18:42,40.624,3.883,0,0,39.90,30555.73,31731.85,12,6674376,7218167,10391416832,38634868736
2025-05-14 07:18:43,40.698,3.900,0,0,39.90,30555.73,31731.85,12,6674577,7218368,10391416832,38634868736
2025-05-14 07:18:43,40.240,3.825,0,0,59.90,30555.73,31731.85,12,6674778,7218569,10391416832,38634868736
2025-05-14 07:18:43,40.921,3.908,0,0,49.90,30555.73,31731.85,12,6674979,7218770,10391416832,38634868736
2025-05-14 07:18:43,40.347,3.839,0,0,49.90,30555.73,31731.85,12,6675180,7218971,10391416832,38634868736
2025-05-14 07:18:43,40.408,3.836,0,0,49.90,30555.73,31731.85,12,6675381,7219172,10391416832,38634868736
2025-05-14 07:18:44,41.787,3.893,0,0,59.90,30555.73,31731.85,12,6675583,7219374,10391416832,38634868736
2025-05-14 07:18:44,40.074,3.892,0,0,39.90,30555.73,31731.85,12,6675783,7219574,10391416832,38634868736
2025-05-14 07:18:44,40.561,3.845,0,0,39.90,30555.73,31731.85,12,6675985,7219776,10391416832,38634868736
2025-05-14 07:18:44,40.023,3.850,0,0,59.90,30555.73,31731.85,12,6676185,7219976,10391416832,38634868736
2025-05-14 07:18:44,40.708,3.851,0,0,59.90,30555.73,31731.85,12,6676386,7220177,10391416832,38634868736
2025-05-14 07:18:45,40.413,3.855,0,0,49.90,30555.73,31731.85,12,6676587,7220378,10391416832,38634868736
2025-05-14 07:18:45,40.213,3.796,0,0,49.90,30555.73,31731.85,12,6676788,7220579,10391416832,38634868736
2025-05-14 07:18:45,40.477,3.848,0,0,39.90,30555.73,31731.85,12,6676989,7220780,10391416832,38634868736
2025-05-14 07:18:45,40.255,3.827,0,0,59.90,30555.73,31731.85,12,6677190,7220981,10391416832,38634868736
2025-05-14 07:18:45,40.347,3.849,0,0,49.90,30555.73,31731.85,12,6677391,7221182,10391416832,38634868736
2025-05-14 07:18:46,40.520,3.913,0,12288,49.90,30555.73,31731.85,12,6677601,7221395,10391416832,38634881024
2025-05-14 07:18:46,40.141,3.854,0,0,59.90,30555.73,31731.85,12,6677802,7221596,10391416832,38634881024
2025-05-14 07:18:46,41.571,3.966,0,0,49.90,30555.73,31731.85,12,6678003,7221797,10391416832,38634881024
2025-05-14 07:18:46,41.185,3.972,0,0,49.90,30555.73,31731.85,12,6678203,7221997,10391416832,38634881024
2025-05-14 07:18:46,40.910,3.913,0,0,49.90,30555.73,31731.85,12,6678405,7222199,10391416832,38634881024
2025-05-14 07:18:47,41.249,3.897,0,0,49.90,30555.73,31731.85,12,6678606,7222400,10391416832,38634881024
2025-05-14 07:18:47,41.982,3.898,0,0,39.90,30555.73,31731.85,12,6678807,7222601,10391416832,38634881024
2025-05-14 07:18:47,40.701,3.869,0,0,49.90,30555.73,31731.85,12,6679008,7222802,10391416832,38634881024
2025-05-14 07:18:47,40.044,3.823,0,0,49.90,30555.73,31731.85,12,6679209,7223003,10391416832,38634881024
2025-05-14 07:18:47,40.633,3.833,0,0,49.90,30555.73,31731.85,12,6679410,7223204,10391416832,38634881024
2025-05-14 07:18:48,40.088,3.861,0,0,49.90,30555.73,31731.85,12,6679612,7223406,10391416832,38634881024
2025-05-14 07:18:48,40.410,3.853,0,0,39.90,30555.73,31731.85,12,6679813,7223607,10391416832,38634881024
2025-05-14 07:18:48,41.512,3.932,0,0,49.90,30555.73,31731.85,12,6680014,7223808,10391416832,38634881024
2025-05-14 07:18:48,40.341,3.824,0,0,39.90,30555.73,31731.85,12,6680214,7224008,10391416832,38634881024
2025-05-14 07:18:48,40.637,3.827,0,0,39.90,30555.73,31731.85,12,6680416,7224210,10391416832,38634881024
2025-05-14 07:18:49,40.121,3.893,0,0,39.90,30555.73,31731.85,12,6680617,7224411,10391416832,38634881024
2025-05-14 07:18:49,40.072,3.847,0,0,39.90,30555.73,31731.85,12,6680818,7224612,10391416832,38634881024
2025-05-14 07:18:49,40.484,3.925,0,0,39.90,30555.73,31731.85,12,6681019,7224813,10391416832,38634881024
2025-05-14 07:18:49,39.852,3.871,0,0,59.90,30555.73,31731.85,12,6681220,7225014,10391416832,38634881024
2025-05-14 07:18:49,40.301,3.805,0,0,49.90,30555.73,31731.85,12,6681421,7225215,10391416832,38634881024
2025-05-14 07:18:50,40.432,3.899,0,0,59.90,30555.73,31731.85,12,6681622,7225416,10391416832,38634881024
2025-05-14 07:18:50,40.002,3.771,0,0,59.90,30555.73,31731.85,12,6681823,7225617,10391416832,38634881024
2025-05-14 07:18:50,40.938,3.835,0,0,59.90,30555.73,31731.85,12,6682028,7225822,10391416832,38634881024
2025-05-14 07:18:50,39.873,3.844,0,0,49.90,30555.73,31731.85,12,6682228,7226022,10391416832,38634881024
2025-05-14 07:18:50,40.745,3.952,0,0,39.90,30555.73,31731.85,12,6682429,7226223,10391416832,38634881024
2025-05-14 07:18:51,40.903,4.044,0,0,39.90,30555.73,31731.85,12,6682630,7226424,10391416832,38634881024
2025-05-14 07:18:51,40.044,3.872,0,0,59.90,30555.73,31731.85,12,6682831,7226625,10391416832,38634881024
2025-05-14 07:18:51,40.901,3.927,0,0,49.90,30555.73,31731.85,12,6683032,7226826,10391416832,38634881024
2025-05-14 07:18:51,39.938,3.828,0,0,49.90,30555.73,31731.85,12,6683233,7227027,10391416832,38634881024
2025-05-14 07:18:51,41.027,4.027,0,0,49.90,30555.73,31731.85,12,6683434,7227228,10391416832,38634881024
2025-05-14 07:18:52,40.359,3.971,0,0,49.90,30555.73,31731.85,12,6683636,7227430,10391416832,38634881024
2025-05-14 07:18:52,40.057,3.852,0,0,39.90,30555.73,31731.85,12,6683837,7227631,10391416832,38634881024
2025-05-14 07:18:52,40.417,3.877,0,0,30.00,30555.73,31731.85,12,6684038,7227832,10391416832,38634881024
2025-05-14 07:18:52,40.186,3.863,0,0,49.90,30555.73,31731.85,12,6684238,7228032,10391416832,38634881024
2025-05-14 07:18:52,40.070,3.818,0,0,49.90,30555.73,31731.85,12,6684439,7228233,10391416832,38634881024
2025-05-14 07:18:53,41.111,3.897,0,0,39.90,30555.73,31731.85,12,6684640,7228434,10391416832,38634881024
2025-05-14 07:18:53,40.047,3.857,0,0,39.90,30555.73,31731.85,12,6684841,7228635,10391416832,38634881024
2025-05-14 07:18:53,41.905,3.920,0,0,39.90,30555.73,31731.85,12,6685042,7228836,10391416832,38634881024
2025-05-14 07:18:53,40.924,3.916,0,0,39.90,30555.73,31731.85,12,6685244,7229038,10391416832,38634881024
2025-05-14 07:18:53,43.490,4.157,12288,20480,49.90,30555.73,31731.85,12,6685459,7229253,10391429120,38634901504
2025-05-14 07:18:54,42.424,4.025,0,0,59.90,30555.73,31731.85,12,6685660,7229454,10391429120,38634901504
2025-05-14 07:18:54,40.882,3.951,0,0,39.90,30555.73,31731.85,12,6685861,7229655,10391429120,38634901504
2025-05-14 07:18:54,43.158,4.065,0,0,39.90,30555.73,31731.85,12,6686062,7229856,10391429120,38634901504
2025-05-14 07:18:54,42.928,3.949,0,0,59.90,30555.73,31731.85,12,6686263,7230057,10391429120,38634901504
2025-05-14 07:18:55,44.645,4.163,0,0,49.90,30555.73,31731.85,12,6686464,7230258,10391429120,38634901504
2025-05-14 07:18:55,44.015,3.976,0,0,49.90,30555.73,31731.85,12,6686665,7230459,10391429120,38634901504
2025-05-14 07:18:55,43.703,3.975,0,0,49.90,30555.73,31731.85,12,6686867,7230661,10391429120,38634901504
2025-05-14 07:18:55,42.358,3.992,0,0,39.90,30555.73,31731.85,12,6687068,7230862,10391429120,38634901504
2025-05-14 07:18:55,42.230,3.971,0,0,39.90,30555.73,31731.85,12,6687269,7231063,10391429120,38634901504
2025-05-14 07:18:56,45.741,4.232,0,0,39.90,30555.73,31731.85,12,6687470,7231264,10391429120,38634901504
2025-05-14 07:18:56,46.419,4.267,0,0,49.90,30555.73,31731.85,12,6687672,7231466,10391429120,38634901504
2025-05-14 07:18:56,43.824,4.177,0,0,89.90,30555.73,31731.85,12,6687873,7231667,10391429120,38634901504
2025-05-14 07:18:56,45.097,4.716,0,0,69.90,30555.73,31731.85,12,6688067,7231861,10391429120,38634901504
2025-05-14 07:18:56,47.220,4.597,0,0,49.90,30555.73,31731.85,12,6688268,7232062,10391429120,38634901504
2025-05-14 07:18:57,44.096,4.220,0,0,89.90,30555.73,31731.85,12,6688470,7232264,10391429120,38634901504
2025-05-14 07:18:57,40.671,4.248,0,0,59.90,30555.73,31731.85,12,6688671,7232465,10391429120,38634901504
2025-05-14 07:18:57,39.089,4.156,0,0,69.90,30555.73,31731.85,12,6688872,7232666,10391429120,38634901504
2025-05-14 07:18:57,38.400,4.145,0,0,89.80,30555.73,31731.85,12,6689073,7232867,10391429120,38634901504
2025-05-14 07:18:57,43.564,4.348,0,0,229.80,30555.73,31731.85,12,6689275,7233069,10391429120,38634901504
2025-05-14 07:18:58,47.486,4.807,0,0,169.70,30555.73,31731.85,12,6689476,7233270,10391429120,38634901504
2025-05-14 07:18:58,43.961,4.529,0,0,149.70,30555.73,31731.85,12,6689677,7233471,10391429120,38634901504
2025-05-14 07:18:58,42.815,4.405,0,0,169.70,30555.73,31731.85,12,6689878,7233672,10391429120,38634901504
2025-05-14 07:18:58,42.905,4.356,0,0,149.80,30555.73,31731.85,12,6690078,7233872,10391429120,38634901504
2025-05-14 07:18:58,42.184,4.218,0,0,159.70,30555.73,31731.85,12,6690280,7234074,10391429120,38634901504
2025-05-14 07:18:59,42.698,4.335,0,0,159.70,30555.73,31731.85,12,6690481,7234275,10391429120,38634901504
2025-05-14 07:18:59,42.821,4.189,0,0,159.70,30555.73,31731.85,12,6690684,7234478,10391429120,38634901504
2025-05-14 07:18:59,42.780,4.300,0,0,169.70,30555.73,31731.85,12,6690885,7234679,10391429120,38634901504
2025-05-14 07:18:59,42.649,4.284,0,0,149.70,30555.73,31731.85,12,6691086,7234881,10391429120,38634901504
2025-05-14 07:18:59,42.501,4.295,0,0,149.80,30555.73,31731.85,12,6691288,7235082,10391429120,38634901504
2025-05-14 07:19:00,45.718,4.235,0,0,169.70,30555.73,31731.85,12,6691497,7235294,10391429120,38634909696
2025-05-14 07:19:00,43.279,4.199,0,8192,149.70,30555.73,31731.85,12,6691698,7235495,10391429120,38634909696
2025-05-14 07:19:00,43.480,4.426,0,0,159.70,30555.73,31731.85,12,6691900,7235697,10391429120,38634909696
2025-05-14 07:19:00,45.845,4.348,0,0,129.80,30555.73,31731.85,12,6692098,7235895,10391429120,38634909696
2025-05-14 07:19:00,42.725,4.342,0,0,39.90,30555.73,31731.85,12,6692296,7236093,10391429120,38634909696
2025-05-14 07:19:01,44.194,4.253,0,0,129.80,30555.73,31731.85,12,6692497,7236294,10391429120,38634909696
2025-05-14 07:19:01,45.266,4.466,0,0,219.60,30555.74,31739.85,16,6692728,7236547,10391429120,38636785664
2025-05-14 07:19:01,45.958,4.605,0,1875968,40.00,30555.74,31739.85,16,6692929,7236748,10391429120,38636785664
2025-05-14 07:19:01,44.039,4.126,0,0,89.80,30555.74,31739.85,16,6693130,7236949,10391429120,38636785664
2025-05-14 07:19:01,45.492,4.253,0,0,59.90,30555.74,31739.85,16,6693331,7237150,10391429120,38636785664
2025-05-14 07:19:02,45.029,4.411,0,0,69.90,30555.74,31739.85,16,6693531,7237350,10391429120,38636785664
2025-05-14 07:19:02,42.187,4.152,0,0,79.90,30555.74,31739.85,16,6693732,7237551,10391429120,38636785664
2025-05-14 07:19:02,43.068,4.156,0,0,59.90,30555.74,31739.85,16,6693933,7237752,10391429120,38636785664
2025-05-14 07:19:02,42.094,4.065,0,0,49.90,30555.74,31739.85,16,6694133,7237952,10391429120,38636785664
2025-05-14 07:19:02,41.856,4.029,0,0,39.90,30555.74,31739.85,16,6694334,7238153,10391429120,38636785664
2025-05-14 07:19:03,42.255,4.026,0,0,49.90,30555.74,31739.85,16,6694536,7238355,10391429120,38636785664
2025-05-14 07:19:03,41.058,3.987,0,0,39.90,30555.74,31739.85,16,6694737,7238556,10391429120,38636785664
2025-05-14 07:19:03,42.882,4.079,0,0,69.90,30555.74,31739.85,16,6694938,7238757,10391429120,38636785664
2025-05-14 07:19:03,43.523,4.218,0,0,39.90,30555.74,31739.85,16,6695139,7238958,10391429120,38636785664
2025-05-14 07:19:03,40.748,4.038,0,0,59.90,30555.74,31739.85,16,6695339,7239158,10391429120,38636785664
2025-05-14 07:19:04,44.677,4.276,0,0,129.70,30555.74,31739.85,16,6695544,7239366,10391429120,38636814336
2025-05-14 07:19:04,45.779,4.698,0,151552,469.10,30555.74,31739.85,16,6695788,7239624,10391429120,38637035520
2025-05-14 07:19:04,48.814,5.231,0,98304,339.40,30555.74,31739.85,16,6695989,7239825,10391429120,38637035520
2025-05-14 07:19:04,47.049,4.780,0,0,159.70,30555.74,31739.85,16,6696190,7240026,10391429120,38637035520
2025-05-14 07:19:04,44.414,4.404,0,0,139.80,30555.74,31739.85,16,6696391,7240227,10391429120,38637035520
2025-05-14 07:19:05,46.724,4.530,0,0,79.90,30555.74,31739.85,16,6696591,7240427,10391429120,38637035520
2025-05-14 07:19:05,45.615,4.620,0,0,399.30,30555.74,31739.85,16,6696785,7240622,10391429120,38637035520
2025-05-14 07:19:05,47.589,5.234,0,0,159.70,30555.74,31739.85,16,6696975,7240811,10391429120,38637035520
2025-05-14 07:19:05,43.113,4.412,0,0,209.60,30555.74,31739.85,16,6697178,7241014,10391429120,38637035520
2025-05-14 07:19:05,45.609,4.348,0,0,29.90,30555.74,31739.85,16,6697380,7241216,10391429120,38637035520
2025-05-14 07:19:06,44.537,4.259,0,0,39.90,30555.74,31739.85,16,6697581,7241417,10391429120,38637035520
2025-05-14 07:19:06,40.962,4.094,0,0,79.80,30555.74,31739.85,16,6697782,7241618,10391429120,38637035520
2025-05-14 07:19:06,42.184,4.033,0,0,179.70,30555.74,31739.85,16,6697983,7241819,10391429120,38637035520
2025-05-14 07:19:06,46.091,4.503,0,114688,449.20,30555.74,31739.85,16,6698251,7242110,10391429120,38637416448
2025-05-14 07:19:06,48.203,4.937,0,319488,169.70,30555.74,31739.85,16,6698454,7242317,10391429120,38637469696
2025-05-14 07:19:07,43.968,4.231,0,0,59.90,30555.74,31739.85,16,6698655,7242518,10391429120,38637469696
2025-05-14 07:19:07,43.582,4.479,0,0,79.80,30555.74,31739.85,16,6698857,7242720,10391429120,38637469696
2025-05-14 07:19:07,45.541,4.606,0,0,39.90,30555.74,31739.85,16,6699058,7242921,10391429120,38637469696
2025-05-14 07:19:07,42.142,4.198,0,0,89.80,30555.74,31739.85,16,6699259,7243122,10391429120,38637469696
2025-05-14 07:19:07,41.774,4.168,0,0,39.90,30555.74,31739.85,16,6699461,7243324,10391429120,38637469696
2025-05-14 07:19:08,45.650,4.185,0,0,39.90,30555.74,31739.85,16,6699662,7243525,10391429120,38637469696
2025-05-14 07:19:08,44.720,4.240,0,0,39.90,30555.74,31739.85,16,6699863,7243726,10391429120,38637469696
2025-05-14 07:19:08,45.389,4.164,0,0,239.60,30555.74,31739.85,16,6700069,7243932,10391429120,38637469696
2025-05-14 07:19:08,47.549,4.773,0,0,169.70,30555.74,31739.85,16,6700270,7244133,10391429120,38637469696
2025-05-14 07:19:08,44.301,4.414,0,0,159.70,30555.74,31739.85,16,6700471,7244334,10391429120,38637469696
2025-05-14 07:19:09,47.220,4.589,0,0,159.70,30555.74,31739.85,16,6700672,7244535,10391429120,38637469696
2025-05-14 07:19:09,43.130,4.480,0,0,249.60,30555.74,31739.85,16,6700873,7244736,10391429120,38637469696
2025-05-14 07:19:09,45.653,4.729,0,0,289.40,30555.74,31739.85,16,6701075,7244938,10391429120,38637469696
2025-05-14 07:19:09,45.247,4.463,0,0,169.80,30555.74,31739.85,16,6701276,7245139,10391429120,38637469696
2025-05-14 07:19:09,44.302,4.348,0,0,149.70,30555.74,31739.85,16,6701475,7245338,10391429120,38637469696
2025-05-14 07:19:10,45.214,4.269,0,0,149.80,30555.74,31739.85,16,6701676,7245539,10391429120,38637469696
2025-05-14 07:19:10,44.022,4.165,0,0,149.70,30555.74,31739.85,16,6701877,7245740,10391429120,38637469696
2025-05-14 07:19:10,44.032,4.295,0,0,169.70,30555.74,31739.85,16,6702079,7245942,10391429120,38637469696
2025-05-14 07:19:10,43.521,4.161,0,0,159.70,30555.74,31739.85,16,6702279,7246142,10391429120,38637469696
2025-05-14 07:19:10,44.573,4.430,0,0,169.70,30555.74,31739.85,16,6702480,7246343,10391429120,38637469696
2025-05-14 07:19:11,47.079,4.517,4096,36864,159.70,30555.74,31739.85,16,6702685,7246550,10391433216,38637506560
2025-05-14 07:19:11,43.969,4.241,0,0,219.60,30555.74,31739.85,16,6702888,7246754,10391433216,38637522944
2025-05-14 07:19:11,44.236,4.308,0,16384,159.70,30555.74,31739.85,16,6703089,7246955,10391433216,38637522944
2025-05-14 07:19:11,43.214,4.252,0,0,39.90,30555.74,31739.85,16,6703290,7247156,10391433216,38637522944
2025-05-14 07:19:11,42.899,4.230,0,0,39.90,30555.74,31739.85,16,6703489,7247355,10391433216,38637522944
2025-05-14 07:19:12,45.255,4.177,0,0,149.70,30555.74,31739.85,16,6703690,7247556,10391433216,38637522944
2025-05-14 07:19:12,44.685,4.745,0,0,139.70,30555.74,31739.85,16,6703903,7247771,10391433216,38637547520
2025-05-14 07:19:12,44.667,4.650,0,24576,49.90,30555.74,31739.85,16,6704105,7247973,10391433216,38637547520
2025-05-14 07:19:12,42.775,4.287,0,0,139.70,30555.74,31739.85,16,6704305,7248173,10391433216,38637547520
2025-05-14 07:19:12,44.568,4.430,0,0,79.80,30555.74,31739.85,16,6704507,7248375,10391433216,38637547520
2025-05-14 07:19:13,44.395,4.316,0,0,69.90,30555.74,31739.85,16,6704708,7248576,10391433216,38637547520
2025-05-14 07:19:13,41.040,4.060,0,0,69.90,30555.74,31739.85,16,6704912,7248780,10391433216,38637547520
2025-05-14 07:19:13,42.598,4.094,0,0,59.90,30555.74,31739.85,16,6705118,7248986,10391433216,38637547520
2025-05-14 07:19:13,42.628,4.056,0,0,49.90,30555.74,31739.85,16,6705320,7249188,10391433216,38637547520
2025-05-14 07:19:13,42.109,4.088,0,0,49.90,30555.74,31739.85,16,6705521,7249389,10391433216,38637547520
2025-05-14 07:19:14,41.455,4.016,0,0,39.90,30555.74,31739.85,16,6705721,7249589,10391433216,38637547520
2025-05-14 07:19:14,41.654,3.997,0,0,39.90,30555.74,31739.85,16,6705922,7249790,10391433216,38637547520
2025-05-14 07:19:14,41.465,4.027,0,0,99.80,30555.74,31739.85,16,6706123,7249991,10391433216,38637547520
2025-05-14 07:19:14,46.734,4.634,0,0,289.50,30555.74,31739.85,16,6706319,7250187,10391433216,38637547520
2025-05-14 07:19:14,46.598,4.648,0,0,69.90,30555.74,31739.85,16,6706521,7250389,10391433216,38637547520
2025-05-14 07:19:15,43.773,4.403,0,28672,379.40,30555.74,31739.85,16,6706739,7250620,10391433216,38637776896
2025-05-14 07:19:15,48.554,5.006,0,233472,299.40,30555.74,31739.85,16,6706958,7250844,10391433216,38637809664
2025-05-14 07:19:15,47.358,4.752,0,0,259.60,30555.74,31739.85,16,6707158,7251044,10391433216,38637809664
2025-05-14 07:19:15,45.156,4.559,0,0,149.70,30555.74,31739.85,16,6707358,7251244,10391433216,38637809664
2025-05-14 07:19:15,44.547,4.467,0,0,39.90,30555.74,31739.85,16,6707559,7251445,10391433216,38637809664
2025-05-14 07:19:16,45.973,4.354,0,0,259.60,30555.74,31739.85,16,6707757,7251643,10391433216,38637809664
2025-05-14 07:19:16,48.524,5.120,0,0,349.40,30555.74,31739.85,16,6707966,7251852,10391433216,38637809664
2025-05-14 07:19:16,45.320,4.713,0,0,69.90,30555.74,31739.85,16,6708168,7252054,10391433216,38637809664
2025-05-14 07:19:16,43.845,4.202,0,0,39.90,30555.74,31739.85,16,6708368,7252254,10391433216,38637809664
2025-05-14 07:19:16,45.474,4.169,0,0,49.90,30555.74,31739.85,16,6708569,7252455,10391433216,38637809664
2025-05-14 07:19:17,47.490,4.510,0,61440,339.40,30555.74,31739.85,16,6708828,7252731,10391433216,38638084096
2025-05-14 07:19:17,48.238,4.907,0,327680,319.40,30555.74,31739.85,16,6709058,7252972,10391433216,38638211072
2025-05-14 07:19:17,43.856,4.194,0,12288,49.90,30555.74,31739.85,16,6709259,7253173,10391433216,38638211072
2025-05-14 07:19:17,41.194,3.970,0,0,39.90,30555.74,31739.85,16,6709460,7253374,10391433216,38638211072
2025-05-14 07:19:17,46.035,4.228,0,0,39.90,30555.74,31739.85,16,6709661,7253575,10391433216,38638211072
2025-05-14 07:19:18,43.638,4.142,0,0,49.90,30555.74,31739.85,16,6709863,7253777,10391433216,38638211072
2025-05-14 07:19:18,43.223,4.506,0,0,59.90,30555.74,31739.85,16,6710064,7253978,10391433216,38638211072
2025-05-14 07:19:18,45.517,4.622,0,0,49.90,30555.74,31739.85,16,6710266,7254180,10391433216,38638211072
2025-05-14 07:19:18,43.318,4.288,0,0,59.90,30555.74,31739.85,16,6710466,7254380,10391433216,38638211072
2025-05-14 07:19:18,44.716,4.273,0,0,49.90,30555.74,31739.85,16,6710663,7254577,10391433216,38638211072
2025-05-14 07:19:19,44.405,4.216,0,0,49.90,30555.74,31739.85,16,6710864,7254778,10391433216,38638211072
2025-05-14 07:19:19,44.065,4.173,0,0,59.90,30555.74,31739.85,16,6711065,7254979,10391433216,38638211072
2025-05-14 07:19:19,42.606,4.080,0,0,119.80,30555.74,31739.85,16,6711266,7255180,10391433216,38638211072
2025-05-14 07:19:19,46.050,4.680,0,0,149.70,30555.74,31739.85,16,6711467,7255381,10391433216,38638211072
2025-05-14 07:19:19,47.200,4.625,0,0,149.70,30555.74,31739.85,16,6711668,7255582,10391433216,38638211072
2025-05-14 07:19:20,46.205,4.387,0,0,169.70,30555.74,31739.85,16,6711874,7255788,10391433216,38638211072
2025-05-14 07:19:20,45.795,4.449,0,0,279.60,30555.74,31739.85,16,6712075,7255989,10391433216,38638211072
2025-05-14 07:19:20,46.509,4.647,0,0,159.80,30555.74,31739.85,16,6712276,7256190,10391433216,38638211072
2025-05-14 07:19:20,43.744,4.203,0,0,159.70,30555.74,31739.85,16,6712475,7256389,10391433216,38638211072
2025-05-14 07:19:20,45.274,4.322,0,0,159.70,30555.74,31739.85,16,6712676,7256590,10391433216,38638211072
2025-05-14 07:19:21,43.975,4.236,0,0,149.70,30555.74,31739.85,16,6712877,7256791,10391433216,38638211072
2025-05-14 07:19:21,42.177,4.320,0,0,159.80,30555.74,31739.85,16,6713078,7256992,10391433216,38638211072
2025-05-14 07:19:21,43.587,4.303,0,0,159.80,30555.74,31739.85,16,6713279,7257193,10391433216,38638211072
2025-05-14 07:19:21,44.030,4.166,0,0,159.70,30555.74,31739.85,16,6713481,7257395,10391433216,38638211072
2025-05-14 07:19:21,45.529,4.216,0,0,159.70,30555.74,31739.85,16,6713680,7257594,10391433216,38638211072
2025-05-14 07:19:22,45.641,4.456,0,0,139.70,30555.74,31739.85,16,6713877,7257791,10391433216,38638211072
2025-05-14 07:19:22,44.525,4.249,0,0,159.70,30555.74,31739.85,16,6714079,7257993,10391433216,38638211072
2025-05-14 07:19:22,44.340,4.240,0,0,159.70,30555.74,31739.85,16,6714280,7258194,10391433216,38638211072
2025-05-14 07:19:22,43.204,4.162,0,0,39.90,30555.74,31739.85,16,6714480,7258394,10391433216,38638211072
2025-05-14 07:19:22,43.770,4.273,0,0,49.90,30555.74,31739.85,16,6714681,7258595,10391433216,38638211072
2025-05-14 07:19:23,41.578,4.028,0,0,49.90,30555.74,31739.85,16,6714883,7258797,10391433216,38638211072
2025-05-14 07:19:23,42.354,4.251,0,0,149.80,30555.74,31739.85,16,6715084,7258998,10391433216,38638211072
2025-05-14 07:19:23,44.379,4.490,0,0,159.70,30555.74,31739.85,16,6715285,7259199,10391433216,38638211072
2025-05-14 07:19:23,44.303,4.302,0,0,139.80,30555.74,31739.85,16,6715486,7259400,10391433216,38638211072
2025-05-14 07:19:23,45.276,4.456,0,0,139.80,30555.74,31739.85,16,6715687,7259601,10391433216,38638211072
2025-05-14 07:19:24,43.147,4.276,0,0,199.60,30555.74,31739.85,16,6715892,7259806,10391433216,38638211072
2025-05-14 07:19:24,45.123,4.807,0,24576,149.70,30555.74,31739.85,16,6716109,7260022,10391433216,38638260224
2025-05-14 07:19:24,42.600,4.261,0,24576,269.50,30555.74,31739.85,16,6716318,7260228,10391433216,38638260224
2025-05-14 07:19:24,45.872,4.720,0,0,99.80,30555.74,31739.85,16,6716517,7260427,10391433216,38638260224
2025-05-14 07:19:24,44.622,4.340,0,0,99.80,30555.74,31739.85,16,6716719,7260629,10391433216,38638260224
2025-05-14 07:19:25,43.609,4.388,0,0,159.70,30555.74,31739.85,16,6716920,7260830,10391433216,38638260224
2025-05-14 07:19:25,42.782,4.196,0,0,49.90,30555.74,31739.85,16,6717121,7261031,10391433216,38638260224
2025-05-14 07:19:25,43.708,4.211,0,0,319.40,30555.74,31739.85,16,6717323,7261233,10391433216,38638260224
2025-05-14 07:19:25,47.371,4.609,0,0,159.70,30555.74,31739.85,16,6717545,7261448,10391433216,38638260224
2025-05-14 07:19:25,43.827,4.235,0,0,389.30,30555.74,31739.85,16,6717760,7261656,10391433216,38638260224
2025-05-14 07:19:26,46.812,5.243,0,0,389.30,30555.74,31739.85,16,6717961,7261852,10391433216,38638260224
2025-05-14 07:19:26,45.865,4.614,0,0,59.90,30555.74,31739.85,16,6718161,7262052,10391433216,38638260224
2025-05-14 07:19:26,41.320,3.961,0,0,49.90,30555.74,31739.85,16,6718362,7262253,10391433216,38638260224
2025-05-14 07:19:26,41.058,3.982,0,0,49.90,30555.74,31739.85,16,6718563,7262454,10391433216,38638260224
2025-05-14 07:19:27,43.438,4.091,0,0,39.90,30555.74,31739.85,16,6718764,7262655,10391433216,38638260224
2025-05-14 07:19:27,41.737,3.975,0,0,59.90,30555.74,31739.85,16,6718965,7262856,10391433216,38638260224
2025-05-14 07:19:27,42.425,3.964,0,0,59.90,30555.74,31739.85,16,6719166,7263057,10391433216,38638260224
2025-05-14 07:19:27,41.150,3.981,0,0,109.80,30555.74,31739.85,16,6719373,7263264,10391433216,38638260224
2025-05-14 07:19:27,42.628,4.213,0,0,49.90,30555.74,31739.85,16,6719574,7263465,10391433216,38638260224
2025-05-14 07:19:28,43.050,4.163,0,0,39.90,30555.74,31739.85,16,6719775,7263666,10391433216,38638260224
2025-05-14 07:19:28,41.128,4.016,0,0,49.90,30555.74,31739.85,16,6719976,7263867,10391433216,38638260224
2025-05-14 07:19:28,41.066,4.014,0,0,59.90,30555.74,31739.85,16,6720178,7264069,10391433216,38638260224
2025-05-14 07:19:28,41.148,4.153,0,0,59.90,30555.74,31739.85,16,6720378,7264269,10391433216,38638260224
2025-05-14 07:19:28,41.264,4.056,0,24576,49.90,30555.74,31739.85,16,6720588,7264482,10391433216,38638284800
2025-05-14 07:19:29,42.121,4.032,0,0,39.90,30555.74,31739.85,16,6720790,7264684,10391433216,38638284800
2025-05-14 07:19:29,40.919,3.958,0,0,39.90,30555.74,31739.85,16,6720991,7264885,10391433216,38638284800
2025-05-14 07:19:29,40.814,3.956,0,0,39.90,30555.74,31739.85,16,6721192,7265086,10391433216,38638284800
2025-05-14 07:19:29,41.551,4.079,0,0,59.90,30555.74,31739.85,16,6721393,7265287,10391433216,38638284800
2025-05-14 07:19:29,41.246,4.036,0,0,49.90,30555.74,31739.85,16,6721595,7265489,10391433216,38638284800
2025-05-14 07:19:30,41.725,4.068,0,0,359.30,30555.74,31739.85,16,6721795,7265688,10391433216,38638284800
2025-05-14 07:19:30,47.917,4.975,0,32768,279.50,30555.74,31739.85,16,6722007,7265907,10391433216,38638317568
2025-05-14 07:19:30,45.607,4.446,0,0,49.90,30555.74,31739.85,16,6722212,7266112,10391433216,38638317568
2025-05-14 07:19:30,41.905,4.002,0,0,39.90,30555.74,31739.85,16,6722413,7266313,10391433216,38638317568
2025-05-14 07:19:30,40.531,4.011,0,0,39.90,30555.74,31739.85,16,6722614,7266514,10391433216,38638317568
2025-05-14 07:19:31,42.258,4.022,0,0,49.90,30555.74,31739.85,16,6722818,7266718,10391433216,38638317568
2025-05-14 07:19:31,42.294,4.207,0,0,39.90,30555.74,31739.85,16,6723020,7266920,10391433216,38638317568
2025-05-14 07:19:31,42.259,4.333,0,0,49.90,30555.74,31739.85,16,6723221,7267121,10391433216,38638317568
2025-05-14 07:19:31,41.200,4.063,0,0,59.90,30555.74,31739.85,16,6723422,7267322,10391433216,38638317568
2025-05-14 07:19:31,40.820,4.027,0,0,49.90,30555.74,31739.85,16,6723622,7267522,10391433216,38638317568
2025-05-14 07:19:32,46.040,4.269,0,0,59.90,30555.74,31739.85,16,6723821,7267721,10391433216,38638317568
2025-05-14 07:19:32,41.945,4.055,0,0,79.90,30555.74,31739.85,16,6724022,7267922,10391433216,38638317568
2025-05-14 07:19:32,41.961,4.133,0,0,39.90,30555.74,31739.85,16,6724223,7268123,10391433216,38638317568
2025-05-14 07:19:32,41.587,3.951,0,0,39.90,30555.74,31739.85,16,6724424,7268324,10391433216,38638317568
2025-05-14 07:19:32,42.098,4.073,0,0,59.90,30555.74,31739.85,16,6724625,7268525,10391433216,38638317568
2025-05-14 07:19:33,42.503,4.079,0,0,49.90,30555.74,31739.85,16,6724825,7268725,10391433216,38638317568
2025-05-14 07:19:33,43.358,4.114,0,8192,59.90,30555.74,31739.85,16,6725030,7268932,10391433216,38638325760
2025-05-14 07:19:33,42.012,3.984,0,0,49.90,30555.74,31739.85,16,6725231,7269133,10391433216,38638325760
2025-05-14 07:19:33,42.249,4.039,0,0,69.90,30555.74,31739.85,16,6725433,7269335,10391433216,38638325760
2025-05-14 07:19:33,40.710,4.041,0,0,129.80,30555.74,31739.85,16,6725631,7269533,10391433216,38638325760
2025-05-14 07:19:34,43.780,4.335,0,0,129.80,30555.74,31739.85,16,6725835,7269736,10391433216,38638325760
2025-05-14 07:19:34,42.661,4.274,0,0,69.90,30555.74,31739.85,16,6726036,7269937,10391433216,38638325760
2025-05-14 07:19:34,41.460,4.004,0,0,279.50,30555.74,31739.85,16,6726246,7270150,10391433216,38638346240
2025-05-14 07:19:34,46.254,4.678,0,57344,199.80,30555.74,31739.85,16,6726482,7270396,10391433216,38638501888
2025-05-14 07:19:34,43.988,4.179,0,122880,159.70,30555.74,31739.85,16,6726700,7270621,10391433216,38638739456
2025-05-14 07:19:35,44.851,4.302,0,311296,279.50,30555.74,31739.85,16,6726935,7270865,10391433216,38638895104
2025-05-14 07:19:35,45.223,4.382,0,94208,159.70,30555.74,31739.85,16,6727140,7271072,10391433216,38638911488
2025-05-14 07:19:35,43.884,4.145,0,0,149.70,30555.74,31739.85,16,6727341,7271273,10391433216,38638911488
2025-05-14 07:19:35,43.944,4.152,0,0,309.50,30555.74,31739.85,16,6727542,7271474,10391433216,38638911488
2025-05-14 07:19:35,47.365,4.454,0,0,159.70,30555.74,31739.85,16,6727749,7271683,10391433216,38638931968
2025-05-14 07:19:36,44.892,4.356,0,49152,189.70,30555.74,31739.85,16,6727971,7271912,10391433216,38638968832
2025-05-14 07:19:36,45.122,4.289,0,8192,159.70,30555.74,31739.85,16,6728173,7272114,10391433216,38638968832
2025-05-14 07:19:36,43.683,4.116,0,0,169.70,30555.74,31739.85,16,6728374,7272315,10391433216,38638968832
2025-05-14 07:19:36,44.666,4.252,0,0,139.70,30555.74,31739.85,16,6728574,7272515,10391433216,38638968832
2025-05-14 07:19:36,44.441,4.280,0,0,169.70,30555.74,31739.85,16,6728788,7272731,10391433216,38638985216
2025-05-14 07:19:37,44.993,4.545,0,90112,169.70,30555.74,31739.85,16,6729013,7272964,10391433216,38639071232
2025-05-14 07:19:37,43.499,4.455,0,12288,159.70,30555.74,31739.85,16,6729214,7273165,10391433216,38639071232
2025-05-14 07:19:37,44.440,4.351,0,0,149.70,30555.74,31739.85,16,6729416,7273367,10391433216,38639071232
2025-05-14 07:19:37,45.023,4.355,0,0,149.70,30555.74,31739.85,16,6729616,7273567,10391433216,38639071232
2025-05-14 07:19:37,44.632,4.322,0,0,159.70,30555.74,31739.85,16,6729825,7273782,10391433216,38639226880
2025-05-14 07:19:38,47.688,4.885,0,647168,359.40,30555.74,31739.85,16,6730061,7274026,10391433216,38639775744
2025-05-14 07:19:38,50.335,5.353,0,1224704,579.00,30555.74,31739.85,16,6730433,7274456,10391433216,38641954816
2025-05-14 07:19:38,49.851,5.655,0,1490944,429.60,30555.74,31739.85,16,6730696,7274747,10391433216,38642831360
2025-05-14 07:19:38,48.115,5.343,0,585728,329.40,30555.74,31739.85,16,6730939,7275001,10391433216,38643171328
2025-05-14 07:19:38,46.879,5.018,0,253952,349.30,30555.74,31739.85,16,6731146,7275213,10391433216,38643302400
2025-05-14 07:19:39,47.516,4.900,0,28672,359.40,30555.74,31739.85,16,6731346,7275413,10391433216,38643302400
2025-05-14 07:19:39,47.384,4.914,0,221184,359.40,30555.74,31739.85,16,6731596,7275683,10391433216,38643757056
2025-05-14 07:19:39,46.356,4.747,0,237568,359.40,30555.74,31739.85,16,6731828,7275920,10391433216,38643843072
2025-05-14 07:19:39,46.736,4.863,0,344064,419.30,30555.74,31739.85,16,6732084,7276195,10391433216,38644318208
2025-05-14 07:19:39,47.486,4.996,0,217088,419.20,30555.74,31739.85,16,6732298,7276411,10391433216,38644330496
2025-05-14 07:19:40,46.808,4.843,0,12288,379.30,30555.74,31739.85,16,6732494,7276610,10391433216,38644400128
2025-05-14 07:19:40,45.845,4.840,0,65536,389.20,30555.74,31739.85,16,6732709,7276829,10391433216,38644436992
2025-05-14 07:19:40,46.570,4.813,0,65536,409.40,30555.74,31739.85,16,6732937,7277067,10391433216,38644633600
2025-05-14 07:19:40,47.769,4.880,0,339968,399.30,30555.74,31739.85,16,6733182,7277325,10391433216,38645018624
2025-05-14 07:19:40,47.026,4.939,0,294912,519.10,30555.74,31739.85,16,6733488,7277665,10391433216,38645661696
2025-05-14 07:19:41,47.214,5.158,0,589824,459.30,30555.74,31739.85,16,6733700,7277882,10391433216,38645690368
2025-05-14 07:19:41,45.996,4.701,0,0,399.30,30555.74,31739.85,16,6733902,7278084,10391433216,38645690368
2025-05-14 07:19:41,45.911,4.824,0,49152,499.20,30555.74,31739.85,16,6734126,7278314,10391433216,38645747712
2025-05-14 07:19:41,45.625,5.128,0,8192,359.40,30555.74,31739.85,16,6734327,7278515,10391433216,38645747712
2025-05-14 07:19:41,44.262,5.057,0,0,389.20,30555.74,31739.85,16,6734533,7278721,10391433216,38645747712
2025-05-14 07:19:42,42.937,5.047,0,0,329.50,30555.74,31739.85,16,6734740,7278928,10391433216,38645768192
2025-05-14 07:19:42,44.830,5.135,0,176128,369.40,30555.74,31739.85,16,6734986,7279188,10391433216,38646018048
2025-05-14 07:19:42,46.657,5.079,0,98304,349.40,30555.74,31739.85,16,6735200,7279406,10391433216,38646075392
2025-05-14 07:19:42,47.011,5.378,0,540672,319.40,30555.74,31739.85,16,6735452,7279675,10391433216,38646562816
2025-05-14 07:19:42,47.150,5.223,0,589824,359.30,30555.74,31739.85,16,6735707,7279953,10391433216,38647791616
2025-05-14 07:19:43,48.610,5.331,0,1253376,349.40,30555.74,31739.85,16,6735963,7280231,10391433216,38648619008
2025-05-14 07:19:43,47.628,5.121,0,405504,389.70,30555.74,31739.85,16,6736186,7280462,10391433216,38649061376
2025-05-14 07:19:43,47.723,5.333,0,249856,379.20,30555.74,31739.85,16,6736388,7280665,10391433216,38649126912
2025-05-14 07:19:43,48.117,5.436,0,155648,379.40,30555.74,31739.85,16,6736623,7280915,10391433216,38649298944
2025-05-14 07:19:43,48.293,5.217,0,81920,199.70,30555.74,31739.85,16,6736833,7281125,10391433216,38649298944
2025-05-14 07:19:44,47.963,5.014,0,65536,339.40,30555.74,31739.85,16,6737036,7281329,10391433216,38649364480
2025-05-14 07:19:44,48.057,4.967,0,57344,379.30,30555.74,31739.85,16,6737243,7281537,10391433216,38649421824
2025-05-14 07:19:44,47.007,5.004,0,86016,389.20,30555.74,31739.85,16,6737445,7281746,10391433216,38649589760
2025-05-14 07:19:44,47.568,5.057,0,245760,399.20,30555.74,31739.85,16,6737669,7281975,10391433216,38649769984
2025-05-14 07:19:44,47.993,5.326,0,77824,279.50,30555.74,31739.85,16,6737879,7282188,10391433216,38649843712
2025-05-14 07:19:45,48.222,5.220,0,77824,399.60,30555.74,31739.85,16,6738084,7282395,10391433216,38649909248
2025-05-14 07:19:45,47.603,4.797,0,0,429.30,30555.74,31739.85,16,6738289,7282600,10391433216,38649909248
2025-05-14 07:19:45,47.014,4.677,0,0,389.40,30555.74,31739.85,16,6738503,7282814,10391433216,38649909248
2025-05-14 07:19:45,45.646,4.888,0,0,379.30,30555.74,31739.85,16,6738708,7283020,10391433216,38649966592
2025-05-14 07:19:45,46.124,4.881,0,159744,389.30,30555.74,31739.85,16,6738929,7283247,10391433216,38650208256
2025-05-14 07:19:46,46.703,4.873,0,139264,359.30,30555.74,31739.85,16,6739149,7283472,10391433216,38650396672
2025-05-14 07:19:46,47.857,4.772,0,188416,379.40,30555.74,31739.85,16,6739350,7283673,10391433216,38650396672
2025-05-14 07:19:46,47.732,4.927,0,0,169.70,30555.74,31739.85,16,6739554,7283877,10391433216,38650396672
2025-05-14 07:19:46,46.034,4.696,0,0,359.40,30555.74,31739.85,16,6739753,7284076,10391433216,38650396672
2025-05-14 07:19:46,47.557,4.942,0,0,159.70,30555.74,31739.85,16,6739946,7284269,10391433216,38650396672
2025-05-14 07:19:47,45.595,4.625,0,0,229.60,30555.74,31739.85,16,6740147,7284470,10391433216,38650396672
2025-05-14 07:19:47,46.339,4.694,0,503808,279.50,30555.74,31739.85,16,6740388,7284724,10391433216,38650912768
2025-05-14 07:19:47,46.633,5.069,0,176128,359.50,30555.74,31739.85,16,6740629,7284975,10391433216,38651555840
2025-05-14 07:19:47,47.525,5.297,0,913408,409.20,30555.74,31739.85,16,6740979,7285336,10391433216,38652735488
2025-05-14 07:19:47,49.437,5.282,0,1015808,369.40,30555.74,31739.85,16,6741246,7285615,10391433216,38653313024
2025-05-14 07:19:48,49.706,5.083,0,389120,349.30,30555.74,31739.85,16,6741455,7285830,10391433216,38653489152
2025-05-14 07:19:48,47.846,4.890,0,94208,279.50,30555.74,31739.85,16,6741671,7286047,10391433216,38653550592
2025-05-14 07:19:48,46.876,4.976,0,167936,369.30,30555.74,31739.85,16,6741886,7286265,10391433216,38653657088
2025-05-14 07:19:48,46.665,4.724,0,8192,419.30,30555.74,31739.85,16,6742081,7286462,10391433216,38653669376
2025-05-14 07:19:48,47.344,5.050,0,4096,359.50,30555.74,31739.85,16,6742258,7286641,10391433216,38653677568
2025-05-14 07:19:49,48.954,5.355,0,8192,389.30,30555.74,31739.85,16,6742490,7286889,10391433216,38653952000
2025-05-14 07:19:49,49.839,5.220,0,454656,339.40,30555.74,31739.85,16,6742754,7287175,10391433216,38654177280
2025-05-14 07:19:49,47.115,4.671,0,57344,359.40,30555.74,31739.85,16,6742966,7287390,10391433216,38654189568
2025-05-14 07:19:49,45.852,4.752,0,0,359.40,30555.74,31739.85,16,6743217,7287669,10391433216,38654787584
2025-05-14 07:19:49,47.201,4.982,0,598016,319.40,30555.74,31739.85,16,6743404,7287859,10391433216,38654816256
2025-05-14 07:19:50,47.540,5.242,0,45056,349.40,30555.74,31739.85,16,6743617,7288075,10391433216,38654832640
2025-05-14 07:19:50,47.183,5.192,0,0,339.40,30555.74,31739.85,16,6743814,7288272,10391433216,38654832640
2025-05-14 07:19:50,46.250,4.956,0,36864,349.40,30555.74,31739.85,16,6744027,7288489,10391433216,38654869504
2025-05-14 07:19:50,46.144,4.705,0,0,329.40,30555.74,31739.85,16,6744224,7288689,10391433216,38654898176
2025-05-14 07:19:50,46.327,4.791,0,32768,349.40,30555.74,31739.85,16,6744440,7288908,10391433216,38654939136
2025-05-14 07:19:51,47.011,4.981,0,36864,309.50,30555.74,31739.85,16,6744652,7289120,10391433216,38654939136
2025-05-14 07:19:51,45.536,5.257,0,131072,459.50,30555.74,31739.85,16,6744911,7289397,10391433216,38655262720
2025-05-14 07:19:51,47.802,5.699,0,225280,399.20,30555.74,31739.85,16,6745149,7289636,10391433216,38655352832
2025-05-14 07:19:51,46.473,5.260,0,94208,469.20,30555.74,31739.85,16,6745384,7289883,10391433216,38655459328
2025-05-14 07:19:51,47.350,5.350,0,118784,459.20,30555.74,31739.85,16,6745623,7290126,10391445504,38655578112
2025-05-14 07:19:52,46.184,5.167,12288,102400,429.20,30555.74,31739.85,16,6745855,7290369,10391445504,38655680512
2025-05-14 07:19:52,47.560,5.355,0,200704,459.10,30555.74,31739.85,16,6746096,7290622,10391445504,38655860736
2025-05-14 07:19:52,47.519,5.346,0,57344,389.40,30555.74,31739.85,16,6746309,7290838,10391445504,38655873024
2025-05-14 07:19:52,45.203,5.052,0,4096,449.20,30555.74,31739.85,16,6746542,7291072,10391445504,38655967232
2025-05-14 07:19:52,47.334,5.241,0,163840,389.40,30555.74,31739.85,16,6746794,7291334,10391445504,38656172032
2025-05-14 07:19:53,45.484,4.989,0,184320,419.20,30555.74,31739.85,16,6747021,7291568,10391445504,38656233472
2025-05-14 07:19:53,46.053,5.015,0,40960,379.30,30555.74,31739.85,16,6747228,7291777,10391445504,38656274432
2025-05-14 07:19:53,45.092,4.777,0,20480,369.40,30555.74,31739.85,16,6747439,7291989,10391445504,38656282624
2025-05-14 07:19:53,44.910,5.028,0,16384,349.40,30555.74,31739.85,16,6747660,7292215,10391445504,38656331776
2025-05-14 07:19:53,45.837,5.084,0,81920,319.40,30555.74,31739.85,16,6747886,7292446,10391445504,38656380928
2025-05-14 07:19:54,44.828,4.925,0,28672,419.30,30555.74,31739.85,16,6748109,7292675,10391445504,38656425984
2025-05-14 07:19:54,44.944,5.320,0,36864,339.40,30555.74,31739.85,16,6748326,7292895,10391445504,38656462848
2025-05-14 07:19:54,44.282,5.105,0,40960,309.50,30555.74,31739.85,16,6748550,7293126,10391445504,38656507904
2025-05-14 07:19:54,44.985,5.027,0,81920,389.20,30555.74,31739.85,16,6748780,7293366,10391445504,38656593920
2025-05-14 07:19:54,45.277,5.091,0,40960,449.20,30555.74,31739.85,16,6748995,7293585,10391445504,38656614400
2025-05-14 07:19:55,46.087,4.739,0,4096,409.30,30555.74,31739.85,16,6749195,7293785,10391445504,38656614400
2025-05-14 07:19:55,45.404,4.919,0,0,419.40,30555.74,31739.85,16,6749396,7293986,10391445504,38656614400
2025-05-14 07:19:55,45.770,4.617,0,0,429.30,30555.74,31739.85,16,6749609,7294200,10391445504,38656622592
2025-05-14 07:19:55,45.231,5.174,0,8192,419.20,30555.74,31739.85,16,6749811,7294402,10391445504,38656622592
2025-05-14 07:19:55,45.909,5.293,0,0,369.40,30555.74,31739.85,16,6750002,7294594,10391445504,38656630784
2025-05-14 07:19:56,44.409,5.361,0,24576,419.30,30555.74,31739.85,16,6750213,7294804,10391445504,38656647168
2025-05-14 07:19:56,45.604,5.160,0,8192,419.30,30555.74,31739.85,16,6750500,7295121,10391445504,38656774144
2025-05-14 07:19:56,45.648,5.244,0,139264,309.50,30555.74,31739.85,16,6750718,7295346,10391445504,38656819200
2025-05-14 07:19:56,45.081,5.012,0,36864,429.10,30555.74,31739.85,16,6750924,7295554,10391445504,38656831488
2025-05-14 07:19:56,46.461,5.174,0,4096,389.40,30555.74,31739.85,16,6751128,7295759,10391445504,38656835584
2025-05-14 07:19:57,44.867,4.958,0,0,419.30,30555.74,31739.85,16,6751334,7295965,10391445504,38656835584
2025-05-14 07:19:57,46.081,5.122,0,4096,419.60,30555.74,31739.85,16,6751655,7296324,10391445504,38656999424
2025-05-14 07:19:57,46.316,5.260,0,262144,419.30,30555.74,31739.85,16,6751888,7296569,10391445504,38657114112
2025-05-14 07:19:57,46.817,5.410,0,16384,369.30,30555.74,31739.85,16,6752113,7296797,10391445504,38657138688
2025-05-14 07:19:57,45.356,5.334,0,57344,419.30,30555.74,31739.85,16,6752353,7297044,10391445504,38657187840
2025-05-14 07:19:58,46.530,5.039,0,20480,399.30,30555.74,31739.85,16,6752561,7297254,10391445504,38657200128
2025-05-14 07:19:58,44.488,5.373,0,4096,459.10,30555.74,31739.85,16,6752767,7297460,10391445504,38657200128
2025-05-14 07:19:58,45.935,4.916,0,0,379.40,30555.74,31739.85,16,6752974,7297669,10391445504,38657241088
2025-05-14 07:19:58,44.820,5.306,0,45056,309.50,30555.74,31739.85,16,6753176,7297872,10391445504,38657245184
2025-05-14 07:19:59,45.077,5.067,0,0,379.40,30555.74,31739.85,16,6753382,7298078,10391445504,38657245184
2025-05-14 07:19:59,44.899,4.988,0,8192,349.40,30555.74,31739.85,16,6753589,7298286,10391445504,38657253376
2025-05-14 07:19:59,46.016,5.335,20480,49152,369.40,30555.74,31739.85,16,6753827,7298532,10391465984,38657351680
2025-05-14 07:19:59,46.275,5.038,0,131072,439.30,30555.74,31739.85,16,6754088,7298807,10391486464,38657593344
2025-05-14 07:19:59,47.086,5.237,20480,618496,379.40,30555.74,31739.85,16,6754357,7299101,10391486464,38658416640
2025-05-14 07:20:00,46.875,5.091,0,446464,369.40,30555.74,31739.85,16,6754599,7299355,10391494656,38658600960
2025-05-14 07:20:00,46.729,5.088,8192,1875968,549.00,30555.74,31739.85,16,6754972,7299794,10391494656,38661234688
2025-05-14 07:20:00,48.233,5.677,0,1449984,489.20,30555.74,31739.85,16,6755307,7300172,10391494656,38662483968
2025-05-14 07:20:00,47.063,5.032,0,806912,419.30,30555.74,31739.85,16,6755540,7300417,10391494656,38662664192
2025-05-14 07:20:00,46.097,4.946,0,167936,349.40,30555.74,31739.85,16,6755762,7300644,10391494656,38662914048
2025-05-14 07:20:01,45.538,4.898,0,126976,399.40,30555.74,31739.85,16,6755968,7300852,10391494656,38662926336
2025-05-14 07:20:01,45.926,4.724,0,0,399.30,30555.74,31739.85,16,6756172,7301057,10391494656,38662963200
2025-05-14 07:20:01,46.541,5.198,0,102400,309.50,30555.74,31739.85,16,6756396,7301291,10391494656,38663090176
2025-05-14 07:20:01,43.980,5.197,0,61440,379.40,30555.74,31739.85,16,6756603,7301501,10391494656,38663168000
2025-05-14 07:20:01,45.587,5.303,0,77824,419.30,30555.86,31739.85,16,6756850,7301761,10391494656,38663610368
2025-05-14 07:20:02,47.143,5.251,0,643072,329.40,30555.86,31739.85,16,6757097,7302026,10391494656,38664118272
2025-05-14 07:20:02,44.740,4.826,0,307200,379.30,30555.86,31739.85,16,6757308,7302239,10391494656,38664237056
2025-05-14 07:20:02,45.184,4.960,0,163840,399.30,30555.86,31739.85,16,6757515,7302448,10391494656,38664282112
2025-05-14 07:20:02,45.456,4.664,0,0,419.30,30555.86,31739.85,16,6757716,7302649,10391494656,38664282112
2025-05-14 07:20:02,45.902,4.795,0,0,389.30,30555.86,31739.85,16,6757910,7302843,10391494656,38664282112
2025-05-14 07:20:03,45.924,4.918,0,180224,319.50,30555.86,31739.85,16,6758123,7303062,10391494656,38664613888
2025-05-14 07:20:03,44.283,5.060,0,217088,379.30,30555.86,31739.85,16,6758340,7303283,10391494656,38664773632
2025-05-14 07:20:03,45.393,5.284,0,200704,429.30,30555.86,31739.85,16,6758635,7303609,10391494656,38665170944
2025-05-14 07:20:03,46.078,5.175,0,421888,409.30,30555.86,31739.85,16,6758853,7303831,10391494656,38665306112
2025-05-14 07:20:03,46.023,5.086,0,159744,409.30,30555.86,31739.85,16,6759111,7304108,10391494656,38665670656
2025-05-14 07:20:04,47.585,5.143,0,516096,429.30,30555.86,31739.85,16,6759373,7304389,10391494656,38666096640
2025-05-14 07:20:04,46.335,4.989,0,200704,379.40,30555.86,31739.85,16,6759595,7304618,10391494656,38666219520
2025-05-14 07:20:04,46.121,5.169,0,139264,319.50,30555.86,31739.85,16,6759832,7304864,10391494656,38666338304
2025-05-14 07:20:04,45.602,4.861,0,45056,329.50,30555.99,31739.85,16,6760212,7305324,10391498752,38667276288
2025-05-14 07:20:04,45.886,4.940,4096,1261568,369.30,30555.99,31739.85,16,6760531,7305685,10391498752,38668029952
2025-05-14 07:20:05,47.763,5.032,0,786432,429.20,30555.99,31739.85,16,6760819,7306003,10391498752,38669000704
2025-05-14 07:20:05,47.705,4.990,0,823296,409.30,30555.99,31739.85,16,6761065,7306270,10391498752,38669471744
2025-05-14 07:20:05,47.129,4.947,0,483328,399.40,30555.99,31739.85,16,6761353,7306588,10391498752,38669873152
2025-05-14 07:20:05,47.372,4.846,0,368640,399.30,30555.99,31739.85,16,6761602,7306857,10391498752,38670196736
2025-05-14 07:20:05,46.672,4.861,0,262144,399.30,30555.99,31739.85,16,6761813,7307072,10391498752,38670389248
2025-05-14 07:20:06,48.094,5.119,0,94208,319.50,30555.99,31739.85,16,6762032,7307294,10391498752,38670442496
2025-05-14 07:20:06,45.251,4.743,0,0,399.20,30555.99,31739.85,16,6762229,7307491,10391498752,38670442496
2025-05-14 07:20:06,46.017,5.077,0,8192,299.50,30555.99,31739.85,16,6762434,7307697,10391498752,38670450688
2025-05-14 07:20:06,44.742,4.857,0,0,359.40,30555.99,31739.85,16,6762644,7307914,10391498752,38670630912
2025-05-14 07:20:06,47.897,4.847,0,249856,319.50,30555.99,31739.85,16,6762856,7308130,10391498752,38670712832
2025-05-14 07:20:07,48.020,4.921,0,28672,369.40,30555.99,31739.85,16,6763086,7308369,10391498752,38670782464
2025-05-14 07:20:07,46.572,4.899,0,73728,379.40,30555.99,31739.85,16,6763321,7308615,10391498752,38670938112
2025-05-14 07:20:07,46.764,4.941,0,139264,379.40,30555.99,31739.85,16,6763524,7308820,10391498752,38670974976
2025-05-14 07:20:07,47.572,4.866,0,237568,389.30,30555.99,31739.85,16,6763792,7309108,10391498752,38671220736
2025-05-14 07:20:07,47.175,4.926,0,135168,359.40,30555.99,31739.85,16,6764030,7309355,10391498752,38671417344
2025-05-14 07:20:08,47.340,4.908,0,143360,389.40,30555.99,31739.85,16,6764234,7309561,10391498752,38671458304
2025-05-14 07:20:08,47.442,5.129,0,159744,459.20,30555.99,31739.85,16,6764457,7309791,10391498752,38671659008
2025-05-14 07:20:08,47.627,5.174,0,102400,469.20,30555.99,31739.85,16,6764669,7310007,10391498752,38671802368
2025-05-14 07:20:08,48.613,5.003,0,303104,449.20,30555.99,31739.85,16,6764888,7310234,10391498752,38672117760
2025-05-14 07:20:08,47.248,5.261,0,360448,379.40,30555.99,31739.85,16,6765107,7310459,10391498752,38672384000
2025-05-14 07:20:09,47.003,4.627,0,8192,219.70,30555.99,31739.85,16,6765314,7310668,10391498752,38672392192
2025-05-14 07:20:09,45.975,4.388,0,0,239.60,30555.99,31739.85,16,6765515,7310869,10391498752,38672392192
2025-05-14 07:20:09,45.841,4.442,0,0,229.60,30555.99,31739.85,16,6765716,7311070,10391498752,38672392192
2025-05-14 07:20:09,44.443,4.368,0,0,159.70,30555.99,31739.85,16,6765916,7311270,10391498752,38672392192
2025-05-14 07:20:09,43.755,4.323,0,0,159.70,30555.99,31739.85,16,6766117,7311471,10391498752,38672392192
2025-05-14 07:20:10,44.919,4.288,0,4096,159.70,30555.99,31739.85,16,6766321,7311676,10391498752,38672396288
2025-05-14 07:20:10,43.651,4.191,0,0,159.70,30555.99,31739.85,16,6766522,7311877,10391498752,38672396288
2025-05-14 07:20:10,44.310,4.281,0,0,199.70,30555.99,31739.85,16,6766723,7312078,10391498752,38672396288
2025-05-14 07:20:10,44.791,4.298,0,114688,99.80,30555.99,31739.85,16,6766947,7312312,10391498752,38672510976
2025-05-14 07:20:10,41.972,4.249,0,0,49.90,30555.99,31739.85,16,6767152,7312517,10391498752,38672510976
2025-05-14 07:20:11,42.218,4.203,0,0,49.90,30555.99,31739.85,16,6767354,7312719,10391498752,38672510976
2025-05-14 07:20:11,41.864,4.073,0,0,109.80,30555.99,31739.85,16,6767555,7312920,10391498752,38672510976
2025-05-14 07:20:11,44.747,4.586,0,122880,109.80,30555.99,31739.85,16,6767782,7313156,10391498752,38672650240
2025-05-14 07:20:11,43.743,4.434,0,16384,39.90,30555.99,31739.85,16,6767984,7313358,10391498752,38672650240
2025-05-14 07:20:11,43.831,4.386,0,0,129.80,30555.99,31739.85,16,6768182,7313556,10391498752,38672650240
2025-05-14 07:20:12,47.040,4.564,0,0,59.90,30555.99,31739.85,16,6768380,7313754,10391498752,38672650240
2025-05-14 07:20:12,42.041,4.023,0,0,39.90,30555.99,31739.85,16,6768581,7313955,10391498752,38672650240
2025-05-14 07:20:12,42.438,4.059,0,0,49.90,30555.99,31739.85,16,6768783,7314157,10391498752,38672650240
2025-05-14 07:20:12,41.315,4.053,0,0,39.90,30555.99,31739.85,16,6768983,7314357,10391498752,38672650240
2025-05-14 07:20:12,42.290,4.154,0,0,289.70,30555.99,31739.85,16,6769195,7314569,10391498752,38672650240
2025-05-14 07:20:13,48.626,4.767,0,0,109.80,30555.99,31739.85,16,6769405,7314780,10391498752,38672695296
2025-05-14 07:20:13,42.896,4.267,0,61440,79.90,30555.99,31739.85,16,6769615,7314993,10391498752,38672719872
2025-05-14 07:20:13,43.904,4.466,0,61440,479.20,30555.99,31739.85,16,6769892,7315299,10391498752,38673182720
2025-05-14 07:20:13,48.600,5.156,0,573440,339.40,30555.99,31739.85,16,6770138,7315562,10391498752,38673350656
2025-05-14 07:20:13,46.681,4.939,0,4096,339.30,30555.99,31739.85,16,6770332,7315756,10391498752,38673350656
2025-05-14 07:20:14,48.412,5.084,0,0,379.40,30555.99,31739.85,16,6770533,7315957,10391498752,38673350656
2025-05-14 07:20:14,45.561,4.456,0,0,159.80,30555.99,31739.85,16,6770734,7316158,10391498752,38673350656
2025-05-14 07:20:14,43.011,4.267,0,0,79.90,30555.99,31739.85,16,6770933,7316357,10391498752,38673350656
2025-05-14 07:20:14,44.726,4.595,0,0,319.50,30555.99,31739.85,16,6771143,7316571,10391498752,38673375232
2025-05-14 07:20:14,47.814,5.130,0,36864,159.70,30555.99,31739.85,16,6771338,7316768,10391498752,38673387520
2025-05-14 07:20:15,43.174,4.399,0,12288,39.90,30555.99,31739.85,16,6771547,7316980,10391498752,38673399808
2025-05-14 07:20:15,40.297,3.825,0,0,69.90,30555.99,31739.85,16,6771748,7317181,10391498752,38673399808
2025-05-14 07:20:15,40.617,3.834,0,0,59.90,30555.99,31739.85,16,6771949,7317382,10391498752,38673399808
2025-05-14 07:20:15,40.273,3.879,0,0,49.90,30555.99,31739.85,16,6772150,7317583,10391498752,38673399808
2025-05-14 07:20:15,39.858,3.865,0,0,59.90,30555.99,31739.85,16,6772351,7317784,10391498752,38673399808
2025-05-14 07:20:16,42.136,4.112,0,0,369.30,30555.99,31739.85,16,6772551,7317984,10391498752,38673399808
2025-05-14 07:20:16,43.931,4.290,0,0,39.90,30555.99,31739.85,16,6772752,7318185,10391498752,38673399808
2025-05-14 07:20:16,41.110,3.853,0,0,39.90,30555.99,31739.85,16,6772953,7318386,10391498752,38673399808
2025-05-14 07:20:16,44.289,4.057,0,0,59.90,30555.99,31739.85,16,6773153,7318586,10391498752,38673399808
2025-05-14 07:20:16,43.946,4.147,0,0,99.80,30555.99,31739.85,16,6773360,7318795,10391498752,38673416192
2025-05-14 07:20:17,47.325,4.678,0,20480,109.80,30555.99,31739.85,16,6773564,7319000,10391498752,38673420288
2025-05-14 07:20:17,45.539,4.676,0,0,59.90,30555.99,31739.85,16,6773765,7319201,10391498752,38673420288
2025-05-14 07:20:17,41.061,4.237,0,0,49.90,30555.99,31739.85,16,6773967,7319403,10391498752,38673420288
2025-05-14 07:20:17,40.952,4.141,0,0,49.90,30555.99,31739.85,16,6774168,7319604,10391498752,38673420288
2025-05-14 07:20:17,40.716,4.059,0,0,59.90,30555.99,31739.85,16,6774369,7319805,10391498752,38673420288
2025-05-14 07:20:18,43.813,4.420,0,0,179.70,30555.99,31739.85,16,6774570,7320006,10391498752,38673420288
2025-05-14 07:20:18,42.932,4.456,0,0,79.80,30555.99,31739.85,16,6774768,7320204,10391498752,38673420288
2025-05-14 07:20:18,46.795,4.783,0,0,249.50,30555.99,31739.85,16,6774969,7320405,10391498752,38673420288
2025-05-14 07:20:18,45.622,4.900,0,0,299.40,30555.99,31739.85,16,6775178,7320615,10391498752,38673457152
2025-05-14 07:20:18,46.326,4.934,0,36864,209.60,30555.99,31739.85,16,6775379,7320816,10391498752,38673457152
2025-05-14 07:20:19,47.325,4.838,0,0,169.70,30555.99,31739.85,16,6775586,7321024,10391498752,38673461248
2025-05-14 07:20:19,43.957,4.367,0,4096,159.70,30555.99,31739.85,16,6775787,7321225,10391498752,38673461248
2025-05-14 07:20:19,43.868,4.308,0,0,169.70,30555.99,31739.85,16,6775989,7321427,10391498752,38673461248
2025-05-14 07:20:19,43.739,4.137,0,0,169.90,30555.99,31739.85,16,6776190,7321628,10391498752,38673461248
2025-05-14 07:20:19,43.763,4.300,0,0,149.80,30555.99,31739.85,16,6776391,7321829,10391498752,38673461248
2025-05-14 07:20:20,45.178,4.276,0,0,149.70,30555.93,31739.85,16,6776596,7322034,10391498752,38673461248
2025-05-14 07:20:20,43.600,4.238,0,4096,159.70,30555.93,31739.85,16,6776799,7322238,10391498752,38673465344
2025-05-14 07:20:20,43.747,4.264,0,0,169.70,30555.93,31739.85,16,6777000,7322439,10391498752,38673465344
2025-05-14 07:20:20,43.597,4.154,0,0,149.80,30555.93,31739.85,16,6777200,7322639,10391498752,38673465344
2025-05-14 07:20:20,44.161,4.481,0,0,159.70,30555.93,31739.85,16,6777398,7322837,10391498752,38673465344
2025-05-14 07:20:21,43.366,4.353,0,0,159.70,30555.93,31739.85,16,6777599,7323038,10391498752,38673465344
2025-05-14 07:20:21,43.071,4.182,0,0,169.70,30555.93,31739.85,16,6777800,7323239,10391498752,38673465344
2025-05-14 07:20:21,43.465,4.343,0,0,39.90,30555.93,31739.85,16,6778009,7323451,10391498752,38673477632
2025-05-14 07:20:21,41.276,4.094,0,12288,39.90,30555.93,31739.85,16,6778210,7323652,10391498752,38673477632
2025-05-14 07:20:21,42.142,4.205,0,0,39.90,30555.93,31739.85,16,6778412,7323854,10391498752,38673477632
2025-05-14 07:20:22,41.947,4.199,0,0,199.70,30555.93,31739.85,16,6778613,7324055,10391498752,38673477632
2025-05-14 07:20:22,45.692,4.684,0,0,139.70,30555.93,31739.85,16,6778814,7324256,10391498752,38673477632
2025-05-14 07:20:22,42.518,4.311,0,0,149.70,30555.93,31739.85,16,6779015,7324457,10391498752,38673477632
2025-05-14 07:20:22,43.628,4.407,0,0,49.90,30555.93,31739.85,16,6779215,7324657,10391498752,38673477632
2025-05-14 07:20:22,43.071,4.176,0,0,169.70,30555.93,31739.85,16,6779415,7324857,10391498752,38673477632
2025-05-14 07:20:23,46.084,4.489,0,0,149.70,30555.93,31739.85,16,6779616,7325058,10391498752,38673477632
2025-05-14 07:20:23,42.963,4.279,0,0,69.90,30555.93,31739.85,16,6779817,7325259,10391498752,38673477632
2025-05-14 07:20:23,41.778,4.181,0,0,49.90,30555.93,31739.85,16,6780018,7325460,10391498752,38673477632
2025-05-14 07:20:23,41.157,3.973,0,0,159.70,30555.93,31739.85,16,6780220,7325662,10391498752,38673477632
2025-05-14 07:20:23,43.767,4.239,0,0,59.90,30555.93,31739.85,16,6780421,7325863,10391498752,38673477632
2025-05-14 07:20:24,41.062,4.018,0,0,49.90,30555.93,31739.85,16,6780622,7326064,10391498752,38673477632
2025-05-14 07:20:24,41.471,4.059,0,0,39.90,30555.93,31739.85,16,6780823,7326265,10391498752,38673477632
2025-05-14 07:20:24,42.091,4.089,0,0,49.90,30555.93,31739.85,16,6781025,7326467,10391498752,38673477632
2025-05-14 07:20:24,42.490,4.111,0,32768,49.90,30555.93,31739.85,16,6781234,7326679,10391498752,38673518592
2025-05-14 07:20:24,41.796,4.038,0,8192,59.90,30555.93,31739.85,16,6781441,7326888,10391498752,38673526784
2025-05-14 07:20:25,40.238,3.932,0,8192,49.90,30555.93,31739.85,16,6781642,7327089,10391498752,38673526784
2025-05-14 07:20:25,40.941,3.987,0,0,59.90,30555.93,31739.85,16,6781852,7327302,10391498752,38673539072
2025-05-14 07:20:25,41.331,3.896,0,12288,39.90,30555.93,31739.85,16,6782053,7327503,10391498752,38673539072
2025-05-14 07:20:25,40.695,3.912,0,0,39.90,30555.93,31739.85,16,6782254,7327704,10391498752,38673539072
2025-05-14 07:20:25,41.685,4.045,0,0,139.80,30555.93,31739.85,16,6782452,7327902,10391498752,38673539072
2025-05-14 07:20:26,45.114,4.568,0,0,179.70,30555.93,31739.85,16,6782654,7328104,10391498752,38673539072
2025-05-14 07:20:26,44.530,4.518,0,0,149.70,30555.93,31739.85,16,6782855,7328305,10391498752,38673539072
2025-05-14 07:20:26,42.713,4.246,0,0,169.70,30555.93,31739.85,16,6783052,7328502,10391498752,38673539072
2025-05-14 07:20:26,47.216,4.800,0,0,339.30,30555.93,31739.85,16,6783246,7328696,10391498752,38673539072
2025-05-14 07:20:26,47.878,4.902,0,0,59.90,30555.93,31739.85,16,6783448,7328898,10391498752,38673539072
2025-05-14 07:20:27,45.796,4.317,0,0,49.90,30555.93,31739.85,16,6783649,7329099,10391498752,38673539072
2025-05-14 07:20:27,42.943,4.444,0,0,69.90,30555.93,31739.85,16,6783848,7329298,10391498752,38673539072
2025-05-14 07:20:27,45.937,4.484,8192,180224,49.90,30555.93,31739.85,16,6784052,7329505,10391506944,38673719296
2025-05-14 07:20:27,42.133,4.179,0,0,89.80,30555.93,31739.85,16,6784253,7329706,10391506944,38673719296
2025-05-14 07:20:27,43.901,4.279,0,0,39.90,30555.93,31739.85,16,6784454,7329907,10391506944,38673719296
2025-05-14 07:20:28,41.100,4.343,0,0,119.80,30555.93,31739.85,16,6784890,7330433,10391506944,38675537920
2025-05-14 07:20:28,43.432,4.364,0,2342912,59.90,30555.93,31739.85,16,6785096,7330644,10391506944,38676062208
2025-05-14 07:20:28,43.770,4.398,0,0,219.60,30555.93,31739.85,16,6785286,7330834,10391506944,38676062208
2025-05-14 07:20:28,47.485,4.944,0,0,239.60,30555.93,31739.85,16,6785486,7331034,10391506944,38676062208
2025-05-14 07:20:28,48.085,5.134,0,0,239.60,30555.93,31739.85,16,6785686,7331234,10391506944,38676062208
2025-05-14 07:20:29,45.829,5.080,0,0,169.70,30555.93,31739.85,16,6785888,7331436,10391506944,38676062208
2025-05-14 07:20:29,44.224,4.439,0,0,149.80,30555.93,31739.85,16,6786089,7331637,10391506944,38676062208
2025-05-14 07:20:29,44.329,4.226,0,0,149.70,30555.93,31739.85,16,6786290,7331838,10391506944,38676062208
2025-05-14 07:20:29,43.775,4.163,0,0,169.70,30555.93,31739.85,16,6786491,7332039,10391506944,38676062208
2025-05-14 07:20:29,44.987,4.374,0,0,159.70,30555.93,31739.85,16,6786694,7332244,10391506944,38676074496
2025-05-14 07:20:30,43.860,4.129,0,12288,169.70,30555.93,31739.85,16,6786896,7332446,10391506944,38676074496
2025-05-14 07:20:30,43.998,4.249,0,0,159.70,30555.93,31739.85,16,6787100,7332650,10391506944,38676074496
2025-05-14 07:20:30,45.290,4.308,0,8192,159.70,30555.93,31739.85,16,6787308,7332860,10391506944,38676082688
2025-05-14 07:20:30,43.752,4.207,0,0,149.70,30555.93,31739.85,16,6787508,7333060,10391506944,38676082688
2025-05-14 07:20:30,46.701,4.354,0,0,159.70,30555.93,31739.85,16,6787709,7333261,10391506944,38676082688
2025-05-14 07:20:31,44.383,4.221,0,0,149.70,30555.93,31739.85,16,6787910,7333462,10391506944,38676082688
2025-05-14 07:20:31,43.660,4.288,0,0,189.70,30555.93,31739.85,16,6788112,7333664,10391506944,38676082688
2025-05-14 07:20:31,44.065,4.199,0,0,99.80,30555.93,31739.85,16,6788313,7333865,10391506944,38676082688
2025-05-14 07:20:31,40.902,4.141,0,0,49.90,30555.93,31739.85,16,6788514,7334066,10391506944,38676082688
2025-05-14 07:20:32,43.699,4.338,0,0,59.90,30555.93,31739.85,16,6788706,7334258,10391506944,38676082688
2025-05-14 07:20:32,43.858,4.417,0,0,199.70,30555.93,31739.85,16,6788908,7334460,10391506944,38676082688
2025-05-14 07:20:32,45.227,4.587,0,0,89.90,30555.93,31739.85,16,6789109,7334661,10391506944,38676082688
2025-05-14 07:20:32,43.571,4.428,0,0,49.90,30555.93,31739.85,16,6789314,7334866,10391506944,38676082688
2025-05-14 07:20:32,42.017,4.199,0,0,149.70,30555.93,31739.85,16,6789519,7335071,10391506944,38676082688
2025-05-14 07:20:33,45.315,4.361,0,0,59.90,30555.93,31739.85,16,6789720,7335274,10391506944,38676094976
2025-05-14 07:20:33,41.331,3.979,0,12288,59.90,30555.93,31739.85,16,6789922,7335476,10391506944,38676094976
2025-05-14 07:20:33,42.327,4.073,0,0,49.90,30555.93,31739.85,16,6790123,7335677,10391506944,38676094976
2025-05-14 07:20:33,41.114,3.856,0,0,49.90,30555.93,31739.85,16,6790324,7335878,10391506944,38676094976
2025-05-14 07:20:33,41.007,3.912,0,0,49.90,30555.93,31739.85,16,6790525,7336079,10391506944,38676094976
2025-05-14 07:20:34,43.112,3.990,0,0,79.90,30555.93,31739.85,16,6790726,7336280,10391506944,38676094976
2025-05-14 07:20:34,41.609,4.020,0,0,49.90,30555.93,31739.85,16,6790927,7336481,10391506944,38676094976
2025-05-14 07:20:34,41.530,4.044,0,0,69.90,30555.93,31739.85,16,6791129,7336683,10391506944,38676094976
2025-05-14 07:20:34,42.527,4.014,0,0,69.90,30555.93,31739.85,16,6791329,7336883,10391506944,38676094976
2025-05-14 07:20:34,40.271,3.904,0,0,69.90,30555.93,31739.85,16,6791530,7337084,10391506944,38676094976
2025-05-14 07:20:35,41.349,4.006,0,0,49.90,30555.93,31739.85,16,6791731,7337285,10391506944,38676094976
2025-05-14 07:20:35,40.801,3.944,0,0,39.90,30555.93,31739.85,16,6791932,7337486,10391506944,38676094976
2025-05-14 07:20:35,40.416,3.842,0,0,39.90,30555.93,31739.85,16,6792134,7337688,10391506944,38676094976
2025-05-14 07:20:35,40.939,3.849,0,0,49.90,30555.93,31739.85,16,6792336,7337891,10391506944,38676107264
2025-05-14 07:20:35,44.735,4.338,0,20480,329.40,30555.93,31739.85,16,6792573,7338153,10391506944,38677938176
2025-05-14 07:20:36,45.762,4.553,0,1835008,169.70,30555.93,31739.85,16,6792778,7338359,10391506944,38677950464
2025-05-14 07:20:36,43.800,4.512,0,0,169.70,30555.93,31739.85,16,6792980,7338561,10391506944,38677950464
2025-05-14 07:20:36,43.176,4.349,0,0,199.70,30555.93,31739.85,16,6793181,7338762,10391506944,38677950464
2025-05-14 07:20:36,45.433,4.719,0,0,359.30,30555.93,31739.85,16,6793377,7338958,10391506944,38677950464
2025-05-14 07:20:36,46.674,4.798,0,0,59.90,30555.93,31739.85,16,6793578,7339159,10391506944,38677950464
2025-05-14 07:20:37,45.300,4.354,0,0,59.90,30555.93,31739.85,16,6793782,7339363,10391506944,38677950464
2025-05-14 07:20:37,44.199,4.119,0,0,129.80,30555.93,31739.85,16,6793992,7339570,10391797760,38677950464
2025-05-14 07:20:37,43.301,4.529,290816,0,149.70,30555.93,31739.85,16,6794193,7339771,10391797760,38677950464
2025-05-14 07:20:37,42.354,4.417,0,0,149.70,30555.93,31739.85,16,6794412,7339990,10391834624,38677970944
2025-05-14 07:20:37,44.940,4.590,118784,20480,89.80,30555.93,31739.85,16,6794655,7340225,10391965696,38677987328
2025-05-14 07:20:38,46.264,4.378,49152,16384,59.90,30555.93,31739.85,16,6794852,7340422,10391965696,38677987328
2025-05-14 07:20:38,43.594,4.068,0,0,99.80,30555.93,31739.85,16,6795053,7340623,10391965696,38677987328
2025-05-14 07:20:38,40.826,3.895,0,0,89.90,30555.93,31739.85,16,6795263,7340830,10391990272,38677987328
2025-05-14 07:20:38,42.771,4.400,385024,86016,129.80,30555.93,31739.85,16,6795667,7341187,10393927680,38678073344
2025-05-14 07:20:38,42.457,4.554,1576960,0,89.80,30555.93,31739.85,16,6795879,7341405,10393927680,38678102016
2025-05-14 07:20:39,44.735,4.150,0,28672,49.90,30555.93,31739.85,16,6796080,7341606,10393927680,38678102016
2025-05-14 07:20:39,40.970,3.977,0,0,39.90,30555.93,31739.85,16,6796281,7341807,10393927680,38678102016
2025-05-14 07:20:39,40.231,4.022,0,0,39.90,30555.93,31739.85,16,6796483,7342009,10393927680,38678102016
2025-05-14 07:20:39,42.148,4.057,0,0,49.90,30555.93,31739.85,16,6796684,7342210,10393927680,38678102016
2025-05-14 07:20:39,39.934,3.889,0,0,39.90,30555.93,31739.85,16,6796881,7342407,10393927680,38678102016
2025-05-14 07:20:40,43.976,4.053,0,0,59.90,30555.93,31739.85,16,6797081,7342607,10393927680,38678102016
2025-05-14 07:20:40,41.991,4.031,0,0,139.80,30555.93,31739.85,16,6797291,7342818,10393927680,38678118400
2025-05-14 07:20:40,45.985,4.469,0,159744,49.90,30555.93,31739.85,16,6797525,7343063,10393927680,38678261760
2025-05-14 07:20:40,40.631,3.983,0,0,39.90,30555.93,31739.85,16,6797725,7343263,10393927680,38678261760
2025-05-14 07:20:40,40.922,3.896,0,0,49.90,30555.93,31739.85,16,6797937,7343477,10393927680,38678269952
2025-05-14 07:20:41,42.961,4.005,0,28672,59.90,30555.93,31739.85,16,6798144,7343686,10393927680,38678290432
2025-05-14 07:20:41,42.385,4.006,0,0,69.90,30555.93,31739.85,16,6798345,7343887,10393927680,38678290432
2025-05-14 07:20:41,41.882,3.971,0,0,109.80,30555.93,31739.85,16,6798556,7344101,10393927680,38678319104
2025-05-14 07:20:41,41.518,4.090,0,28672,89.80,30555.93,31739.85,16,6798757,7344302,10393927680,38678319104
2025-05-14 07:20:41,40.784,3.948,0,0,49.90,30555.93,31739.85,16,6798958,7344503,10393927680,38678319104
2025-05-14 07:20:42,42.538,4.135,0,0,59.90,30555.93,31739.85,16,6799159,7344704,10393927680,38678319104
2025-05-14 07:20:42,41.307,4.039,0,0,59.90,30555.93,31739.85,16,6799360,7344905,10393927680,38678319104
2025-05-14 07:20:42,41.666,3.952,0,0,49.90,30555.93,31739.85,16,6799561,7345106,10393927680,38678319104
2025-05-14 07:20:42,41.665,3.993,0,0,59.90,30555.93,31739.85,16,6799762,7345307,10393927680,38678319104
2025-05-14 07:20:42,41.705,3.842,0,0,49.90,30555.93,31739.85,16,6799963,7345508,10393927680,38678319104
2025-05-14 07:20:43,42.664,3.990,0,0,109.80,30555.93,31739.85,16,6800164,7345709,10393927680,38678319104
2025-05-14 07:20:43,41.959,4.136,0,0,49.90,30555.93,31739.85,16,6800365,7345910,10393927680,38678319104
2025-05-14 07:20:43,40.587,3.902,0,0,39.90,30555.93,31739.85,16,6800566,7346111,10393927680,38678319104
2025-05-14 07:20:43,41.056,3.868,0,0,39.90,30555.93,31739.85,16,6800768,7346313,10393927680,38678319104
2025-05-14 07:20:43,41.741,4.002,0,0,59.90,30555.93,31739.85,16,6800969,7346514,10393927680,38678319104
2025-05-14 07:20:44,44.319,4.130,0,0,59.90,30555.93,31739.85,16,6801170,7346715,10393927680,38678319104
2025-05-14 07:20:44,40.379,3.997,0,0,69.90,30555.93,31739.85,16,6801367,7346912,10393927680,38678319104
2025-05-14 07:20:44,43.067,4.149,0,0,49.90,30555.93,31739.85,16,6801568,7347113,10393927680,38678319104
2025-05-14 07:20:44,40.475,3.873,0,0,49.90,30555.93,31739.85,16,6801769,7347314,10393927680,38678319104
2025-05-14 07:20:44,40.874,3.934,0,0,79.90,30555.93,31739.85,16,6801970,7347515,10393927680,38678319104
2025-05-14 07:20:45,43.909,4.117,0,8192,59.90,30555.93,31739.85,16,6802177,7347724,10393927680,38678327296
2025-05-14 07:20:45,42.801,4.054,0,0,49.90,30555.93,31739.85,16,6802378,7347925,10393927680,38678327296
2025-05-14 07:20:45,41.917,4.012,0,0,49.90,30555.93,31739.85,16,6802580,7348127,10393927680,38678327296
2025-05-14 07:20:45,41.186,3.963,0,0,139.80,30555.93,31739.85,16,6802778,7348325,10393927680,38678327296
2025-05-14 07:20:45,42.376,4.263,0,0,49.90,30555.93,31739.85,16,6802979,7348526,10393927680,38678327296
2025-05-14 07:20:46,43.827,4.239,0,0,59.90,30555.93,31739.85,16,6803180,7348727,10393927680,38678327296
2025-05-14 07:20:46,40.800,4.081,0,0,59.90,30555.93,31739.85,16,6803381,7348928,10393927680,38678327296
2025-05-14 07:20:46,41.265,4.079,0,0,59.90,30555.93,31739.85,16,6803583,7349130,10393927680,38678327296
2025-05-14 07:20:46,41.843,4.082,0,0,269.50,30555.93,31739.85,16,6803830,7349392,10393927680,38678470656
2025-05-14 07:20:46,42.203,4.543,0,143360,209.60,30555.93,31739.85,16,6804057,7349623,10393944064,38678507520
2025-05-14 07:20:47,45.735,4.571,16384,49152,79.80,30555.93,31739.85,16,6804289,7349855,10393944064,38678540288
2025-05-14 07:20:47,40.138,4.150,0,20480,59.90,30555.93,31739.85,16,6804490,7350056,10393944064,38678540288
2025-05-14 07:20:47,38.266,3.909,0,0,59.90,30555.93,31739.85,16,6804691,7350257,10393944064,38678540288
2025-05-14 07:20:47,39.773,4.110,0,0,59.90,30555.93,31739.85,16,6804892,7350458,10393944064,38678540288
2025-05-14 07:20:47,37.998,4.018,0,0,69.90,30555.93,31739.85,16,6805094,7350660,10393944064,38678540288
2025-05-14 07:20:48,41.125,4.200,12288,0,149.70,30555.93,31739.85,16,6805349,7350898,10394001408,38678540288
2025-05-14 07:20:48,44.173,4.592,61440,40960,159.70,30555.93,31739.85,16,6805606,7351161,10394021888,38678659072
2025-05-14 07:20:48,43.254,4.598,8192,167936,229.60,30555.93,31739.85,16,6805864,7351423,10394132480,38678765568
2025-05-14 07:20:48,45.641,4.990,139264,28672,389.50,30555.93,31739.85,16,6806112,7351674,10394173440,38678962176
2025-05-14 07:20:48,47.876,5.241,12288,434176,419.20,30555.93,31739.85,16,6806459,7352058,10394206208,38679506944
2025-05-14 07:20:49,49.336,5.235,28672,385024,479.20,30555.93,31739.85,16,6806732,7352360,10394206208,38679801856
2025-05-14 07:20:49,48.698,4.986,0,360448,499.20,30555.93,31739.85,16,6807045,7352713,10394206208,38680158208
2025-05-14 07:20:49,47.695,4.885,0,327680,438.90,30555.93,31739.85,16,6807352,7353045,10394206208,38680485888
2025-05-14 07:20:49,47.231,4.778,0,233472,359.50,30555.93,31739.85,16,6807573,7353276,10394206208,38680530944
2025-05-14 07:20:49,46.357,4.491,0,12288,379.40,30555.93,31739.85,16,6807775,7353479,10394206208,38680535040
2025-05-14 07:20:50,47.082,4.726,0,102400,329.40,30555.93,31739.85,16,6808011,7353727,10394206208,38680666112
2025-05-14 07:20:50,46.051,4.803,0,40960,349.50,30555.93,31739.85,16,6808221,7353939,10394206208,38680674304
2025-05-14 07:20:50,46.810,5.235,0,16384,329.40,30555.93,31739.85,16,6808419,7354139,10394206208,38680694784
2025-05-14 07:20:50,45.717,4.859,0,20480,389.30,30555.93,31739.85,16,6808631,7354355,10394206208,38680715264
2025-05-14 07:20:50,47.050,5.066,0,61440,489.20,30555.93,31739.85,16,6808898,7354645,10394206208,38680920064
2025-05-14 07:20:51,49.099,5.364,0,323584,389.10,30555.93,31739.85,16,6809171,7354932,10394206208,38681120768
2025-05-14 07:20:51,48.438,5.198,0,24576,379.30,30555.93,31739.85,16,6809376,7355137,10394206208,38681120768
2025-05-14 07:20:51,47.315,4.898,0,16384,479.10,30555.93,31739.85,16,6809599,7355361,10394206208,38681137152
2025-05-14 07:20:51,45.362,5.158,0,8192,359.50,30555.93,31739.85,16,6809802,7355566,10394206208,38681149440
2025-05-14 07:20:51,45.681,5.198,0,4096,429.20,30555.93,31739.85,16,6809976,7355742,10394206208,38681157632
2025-05-14 07:20:52,48.479,5.729,0,126976,589.00,30555.93,31739.85,16,6810260,7356057,10394337280,38681407488
2025-05-14 07:20:52,48.984,5.536,172032,262144,419.30,30555.93,31739.85,16,6810498,7356302,10394378240,38681538560
2025-05-14 07:20:52,41.223,4.133,0,0,69.90,30555.93,31739.85,16,6810699,7356503,10394378240,38681538560
2025-05-14 07:20:52,39.522,4.100,0,0,139.80,30555.93,31739.85,16,6810897,7356701,10394378240,38681538560
2025-05-14 07:20:52,37.359,4.040,0,0,69.90,30555.93,31739.85,16,6811104,7356910,10394378240,38681546752
2025-05-14 07:20:53,37.250,3.971,0,8192,59.90,30555.93,31739.85,16,6811305,7357111,10394378240,38681546752
2025-05-14 07:20:53,37.959,3.992,0,0,59.90,30555.93,31739.85,16,6811506,7357312,10394378240,38681546752
2025-05-14 07:20:53,36.776,3.923,0,0,69.90,30555.93,31739.85,16,6811708,7357514,10394378240,38681546752
2025-05-14 07:20:53,38.888,4.014,0,0,69.90,30555.93,31739.85,16,6811909,7357715,10394378240,38681546752
2025-05-14 07:20:53,36.990,3.863,0,0,69.90,30555.93,31739.85,16,6812110,7357916,10394378240,38681546752
2025-05-14 07:20:54,37.406,3.879,0,0,49.90,30555.93,31739.85,16,6812311,7358117,10394378240,38681546752
2025-05-14 07:20:54,37.718,3.901,0,0,169.70,30555.93,31739.85,16,6812512,7358318,10394378240,38681546752
2025-05-14 07:20:54,39.804,4.110,0,0,49.90,30555.93,31739.85,16,6812713,7358519,10394378240,38681546752
2025-05-14 07:20:54,37.636,4.000,0,0,59.90,30555.93,31739.85,16,6812913,7358719,10394378240,38681546752
2025-05-14 07:20:54,37.357,3.953,0,0,79.90,30555.93,31739.85,16,6813114,7358920,10394378240,38681546752
2025-05-14 07:20:55,37.614,3.961,0,4096,59.90,30555.93,31739.85,16,6813318,7359125,10394378240,38681550848
2025-05-14 07:20:55,37.455,3.944,0,0,59.90,30555.93,31739.85,16,6813519,7359326,10394378240,38681550848
2025-05-14 07:20:55,36.342,3.908,0,0,69.90,30555.93,31739.85,16,6813721,7359528,10394378240,38681550848
2025-05-14 07:20:55,37.452,3.987,0,0,79.90,30555.93,31739.85,16,6813922,7359729,10394378240,38681550848
2025-05-14 07:20:55,36.340,3.894,0,0,59.90,30555.93,31739.85,16,6814123,7359930,10394378240,38681550848
2025-05-14 07:20:56,39.388,3.990,0,0,59.90,30555.93,31739.85,16,6814324,7360131,10394378240,38681550848
2025-05-14 07:20:56,39.610,3.872,0,0,39.90,30555.93,31739.85,16,6814525,7360332,10394378240,38681550848
2025-05-14 07:20:56,40.419,3.889,0,0,49.90,30555.93,31739.85,16,6814727,7360534,10394378240,38681550848
2025-05-14 07:20:56,41.818,3.897,0,0,59.90,30555.93,31739.85,16,6814927,7360734,10394378240,38681550848
2025-05-14 07:20:56,40.356,3.814,0,12288,109.80,30555.93,31739.85,16,6815136,7360946,10394378240,38681563136
2025-05-14 07:20:57,42.553,4.150,0,0,129.80,30555.93,31739.85,16,6815337,7361147,10394378240,38681563136
2025-05-14 07:20:57,41.122,3.951,0,0,39.90,30555.93,31739.85,16,6815538,7361348,10394378240,38681563136
2025-05-14 07:20:57,40.503,3.864,0,0,39.90,30555.93,31739.85,16,6815739,7361549,10394378240,38681563136
2025-05-14 07:20:57,40.117,3.864,0,0,49.90,30555.93,31739.85,16,6815940,7361750,10394378240,38681563136
2025-05-14 07:20:57,40.398,3.832,0,0,49.90,30555.93,31739.85,16,6816142,7361952,10394378240,38681563136
2025-05-14 07:20:58,41.271,3.880,0,0,59.90,30555.93,31739.85,16,6816343,7362153,10394378240,38681563136
2025-05-14 07:20:58,40.342,3.873,0,0,39.90,30555.93,31739.85,16,6816544,7362354,10394378240,38681563136
2025-05-14 07:20:58,40.825,3.915,0,0,49.90,30555.93,31739.85,16,6816745,7362555,10394378240,38681563136
2025-05-14 07:20:58,39.837,3.790,0,0,39.90,30555.93,31739.85,16,6816945,7362755,10394378240,38681563136
2025-05-14 07:20:58,40.221,3.794,0,0,39.90,30555.93,31739.85,16,6817146,7362956,10394378240,38681563136
2025-05-14 07:20:59,40.373,3.861,0,0,49.90,30555.93,31739.85,16,6817347,7363157,10394378240,38681563136
2025-05-14 07:20:59,40.118,3.878,0,0,59.90,30555.93,31739.85,16,6817549,7363359,10394378240,38681563136
2025-05-14 07:20:59,43.171,4.229,0,0,59.90,30555.93,31739.85,16,6817750,7363560,10394378240,38681563136
2025-05-14 07:20:59,40.274,3.828,0,0,39.90,30555.93,31739.85,16,6817951,7363761,10394378240,38681563136
2025-05-14 07:20:59,40.112,3.858,0,0,29.90,30555.93,31739.85,16,6818152,7363962,10394378240,38681563136
2025-05-14 07:21:00,40.664,3.866,0,0,59.90,30555.93,31739.85,16,6818359,7364169,10394378240,38681563136
2025-05-14 07:21:00,40.570,3.877,0,0,49.90,30555.93,31739.85,16,6818560,7364370,10394378240,38681563136
2025-05-14 07:21:00,40.479,3.839,0,0,39.90,30555.93,31739.85,16,6818761,7364571,10394378240,38681563136
2025-05-14 07:21:00,40.425,3.816,0,0,39.90,30555.93,31739.85,16,6818962,7364772,10394378240,38681563136
2025-05-14 07:21:00,40.667,3.905,0,0,49.90,30555.93,31739.85,16,6819163,7364973,10394378240,38681563136
2025-05-14 07:21:01,40.681,3.847,0,0,49.90,30555.93,31739.85,16,6819364,7365174,10394378240,38681563136
2025-05-14 07:21:01,40.525,3.983,0,0,49.90,30555.93,31739.85,16,6819565,7365375,10394378240,38681563136
2025-05-14 07:21:01,40.808,3.908,0,0,49.90,30555.93,31739.85,16,6819766,7365576,10394378240,38681563136
2025-05-14 07:21:01,39.993,3.848,0,0,59.90,30555.93,31739.85,16,6819973,7365785,10394378240,38681579520
2025-05-14 07:21:01,40.689,3.946,0,16384,49.90,30555.93,31739.85,16,6820174,7365986,10394378240,38681579520
2025-05-14 07:21:02,42.113,4.074,0,1458176,109.80,30555.93,31739.85,16,6820407,7366237,10394378240,38683561984
2025-05-14 07:21:02,41.209,4.010,0,524288,40.00,30555.93,31739.85,16,6820608,7366438,10394378240,38683561984
2025-05-14 07:21:02,40.631,3.856,0,0,39.90,30555.93,31739.85,16,6820809,7366639,10394378240,38683561984
2025-05-14 07:21:02,40.583,3.869,0,0,39.90,30555.93,31739.85,16,6821009,7366839,10394378240,38683561984
2025-05-14 07:21:02,40.409,3.843,0,0,59.90,30555.93,31739.85,16,6821215,7367047,10394378240,38683643904
2025-05-14 07:21:03,40.230,3.843,0,81920,49.90,30555.93,31739.85,16,6821416,7367248,10394378240,38683643904
2025-05-14 07:21:03,41.095,3.849,0,0,59.90,30555.93,31739.85,16,6821618,7367450,10394378240,38683643904
2025-05-14 07:21:03,40.350,3.826,0,0,49.90,30555.93,31739.85,16,6821819,7367651,10394378240,38683643904
2025-05-14 07:21:03,40.589,3.876,0,0,39.90,30555.93,31739.85,16,6822020,7367852,10394378240,38683643904
2025-05-14 07:21:03,40.709,3.820,0,0,49.90,30555.93,31739.85,16,6822221,7368053,10394378240,38683643904
2025-05-14 07:21:04,39.906,3.782,0,0,59.90,30555.93,31739.85,16,6822423,7368255,10394378240,38683643904
2025-05-14 07:21:04,40.719,3.887,0,0,69.90,30555.93,31739.85,16,6822624,7368456,10394378240,38683643904
2025-05-14 07:21:04,40.004,3.802,0,0,49.90,30555.93,31739.85,16,6822825,7368657,10394378240,38683643904
2025-05-14 07:21:04,40.954,3.888,0,0,59.90,30555.93,31739.85,16,6823025,7368857,10394378240,38683643904
2025-05-14 07:21:04,40.728,3.844,0,0,49.90,30555.93,31739.85,16,6823226,7369058,10394378240,38683643904
2025-05-14 07:21:05,40.260,3.837,0,0,59.90,30555.93,31739.85,16,6823428,7369260,10394378240,38683643904
2025-05-14 07:21:05,41.571,3.922,0,0,39.90,30555.93,31739.85,16,6823629,7369461,10394378240,38683643904
2025-05-14 07:21:05,40.358,3.799,0,0,39.90,30555.93,31739.85,16,6823830,7369662,10394378240,38683643904
2025-05-14 07:21:05,42.377,4.232,0,0,119.80,30555.93,31739.85,16,6824030,7369862,10394378240,38683643904
2025-05-14 07:21:06,40.697,3.904,0,0,49.90,30555.93,31739.85,16,6824231,7370063,10394378240,38683643904
2025-05-14 07:21:06,40.552,3.800,0,0,59.90,30555.93,31739.85,16,6824433,7370265,10394378240,38683643904
2025-05-14 07:21:06,40.531,3.814,0,0,39.90,30555.93,31739.85,16,6824634,7370466,10394378240,38683643904
2025-05-14 07:21:06,39.656,3.807,0,0,39.90,30555.93,31739.85,16,6824834,7370666,10394378240,38683643904
2025-05-14 07:21:06,40.527,3.852,0,0,69.90,30555.93,31739.85,16,6825035,7370867,10394378240,38683643904
2025-05-14 07:21:07,40.516,3.864,0,0,49.90,30555.93,31739.85,16,6825236,7371068,10394378240,38683643904
2025-05-14 07:21:07,40.512,3.839,0,0,39.90,30555.93,31739.85,16,6825437,7371269,10394378240,38683643904
2025-05-14 07:21:07,40.527,3.821,0,0,69.90,30555.93,31739.85,16,6825638,7371470,10394378240,38683643904
2025-05-14 07:21:07,40.589,3.834,0,0,59.90,30555.93,31739.85,16,6825840,7371672,10394378240,38683643904
2025-05-14 07:21:07,40.240,3.890,0,0,69.90,30555.93,31739.85,16,6826040,7371872,10394378240,38683643904
2025-05-14 07:21:08,40.428,3.832,0,0,49.90,30555.93,31739.85,16,6826241,7372073,10394378240,38683643904
2025-05-14 07:21:08,40.691,3.858,0,0,69.90,30555.93,31739.85,16,6826442,7372274,10394378240,38683643904
2025-05-14 07:21:08,39.894,3.783,0,0,49.90,30555.93,31739.85,16,6826643,7372475,10394378240,38683643904
2025-05-14 07:21:08,40.373,3.812,0,0,49.90,30555.93,31739.85,16,6826843,7372675,10394378240,38683643904
2025-05-14 07:21:08,40.800,3.773,0,0,59.90,30555.93,31739.85,16,6827044,7372876,10394378240,38683643904
2025-05-14 07:21:09,40.295,3.739,0,0,49.90,30555.93,31739.85,16,6827246,7373078,10394378240,38683643904
2025-05-14 07:21:09,41.033,3.818,0,0,59.90,30555.93,31739.85,16,6827447,7373279,10394378240,38683643904
2025-05-14 07:21:09,40.387,3.808,0,0,49.90,30555.93,31739.85,16,6827648,7373480,10394378240,38683643904
2025-05-14 07:21:09,40.779,3.805,0,0,39.90,30555.93,31739.85,16,6827849,7373681,10394378240,38683643904
2025-05-14 07:21:09,40.257,3.788,0,0,109.80,30555.93,31739.85,16,6828050,7373882,10394378240,38683643904
2025-05-14 07:21:10,40.983,3.838,0,0,39.90,30555.93,31739.85,16,6828251,7374083,10394378240,38683643904
2025-05-14 07:21:10,40.783,3.876,0,0,49.90,30555.93,31739.85,16,6828452,7374284,10394378240,38683643904
2025-05-14 07:21:10,40.259,3.804,0,0,59.90,30555.93,31739.85,16,6828654,7374486,10394378240,38683643904
2025-05-14 07:21:10,40.498,3.878,0,0,49.90,30555.93,31739.85,16,6828858,7374690,10394378240,38683643904
2025-05-14 07:21:10,40.304,3.910,0,0,50.00,30555.93,31739.85,16,6829059,7374891,10394378240,38683643904
2025-05-14 07:21:11,40.036,3.779,0,0,49.90,30555.93,31739.85,16,6829260,7375092,10394378240,38683643904
2025-05-14 07:21:11,40.987,3.878,0,114688,59.90,30555.93,31739.85,16,6829483,7375323,10394378240,38683758592
2025-05-14 07:21:11,40.549,3.891,0,0,39.90,30555.93,31739.85,16,6829684,7375524,10394378240,38683758592
2025-05-14 07:21:11,40.633,3.880,0,0,39.90,30555.93,31739.85,16,6829885,7375726,10394378240,38683758592
2025-05-14 07:21:11,40.205,3.830,0,0,49.90,30555.93,31739.85,16,6830087,7375927,10394378240,38683758592
2025-05-14 07:21:12,40.294,3.877,0,0,50.00,30555.93,31739.85,16,6830288,7376128,10394378240,38683758592
2025-05-14 07:21:12,40.246,3.826,0,0,59.90,30555.93,31739.85,16,6830489,7376329,10394378240,38683758592
2025-05-14 07:21:12,40.085,3.811,0,0,69.90,30555.93,31739.85,16,6830690,7376530,10394378240,38683758592
2025-05-14 07:21:12,40.669,3.921,0,24576,59.90,30555.93,31739.85,16,6830898,7376744,10394378240,38683783168
2025-05-14 07:21:12,40.288,3.807,0,0,49.90,30555.93,31739.85,16,6831099,7376945,10394378240,38683783168
2025-05-14 07:21:13,41.152,3.824,0,0,59.90,30555.93,31739.85,16,6831300,7377146,10394378240,38683783168
2025-05-14 07:21:13,40.123,3.819,0,0,69.90,30555.93,31739.85,16,6831502,7377348,10394378240,38683783168
2025-05-14 07:21:13,40.330,3.857,0,0,49.90,30555.93,31739.85,16,6831703,7377549,10394378240,38683783168
2025-05-14 07:21:13,40.541,3.869,0,0,60.00,30555.93,31739.85,16,6831938,7377797,10394378240,38683881472
2025-05-14 07:21:13,40.279,3.811,0,98304,59.90,30555.93,31739.85,16,6832139,7377998,10394378240,38683881472
2025-05-14 07:21:14,40.960,3.851,0,0,59.90,30555.93,31739.85,16,6832339,7378198,10394378240,38683881472
2025-05-14 07:21:14,40.035,3.778,0,0,59.90,30555.93,31739.85,16,6832540,7378399,10394378240,38683881472
2025-05-14 07:21:14,40.496,3.819,0,0,49.90,30555.93,31739.85,16,6832741,7378600,10394378240,38683881472
2025-05-14 07:21:14,40.402,3.806,0,0,39.90,30555.93,31739.85,16,6832942,7378801,10394378240,38683881472
2025-05-14 07:21:14,40.325,3.844,0,0,69.90,30555.93,31739.85,16,6833143,7379002,10394378240,38683881472
2025-05-14 07:21:15,40.522,3.912,0,0,49.90,30555.93,31739.85,16,6833344,7379203,10394378240,38683881472
2025-05-14 07:21:15,40.272,3.809,0,0,69.90,30555.93,31739.85,16,6833545,7379404,10394378240,38683881472
2025-05-14 07:21:15,40.388,3.865,0,0,39.90,30555.93,31739.85,16,6833746,7379605,10394378240,38683881472
2025-05-14 07:21:15,40.614,3.829,0,0,39.90,30555.93,31739.85,16,6833947,7379806,10394378240,38683881472
2025-05-14 07:21:15,40.831,3.846,0,0,39.90,30555.93,31739.85,16,6834148,7380007,10394378240,38683881472
2025-05-14 07:21:16,40.692,3.814,0,0,59.90,30555.93,31739.85,16,6834350,7380209,10394378240,38683881472
2025-05-14 07:21:16,40.379,3.837,0,0,59.90,30555.93,31739.85,16,6834551,7380410,10394378240,38683881472
2025-05-14 07:21:16,40.827,3.909,0,0,49.90,30555.93,31739.85,16,6834752,7380611,10394378240,38683881472
2025-05-14 07:21:16,40.732,3.857,0,0,49.90,30555.93,31739.85,16,6834952,7380811,10394378240,38683881472
2025-05-14 07:21:16,40.055,3.843,0,0,69.90,30555.93,31739.85,16,6835161,7381023,10394378240,38683897856
2025-05-14 07:21:17,42.079,4.075,0,16384,39.90,30555.93,31739.85,16,6835360,7381222,10394378240,38683897856
2025-05-14 07:21:17,40.284,3.846,0,0,49.90,30555.93,31739.85,16,6835561,7381423,10394378240,38683897856
2025-05-14 07:21:17,40.068,3.884,0,0,49.90,30555.93,31739.85,16,6835762,7381624,10394378240,38683897856
2025-05-14 07:21:17,40.153,3.819,0,0,49.90,30555.93,31739.85,16,6835964,7381826,10394378240,38683897856
2025-05-14 07:21:17,40.877,3.880,0,0,59.90,30555.93,31739.85,16,6836165,7382027,10394378240,38683897856
2025-05-14 07:21:18,41.022,3.861,0,0,59.90,30555.93,31739.85,16,6836366,7382228,10394378240,38683897856
2025-05-14 07:21:18,39.888,3.824,0,0,49.90,30555.93,31739.85,16,6836567,7382429,10394378240,38683897856
2025-05-14 07:21:18,40.373,3.922,0,0,39.90,30555.93,31739.85,16,6836768,7382630,10394378240,38683897856
2025-05-14 07:21:18,40.206,3.815,0,0,49.90,30555.93,31739.85,16,6836968,7382830,10394378240,38683897856
2025-05-14 07:21:18,40.020,3.812,0,0,39.90,30555.93,31739.85,16,6837169,7383031,10394378240,38683897856
2025-05-14 07:21:19,40.214,3.767,0,0,49.90,30555.93,31739.85,16,6837370,7383232,10394378240,38683897856
2025-05-14 07:21:19,39.916,3.794,0,0,59.90,30555.93,31739.85,16,6837572,7383434,10394378240,38683897856
2025-05-14 07:21:19,40.395,3.810,0,0,59.90,30555.93,31739.85,16,6837773,7383635,10394378240,38683897856
2025-05-14 07:21:19,40.031,3.740,0,0,49.90,30555.93,31739.85,16,6837974,7383836,10394378240,38683897856
2025-05-14 07:21:19,40.591,3.810,0,0,39.90,30555.93,31739.85,16,6838175,7384037,10394378240,38683897856
2025-05-14 07:21:20,40.007,3.781,0,0,59.90,30555.93,31739.85,16,6838376,7384238,10394378240,38683897856
2025-05-14 07:21:20,41.618,3.866,0,0,59.90,30555.93,31739.85,16,6838577,7384439,10394378240,38683897856
2025-05-14 07:21:20,40.423,3.819,0,0,49.90,30555.93,31739.85,16,6838778,7384640,10394378240,38683897856
2025-05-14 07:21:20,40.333,3.768,0,0,49.90,30555.93,31739.85,16,6838979,7384841,10394378240,38683897856
2025-05-14 07:21:20,40.499,3.814,0,0,59.90,30555.93,31739.85,16,6839184,7385046,10394378240,38683897856
2025-05-14 07:21:21,40.280,3.821,0,0,59.90,30555.93,31739.85,16,6839385,7385247,10394378240,38683897856
2025-05-14 07:21:21,40.854,3.871,0,0,49.90,30555.93,31739.85,16,6839586,7385448,10394378240,38683897856
2025-05-14 07:21:21,40.348,3.926,0,0,59.90,30555.93,31739.85,16,6839787,7385649,10394378240,38683897856
2025-05-14 07:21:21,41.140,3.852,0,0,39.90,30555.93,31739.85,16,6839988,7385850,10394378240,38683897856
2025-05-14 07:21:21,40.752,3.887,0,0,59.90,30555.93,31739.85,16,6840189,7386051,10394378240,38683897856
2025-05-14 07:21:22,40.195,3.783,0,0,59.90,30555.93,31739.85,16,6840393,7386256,10394378240,38683901952
2025-05-14 07:21:22,40.568,3.822,0,4096,59.90,30555.93,31739.85,16,6840594,7386457,10394378240,38683901952
2025-05-14 07:21:22,40.004,3.809,0,0,49.90,30555.93,31739.85,16,6840795,7386658,10394378240,38683901952
2025-05-14 07:21:22,40.379,3.774,0,0,49.90,30555.93,31739.85,16,6840995,7386858,10394378240,38683901952
2025-05-14 07:21:22,40.122,3.754,0,0,49.90,30555.93,31739.85,16,6841196,7387059,10394378240,38683901952
2025-05-14 07:21:23,40.556,3.766,0,0,49.90,30555.93,31739.85,16,6841397,7387260,10394378240,38683901952
2025-05-14 07:21:23,40.183,3.792,0,0,49.90,30555.93,31739.85,16,6841598,7387461,10394378240,38683901952
2025-05-14 07:21:23,40.164,3.794,0,0,39.90,30555.93,31739.85,16,6841800,7387663,10394378240,38683901952
2025-05-14 07:21:23,40.575,3.824,0,0,49.90,30555.93,31739.85,16,6842001,7387864,10394378240,38683901952
2025-05-14 07:21:23,40.297,3.796,0,0,59.90,30555.93,31739.85,16,6842202,7388065,10394378240,38683901952
2025-05-14 07:21:24,40.100,3.819,0,0,59.90,30555.93,31739.85,16,6842403,7388266,10394378240,38683901952
2025-05-14 07:21:24,40.595,3.847,0,0,49.90,30555.93,31739.85,16,6842604,7388467,10394378240,38683901952
2025-05-14 07:21:24,40.434,3.792,0,0,39.90,30555.93,31739.85,16,6842805,7388668,10394378240,38683901952
2025-05-14 07:21:24,40.811,3.823,0,0,49.90,30555.93,31739.85,16,6843006,7388869,10394378240,38683901952
2025-05-14 07:21:24,40.125,3.778,0,0,69.90,30555.93,31739.85,16,6843206,7389069,10394378240,38683901952
2025-05-14 07:21:25,41.450,3.858,0,0,59.90,30555.93,31739.85,16,6843407,7389270,10394378240,38683901952
2025-05-14 07:21:25,40.482,3.823,0,0,59.90,30555.93,31739.85,16,6843608,7389471,10394378240,38683901952
2025-05-14 07:21:25,39.992,3.855,0,0,49.90,30555.93,31739.85,16,6843809,7389672,10394378240,38683901952
2025-05-14 07:21:25,40.857,3.807,0,0,49.90,30555.93,31739.85,16,6844010,7389873,10394378240,38683901952
2025-05-14 07:21:25,40.078,3.783,0,0,39.90,30555.93,31739.85,16,6844211,7390074,10394378240,38683901952
2025-05-14 07:21:26,39.975,3.863,0,0,39.90,30555.93,31739.85,16,6844413,7390276,10394378240,38683901952
2025-05-14 07:21:26,41.550,3.938,0,0,59.90,30555.93,31739.85,16,6844614,7390477,10394378240,38683901952
2025-05-14 07:21:26,40.565,3.859,0,0,59.90,30555.93,31739.85,16,6844815,7390678,10394378240,38683901952
2025-05-14 07:21:26,40.283,3.801,0,0,59.90,30555.93,31739.85,16,6845015,7390878,10394378240,38683901952
2025-05-14 07:21:26,40.297,3.831,0,0,89.80,30555.92,31739.85,12,6845216,7391079,10394378240,38683901952
2025-05-14 07:21:27,40.669,3.860,0,0,49.90,30555.92,31739.85,12,6845418,7391281,10394378240,38683901952
2025-05-14 07:21:27,39.871,3.806,0,12288,59.90,30555.92,31739.85,12,6845628,7391494,10394378240,38683914240
2025-05-14 07:21:27,40.326,3.854,0,0,49.90,30555.92,31739.85,12,6845829,7391695,10394378240,38683914240
2025-05-14 07:21:27,40.342,3.833,0,0,49.90,30555.92,31739.85,12,6846030,7391896,10394378240,38683914240
2025-05-14 07:21:27,40.363,3.827,0,0,49.90,30555.92,31739.85,12,6846231,7392097,10394378240,38683914240
2025-05-14 07:21:28,40.355,3.816,0,0,69.90,30555.92,31739.85,12,6846433,7392299,10394378240,38683914240
2025-05-14 07:21:28,41.427,3.930,0,655360,149.70,30555.92,31739.85,12,6847608,7393810,10394378240,38685454336
2025-05-14 07:21:28,43.091,4.070,0,1744896,149.70,30555.91,31739.85,12,6848922,7395502,10394378240,38687199232
2025-05-14 07:21:28,42.082,3.909,0,1748992,149.70,30555.80,31739.85,12,6850292,7397273,10394378240,38688952320
2025-05-14 07:21:28,43.081,3.879,0,1744896,149.70,30555.80,31739.85,12,6851689,7399079,10394378240,38690713600
2025-05-14 07:21:29,43.155,3.865,0,1814528,159.70,30555.80,31739.85,12,6853081,7400892,10394378240,38692528128
2025-05-14 07:21:29,42.969,3.817,0,1896448,159.70,30555.80,31739.85,12,6854489,7402722,10394378240,38694363136
2025-05-14 07:21:29,42.628,3.928,0,1835008,159.70,30555.80,31739.85,12,6855917,7404586,10394378240,38696554496
2025-05-14 07:21:29,43.015,3.888,0,2461696,149.70,30555.80,31739.85,14,6857371,7406493,10394378240,38698958848
2025-05-14 07:21:29,43.183,3.903,0,2265088,149.80,30555.80,31739.85,14,6858795,7408341,10394378240,38701363200
2025-05-14 07:21:30,42.756,3.821,0,2580480,139.70,30555.80,31739.85,14,6860320,7410321,10394378240,38703869952
2025-05-14 07:21:30,43.401,3.922,0,2236416,229.60,30555.80,31739.85,14,6861571,7411942,10394378240,38705942528
2025-05-14 07:21:30,43.092,3.862,0,2437120,149.70,30555.80,31739.85,14,6863128,7413973,10394378240,38708596736
2025-05-14 07:21:30,42.671,3.901,0,2490368,159.70,30555.80,31739.85,14,6864603,7415894,10394378240,38711107584
2025-05-14 07:21:30,43.277,3.943,0,2400256,139.70,30555.80,31739.85,14,6866060,7417793,10394378240,38713491456
2025-05-14 07:21:31,42.752,3.890,0,2555904,149.70,30555.80,31739.85,14,6867606,7419815,10394378240,38716047360
2025-05-14 07:21:31,42.314,3.882,0,1597440,59.90,30555.80,31739.85,14,6867963,7420226,10394378240,38716379136
2025-05-14 07:21:31,41.707,4.093,0,0,39.90,30555.80,31739.85,14,6868164,7420427,10394378240,38716379136
2025-05-14 07:21:31,40.420,3.896,0,0,59.90,30555.80,31739.85,14,6868365,7420628,10394378240,38716379136
2025-05-14 07:21:31,41.196,3.863,0,0,59.90,30555.80,31739.85,14,6868566,7420829,10394378240,38716379136
2025-05-14 07:21:32,39.953,3.799,0,0,59.90,30555.80,31739.85,14,6868767,7421030,10394378240,38716379136
2025-05-14 07:21:32,40.867,3.882,0,0,49.90,30555.80,31739.85,14,6868978,7421245,10394378240,38716395520
2025-05-14 07:21:32,40.081,3.896,0,16384,39.90,30555.80,31739.85,14,6869180,7421447,10394378240,38716395520
2025-05-14 07:21:32,40.547,3.911,0,0,39.90,30555.80,31739.85,14,6869380,7421647,10394378240,38716395520
2025-05-14 07:21:32,40.323,3.862,0,20480,40.00,30555.80,31739.85,14,6869585,7421855,10394378240,38716416000
2025-05-14 07:21:33,40.347,3.882,0,0,39.90,30555.80,31739.85,14,6869786,7422056,10394378240,38716416000
2025-05-14 07:21:33,40.775,3.854,0,0,39.90,30555.80,31739.85,14,6869987,7422257,10394378240,38716416000
2025-05-14 07:21:33,39.991,3.823,0,0,39.90,30555.80,31739.85,14,6870188,7422458,10394378240,38716416000
2025-05-14 07:21:33,40.788,3.848,0,0,49.90,30555.80,31739.85,14,6870389,7422659,10394378240,38716416000
2025-05-14 07:21:33,40.114,3.787,0,0,59.90,30555.80,31739.85,14,6870591,7422861,10394378240,38716416000
2025-05-14 07:21:34,40.582,3.866,0,0,49.90,30555.80,31739.85,14,6870792,7423062,10394378240,38716416000
2025-05-14 07:21:34,40.229,3.849,0,0,59.90,30555.80,31739.85,14,6870993,7423263,10394378240,38716416000
2025-05-14 07:21:34,40.160,3.830,0,0,39.90,30555.80,31739.85,14,6871194,7423464,10394378240,38716416000
2025-05-14 07:21:34,40.844,3.887,0,0,39.90,30555.80,31739.85,14,6871394,7423664,10394378240,38716416000
2025-05-14 07:21:34,40.326,3.914,0,0,49.90,30555.80,31739.85,14,6871595,7423865,10394378240,38716416000
2025-05-14 07:21:35,40.737,3.842,0,0,59.90,30555.80,31739.85,14,6871797,7424067,10394378240,38716416000
2025-05-14 07:21:35,40.070,3.810,0,0,69.90,30555.80,31739.85,14,6871998,7424268,10394378240,38716416000
2025-05-14 07:21:35,40.559,3.922,0,0,49.90,30555.80,31739.85,14,6872199,7424469,10394378240,38716416000
2025-05-14 07:21:35,40.891,3.928,0,0,39.90,30555.80,31739.85,14,6872397,7424667,10394378240,38716416000
2025-05-14 07:21:35,40.124,3.791,0,0,39.90,30555.80,31739.85,14,6872598,7424868,10394378240,38716416000
2025-05-14 07:21:36,40.676,3.856,0,0,39.90,30555.80,31739.85,14,6872800,7425070,10394378240,38716416000
2025-05-14 07:21:36,40.044,3.830,0,0,59.90,30555.80,31739.85,14,6873001,7425271,10394378240,38716416000
2025-05-14 07:21:36,40.686,3.920,0,0,59.90,30555.80,31739.85,14,6873202,7425472,10394378240,38716416000
2025-05-14 07:21:36,40.033,3.811,0,0,59.90,30555.80,31739.85,14,6873402,7425672,10394378240,38716416000
2025-05-14 07:21:36,40.414,3.823,0,0,79.90,30555.80,31739.85,14,6873603,7425873,10394378240,38716416000
2025-05-14 07:21:37,40.606,3.891,0,0,49.90,30555.80,31739.85,14,6873805,7426075,10394378240,38716416000
2025-05-14 07:21:37,40.257,3.808,0,0,59.90,30555.80,31739.85,14,6874010,7426281,10394378240,38716420096
2025-05-14 07:21:37,40.799,3.874,0,4096,59.90,30555.80,31739.85,14,6874211,7426482,10394378240,38716420096
2025-05-14 07:21:37,39.865,3.829,0,0,59.90,30555.80,31739.85,14,6874412,7426683,10394378240,38716420096
2025-05-14 07:21:37,40.736,3.896,0,0,79.90,30555.80,31739.85,14,6874613,7426884,10394378240,38716420096
2025-05-14 07:21:38,40.798,3.885,0,0,49.90,30555.80,31739.85,14,6874814,7427085,10394378240,38716420096
2025-05-14 07:21:38,40.209,3.787,0,0,59.90,30555.80,31739.85,14,6875016,7427287,10394378240,38716420096
2025-05-14 07:21:38,40.192,3.865,0,0,49.90,30555.80,31739.85,14,6875217,7427488,10394378240,38716420096
2025-05-14 07:21:38,40.212,3.797,0,0,49.90,30555.80,31739.85,14,6875417,7427688,10394378240,38716420096
2025-05-14 07:21:38,40.290,3.831,0,0,49.90,30555.80,31739.85,14,6875618,7427889,10394378240,38716420096
2025-05-14 07:21:39,40.140,3.817,0,0,49.90,30555.80,31739.85,14,6875819,7428090,10394378240,38716420096
2025-05-14 07:21:39,40.527,3.824,0,0,49.90,30555.80,31739.85,14,6876021,7428292,10394378240,38716420096
2025-05-14 07:21:39,41.041,3.848,0,0,39.90,30555.80,31739.85,14,6876222,7428493,10394378240,38716420096
2025-05-14 07:21:39,40.576,3.846,0,0,49.90,30555.80,31739.85,14,6876423,7428694,10394378240,38716420096
2025-05-14 07:21:40,40.176,3.850,0,0,39.90,30555.80,31739.85,14,6876624,7428895,10394378240,38716420096
2025-05-14 07:21:40,40.282,3.845,0,0,50.00,30555.80,31739.85,14,6876825,7429096,10394378240,38716420096
2025-05-14 07:21:40,40.090,3.857,0,0,39.90,30555.80,31739.85,14,6877026,7429297,10394378240,38716420096
2025-05-14 07:21:40,40.255,3.898,0,0,59.90,30555.80,31739.85,14,6877232,7429503,10394378240,38716420096
2025-05-14 07:21:40,40.576,3.878,0,0,49.90,30555.80,31739.85,14,6877434,7429705,10394378240,38716420096
2025-05-14 07:21:41,40.266,3.856,0,0,49.90,30555.80,31739.85,14,6877635,7429906,10394378240,38716420096
2025-05-14 07:21:41,39.968,3.893,0,0,49.90,30555.80,31739.85,14,6877836,7430107,10394378240,38716420096
2025-05-14 07:21:41,40.275,3.907,0,0,59.90,30555.80,31739.85,14,6878038,7430309,10394378240,38716420096
2025-05-14 07:21:41,40.275,3.950,0,0,49.90,30555.80,31739.85,14,6878239,7430510,10394378240,38716420096
2025-05-14 07:21:41,40.366,3.922,0,0,59.90,30555.80,31739.85,14,6878440,7430711,10394378240,38716420096
2025-05-14 07:21:42,40.547,3.880,0,0,49.90,30555.80,31739.85,14,6878641,7430912,10394378240,38716420096
2025-05-14 07:21:42,40.011,3.883,0,0,49.90,30555.80,31739.85,14,6878843,7431114,10394378240,38716420096
2025-05-14 07:21:42,40.430,3.844,0,0,59.90,30555.80,31739.85,14,6879052,7431326,10394378240,38716432384
2025-05-14 07:21:42,39.956,3.812,0,12288,39.90,30555.80,31739.85,14,6879252,7431526,10394378240,38716432384
2025-05-14 07:21:42,41.313,3.913,0,0,39.90,30555.80,31739.85,14,6879454,7431728,10394378240,38716432384
2025-05-14 07:21:43,40.275,3.945,0,0,39.90,30555.80,31739.85,14,6879655,7431929,10394378240,38716432384
2025-05-14 07:21:43,40.401,3.842,0,0,49.90,30555.80,31739.85,14,6879856,7432130,10394378240,38716432384
2025-05-14 07:21:43,40.316,3.835,0,0,79.90,30555.80,31739.85,14,6880057,7432331,10394378240,38716432384
2025-05-14 07:21:43,40.536,3.867,0,0,49.90,30555.80,31739.85,14,6880259,7432533,10394378240,38716432384
2025-05-14 07:21:43,41.270,3.847,0,0,59.90,30555.80,31739.85,14,6880460,7432734,10394378240,38716432384
2025-05-14 07:21:44,40.005,3.814,0,0,49.90,30555.80,31739.85,14,6880661,7432935,10394378240,38716432384
2025-05-14 07:21:44,40.858,3.822,0,0,49.90,30555.80,31739.85,14,6880862,7433136,10394378240,38716432384
2025-05-14 07:21:44,40.408,3.823,0,0,49.90,30555.80,31739.85,14,6881064,7433338,10394378240,38716432384
2025-05-14 07:21:44,40.263,3.833,0,0,49.90,30555.80,31739.85,14,6881264,7433538,10394378240,38716432384
2025-05-14 07:21:44,40.528,3.895,0,0,49.90,30555.80,31739.85,14,6881465,7433739,10394378240,38716432384
2025-05-14 07:21:45,40.663,3.877,0,0,49.90,30555.80,31739.85,14,6881664,7433938,10394378240,38716432384
2025-05-14 07:21:45,40.529,3.878,0,0,49.90,30555.80,31739.85,14,6881866,7434140,10394378240,38716432384
2025-05-14 07:21:45,40.280,3.843,0,0,59.90,30555.80,31739.85,14,6882067,7434341,10394378240,38716432384
2025-05-14 07:21:45,40.730,3.869,0,0,49.90,30555.80,31739.85,14,6882268,7434542,10394378240,38716432384
2025-05-14 07:21:45,40.242,3.856,0,0,49.90,30555.80,31739.85,14,6882469,7434743,10394378240,38716432384
2025-05-14 07:21:46,40.245,3.826,0,0,59.90,30555.80,31739.85,14,6882670,7434944,10394378240,38716432384
2025-05-14 07:21:46,40.531,3.848,0,0,59.90,30555.80,31739.85,14,6882876,7435152,10394378240,38716452864
2025-05-14 07:21:46,40.304,3.861,0,20480,59.90,30555.80,31739.85,14,6883077,7435353,10394378240,38716452864
2025-05-14 07:21:46,40.137,3.819,0,0,59.90,30555.80,31739.85,14,6883278,7435554,10394378240,38716452864
2025-05-14 07:21:46,40.396,3.843,0,0,109.80,30555.80,31739.85,14,6883481,7435758,10394378240,38716456960
2025-05-14 07:21:47,42.091,4.028,0,4096,169.70,30555.80,31739.85,14,6883682,7435959,10394378240,38716456960
2025-05-14 07:21:47,42.326,4.110,0,0,69.90,30555.80,31739.85,14,6883883,7436160,10394378240,38716456960
2025-05-14 07:21:47,40.570,3.859,0,0,59.90,30555.80,31739.85,14,6884084,7436361,10394378240,38716456960
2025-05-14 07:21:47,40.225,3.871,0,0,39.90,30555.80,31739.85,14,6884285,7436562,10394378240,38716456960
2025-05-14 07:21:47,40.528,3.839,0,8192,59.90,30555.80,31739.85,14,6884492,7436771,10394378240,38716465152
2025-05-14 07:21:48,40.129,3.884,0,0,39.90,30555.80,31739.85,14,6884694,7436973,10394378240,38716465152
2025-05-14 07:21:48,40.389,3.838,0,0,49.90,30555.80,31739.85,14,6884895,7437174,10394378240,38716465152
2025-05-14 07:21:48,40.201,3.822,0,0,59.90,30555.80,31739.85,14,6885096,7437375,10394378240,38716465152
2025-05-14 07:21:48,40.666,3.872,0,0,59.90,30555.80,31739.85,14,6885296,7437575,10394378240,38716465152
2025-05-14 07:21:48,40.466,3.769,0,0,59.90,30555.80,31739.85,14,6885497,7437776,10394378240,38716465152
2025-05-14 07:21:49,40.485,3.866,0,0,49.90,30555.80,31739.85,14,6885698,7437977,10394378240,38716465152
2025-05-14 07:21:49,40.191,3.878,0,0,49.90,30555.80,31739.85,14,6885911,7438194,10394378240,38716481536
2025-05-14 07:21:49,40.489,3.839,0,16384,49.90,30555.80,31739.85,14,6886113,7438396,10394378240,38716481536
2025-05-14 07:21:49,40.197,3.870,0,0,39.90,30555.80,31739.85,14,6886314,7438597,10394378240,38716481536
2025-05-14 07:21:49,40.335,3.793,0,0,59.90,30555.80,31739.85,14,6886515,7438798,10394378240,38716481536
2025-05-14 07:21:50,41.755,3.862,0,0,59.90,30555.80,31739.85,14,6886716,7438999,10394378240,38716481536
2025-05-14 07:21:50,40.200,3.850,0,0,59.90,30555.80,31739.85,14,6886918,7439201,10394378240,38716481536
2025-05-14 07:21:50,40.327,3.825,0,0,39.90,30555.80,31739.85,14,6887119,7439402,10394378240,38716481536
2025-05-14 07:21:50,40.505,3.805,0,0,49.90,30555.80,31739.85,14,6887319,7439602,10394378240,38716481536
2025-05-14 07:21:50,40.264,3.782,0,0,59.90,30555.80,31739.85,14,6887521,7439804,10394378240,38716481536
2025-05-14 07:21:51,40.828,3.929,0,0,59.90,30555.80,31739.85,14,6887722,7440005,10394378240,38716481536
2025-05-14 07:21:51,39.984,3.807,0,0,39.90,30555.80,31739.85,14,6887923,7440206,10394378240,38716481536
2025-05-14 07:21:51,41.930,3.839,0,0,49.90,30555.80,31739.85,14,6888124,7440407,10394378240,38716481536
2025-05-14 07:21:51,39.778,3.879,0,0,49.90,30555.80,31739.85,14,6888326,7440609,10394378240,38716481536
2025-05-14 07:21:51,40.665,4.005,0,0,59.90,30555.80,31739.85,14,6888527,7440810,10394378240,38716481536
2025-05-14 07:21:52,40.661,3.846,0,0,59.90,30555.80,31739.85,14,6888728,7441011,10394378240,38716481536
2025-05-14 07:21:52,39.955,3.914,0,0,59.90,30555.80,31739.85,14,6888929,7441212,10394378240,38716481536
2025-05-14 07:21:52,40.397,3.909,0,0,59.90,30555.80,31739.85,14,6889139,7441425,10394378240,38716497920
2025-05-14 07:21:52,39.838,3.834,0,16384,49.90,30555.80,31739.85,14,6889339,7441625,10394378240,38716497920
2025-05-14 07:21:52,40.398,3.834,0,0,39.90,30555.80,31739.85,14,6889541,7441827,10394378240,38716497920
2025-05-14 07:21:53,39.695,3.817,0,0,39.90,30555.80,31739.85,14,6889742,7442028,10394378240,38716497920
2025-05-14 07:21:53,40.335,3.840,0,0,39.90,30555.80,31739.85,14,6889943,7442229,10394378240,38716497920
2025-05-14 07:21:53,40.102,3.812,0,0,39.90,30555.80,31739.85,14,6890144,7442430,10394378240,38716497920
2025-05-14 07:21:53,40.532,3.848,0,0,39.90,30555.80,31739.85,14,6890345,7442631,10394378240,38716497920
2025-05-14 07:21:53,40.198,3.872,0,0,69.90,30555.80,31739.85,14,6890546,7442832,10394378240,38716497920
2025-05-14 07:21:54,40.677,3.819,0,0,69.90,30555.80,31739.85,14,6890748,7443034,10394378240,38716497920
2025-05-14 07:21:54,40.627,3.884,0,0,59.90,30555.80,31739.85,14,6890949,7443235,10394378240,38716497920
2025-05-14 07:21:54,40.116,3.846,0,0,49.90,30555.80,31739.85,14,6891150,7443436,10394378240,38716497920
2025-05-14 07:21:54,40.430,3.853,0,0,39.90,30555.80,31739.85,14,6891350,7443636,10394378240,38716497920
2025-05-14 07:21:54,40.009,3.827,0,0,69.90,30555.80,31739.85,14,6891551,7443837,10394378240,38716497920
2025-05-14 07:21:55,40.984,3.867,0,0,39.90,30555.80,31739.85,14,6891752,7444038,10394378240,38716497920
2025-05-14 07:21:55,40.192,3.830,0,0,49.90,30555.80,31739.85,14,6891954,7444240,10394378240,38716497920
2025-05-14 07:21:55,40.458,3.822,0,0,49.90,30555.80,31739.85,14,6892155,7444441,10394378240,38716497920
2025-05-14 07:21:55,40.368,3.889,0,0,59.90,30555.80,31739.85,14,6892356,7444642,10394378240,38716497920
2025-05-14 07:21:55,40.216,3.846,0,0,59.90,30555.80,31739.85,14,6892557,7444843,10394378240,38716497920
2025-05-14 07:21:56,40.614,3.890,0,0,39.90,30555.80,31739.85,14,6892759,7445045,10394378240,38716497920
2025-05-14 07:21:56,40.418,3.818,0,0,40.00,30555.80,31739.85,14,6892960,7445246,10394378240,38716497920
2025-05-14 07:21:56,40.586,3.835,0,0,59.90,30555.80,31739.85,14,6893161,7445447,10394378240,38716497920
2025-05-14 07:21:56,40.451,3.799,0,0,49.90,30555.80,31739.85,14,6893361,7445647,10394378240,38716497920
2025-05-14 07:21:56,40.393,3.792,0,0,69.90,30555.80,31739.85,14,6893562,7445848,10394378240,38716497920
2025-05-14 07:21:57,40.790,3.955,0,0,59.90,30555.80,31739.85,14,6893763,7446049,10394378240,38716497920
2025-05-14 07:21:57,40.330,3.878,0,0,59.90,30555.80,31739.85,14,6893965,7446251,10394378240,38716497920
2025-05-14 07:21:57,40.706,3.834,0,0,59.90,30555.80,31739.85,14,6894166,7446452,10394378240,38716497920
2025-05-14 07:21:57,40.617,3.861,0,0,39.90,30555.80,31739.85,14,6894369,7446656,10394378240,38716502016
2025-05-14 07:21:57,40.364,3.866,0,4096,49.90,30555.80,31739.85,14,6894570,7446857,10394378240,38716502016
2025-05-14 07:21:58,40.855,3.882,0,0,49.90,30555.80,31739.85,14,6894771,7447058,10394378240,38716502016
2025-05-14 07:21:58,40.383,3.853,0,0,59.90,30555.80,31739.85,14,6894972,7447259,10394378240,38716502016
2025-05-14 07:21:58,40.688,3.878,0,0,49.90,30555.80,31739.85,14,6895174,7447461,10394378240,38716502016
2025-05-14 07:21:58,41.141,3.886,0,0,39.90,30555.80,31739.85,14,6895374,7447661,10394378240,38716502016
2025-05-14 07:21:58,40.074,3.858,0,0,39.90,30555.80,31739.85,14,6895575,7447862,10394378240,38716502016
2025-05-14 07:21:59,41.054,3.869,0,0,39.90,30555.80,31739.85,14,6895776,7448063,10394378240,38716502016
2025-05-14 07:21:59,40.207,3.849,0,0,59.90,30555.80,31739.85,14,6895977,7448264,10394378240,38716502016
2025-05-14 07:21:59,40.452,3.823,0,0,69.90,30555.80,31739.85,14,6896178,7448465,10394378240,38716502016
2025-05-14 07:21:59,40.508,3.834,0,0,59.90,30555.80,31739.85,14,6896379,7448666,10394378240,38716502016
2025-05-14 07:21:59,40.333,3.859,0,0,49.90,30555.80,31739.85,14,6896581,7448868,10394378240,38716502016
2025-05-14 07:22:00,41.949,3.928,0,0,49.90,30555.80,31739.85,14,6896784,7449071,10394378240,38716502016
2025-05-14 07:22:00,40.091,3.883,0,0,40.00,30555.80,31739.85,14,6896985,7449272,10394378240,38716502016
2025-05-14 07:22:00,40.464,3.908,0,0,39.90,30555.80,31739.85,14,6897186,7449473,10394378240,38716502016
2025-05-14 07:22:00,40.380,3.854,0,0,49.90,30555.80,31739.85,14,6897386,7449673,10394378240,38716502016
2025-05-14 07:22:00,40.557,3.899,0,0,49.90,30555.80,31739.85,14,6897587,7449874,10394378240,38716502016
2025-05-14 07:22:01,41.166,3.939,0,0,59.90,30555.80,31739.85,14,6897788,7450075,10394378240,38716502016
2025-05-14 07:22:01,39.707,3.880,0,0,59.90,30555.80,31739.85,14,6897989,7450276,10394378240,38716502016
2025-05-14 07:22:01,40.359,3.904,0,0,59.90,30555.80,31739.85,14,6898191,7450478,10394378240,38716502016
2025-05-14 07:22:01,40.463,3.865,0,0,49.90,30555.80,31739.85,14,6898391,7450678,10394378240,38716502016
2025-05-14 07:22:01,40.955,4.072,0,8192,49.90,30555.80,31739.85,14,6898598,7450887,10394378240,38716510208
2025-05-14 07:22:02,40.348,3.808,0,0,59.90,30555.80,31739.85,14,6898799,7451088,10394378240,38716510208
2025-05-14 07:22:02,40.844,3.833,0,0,49.90,30555.80,31739.85,14,6899000,7451289,10394378240,38716510208
2025-05-14 07:22:02,40.749,3.853,0,0,49.90,30555.80,31739.85,14,6899201,7451490,10394378240,38716510208
2025-05-14 07:22:02,40.240,3.823,0,0,39.90,30555.80,31739.85,14,6899402,7451691,10394378240,38716510208
2025-05-14 07:22:02,41.336,3.849,0,12288,39.90,30555.80,31739.85,14,6899611,7451903,10394378240,38716522496
2025-05-14 07:22:03,40.227,3.809,0,0,39.90,30555.80,31739.85,14,6899812,7452104,10394378240,38716522496
2025-05-14 07:22:03,40.296,3.807,0,0,49.90,30555.80,31739.85,14,6900013,7452305,10394378240,38716522496
2025-05-14 07:22:03,40.314,3.834,0,0,59.90,30555.80,31739.85,14,6900215,7452507,10394378240,38716522496
2025-05-14 07:22:03,40.560,3.888,0,0,49.90,30555.80,31739.85,14,6900416,7452708,10394378240,38716522496
2025-05-14 07:22:03,40.080,3.855,0,0,69.90,30555.80,31739.85,14,6900617,7452909,10394378240,38716522496
2025-05-14 07:22:04,40.282,3.859,0,0,39.90,30555.80,31739.85,14,6900819,7453111,10394378240,38716522496
2025-05-14 07:22:04,40.646,3.881,0,0,49.90,30555.80,31739.85,14,6901020,7453312,10394378240,38716522496
2025-05-14 07:22:04,40.005,3.816,0,0,59.90,30555.80,31739.85,14,6901221,7453513,10394378240,38716522496
2025-05-14 07:22:04,40.621,3.826,0,0,60.00,30555.80,31739.85,14,6901421,7453713,10394378240,38716522496
2025-05-14 07:22:04,40.089,3.796,0,4096,69.90,30555.80,31739.85,14,6901624,7453917,10394378240,38716526592
2025-05-14 07:22:05,40.441,3.876,0,0,39.90,30555.80,31739.85,14,6901825,7454118,10394378240,38716526592
2025-05-14 07:22:05,40.635,3.868,0,0,59.90,30555.80,31739.85,14,6902026,7454319,10394378240,38716526592
2025-05-14 07:22:05,40.384,3.794,0,0,59.90,30555.80,31739.85,14,6902227,7454520,10394378240,38716526592
2025-05-14 07:22:05,41.510,4.005,0,1789952,279.60,30555.80,31739.85,16,6902449,7454759,10394378240,38718316544
2025-05-14 07:22:05,42.678,3.944,0,0,39.90,30555.80,31739.85,16,6902650,7454960,10394378240,38718316544
2025-05-14 07:22:06,40.458,3.839,0,0,39.90,30555.80,31739.85,16,6902851,7455161,10394378240,38718316544
2025-05-14 07:22:06,40.010,3.813,0,0,49.90,30555.80,31739.85,16,6903052,7455362,10394378240,38718316544
2025-05-14 07:22:06,40.466,3.857,0,0,39.90,30555.80,31739.85,16,6903253,7455563,10394378240,38718316544
2025-05-14 07:22:06,40.486,3.871,0,0,39.90,30555.80,31739.85,16,6903453,7455763,10394378240,38718316544
2025-05-14 07:22:06,40.314,3.808,0,0,89.80,30555.80,31739.85,16,6903654,7455964,10394378240,38718316544
2025-05-14 07:22:07,40.690,3.929,0,0,49.90,30555.80,31739.85,16,6903856,7456166,10394378240,38718316544
2025-05-14 07:22:07,40.364,3.833,0,0,59.90,30555.80,31739.85,16,6904057,7456367,10394378240,38718316544
2025-05-14 07:22:07,40.000,3.871,0,0,59.90,30555.80,31739.85,16,6904258,7456568,10394378240,38718316544
2025-05-14 07:22:07,40.757,3.866,0,0,59.90,30555.80,31739.85,16,6904459,7456769,10394378240,38718316544
2025-05-14 07:22:07,40.293,3.806,0,0,49.90,30555.80,31739.85,16,6904668,7456981,10394378240,38718328832
2025-05-14 07:22:08,40.455,3.818,0,12288,49.90,30555.80,31739.85,16,6904869,7457182,10394378240,38718328832
2025-05-14 07:22:08,40.411,3.788,0,0,59.90,30555.80,31739.85,16,6905070,7457383,10394378240,38718328832
2025-05-14 07:22:08,40.285,3.854,0,0,59.90,30555.80,31739.85,16,6905272,7457585,10394378240,38718328832
2025-05-14 07:22:08,40.706,3.842,0,0,49.90,30555.80,31739.85,16,6905472,7457785,10394378240,38718328832
2025-05-14 07:22:08,39.922,3.802,0,0,49.90,30555.80,31739.85,16,6905673,7457986,10394378240,38718328832
2025-05-14 07:22:09,41.303,3.861,0,0,59.90,30555.80,31739.85,16,6905874,7458187,10394378240,38718328832
2025-05-14 07:22:09,40.780,3.834,0,0,59.90,30555.80,31739.85,16,6906075,7458388,10394378240,38718328832
2025-05-14 07:22:09,40.625,3.856,0,0,69.90,30555.80,31739.85,16,6906276,7458589,10394378240,38718328832
2025-05-14 07:22:09,40.460,3.864,0,0,59.90,30555.80,31739.85,16,6906478,7458791,10394378240,38718328832
2025-05-14 07:22:09,40.363,3.816,0,0,39.90,30555.80,31739.85,16,6906679,7458992,10394378240,38718328832
2025-05-14 07:22:10,40.785,3.825,0,0,39.90,30555.80,31739.85,16,6906880,7459193,10394378240,38718328832
2025-05-14 07:22:10,40.351,3.821,0,0,49.90,30555.80,31739.85,16,6907082,7459395,10394378240,38718328832
2025-05-14 07:22:10,40.702,3.875,0,0,59.90,30555.80,31739.85,16,6907286,7459599,10394378240,38718328832
2025-05-14 07:22:10,40.050,3.850,0,0,49.90,30555.80,31739.85,16,6907490,7459805,10394378240,38718361600
2025-05-14 07:22:10,41.068,3.875,0,32768,39.90,30555.80,31739.85,16,6907691,7460006,10394378240,38718361600
2025-05-14 07:22:11,40.393,3.798,0,0,39.90,30555.80,31739.85,16,6907893,7460208,10394378240,38718361600
2025-05-14 07:22:11,40.335,3.847,0,0,49.90,30555.80,31739.85,16,6908094,7460409,10394378240,38718361600
2025-05-14 07:22:11,41.944,3.961,0,0,59.90,30555.80,31739.85,16,6908299,7460614,10394378240,38718361600
2025-05-14 07:22:11,39.767,3.867,0,0,49.90,30555.80,31739.85,16,6908500,7460815,10394378240,38718361600
2025-05-14 07:22:11,43.150,4.194,0,0,49.90,30555.80,31739.85,16,6908697,7461012,10394378240,38718361600
2025-05-14 07:22:12,40.049,3.853,0,0,59.90,30555.80,31739.85,16,6908898,7461213,10394378240,38718361600
2025-05-14 07:22:12,40.420,3.808,0,0,49.90,30555.80,31739.85,16,6909100,7461415,10394378240,38718361600
2025-05-14 07:22:12,41.151,3.834,0,0,49.90,30555.80,31739.85,16,6909301,7461616,10394378240,38718361600
2025-05-14 07:22:12,39.902,3.813,0,0,49.90,30555.80,31739.85,16,6909501,7461816,10394378240,38718361600
2025-05-14 07:22:12,41.374,3.837,0,0,49.90,30555.80,31739.85,16,6909702,7462017,10394378240,38718361600
2025-05-14 07:22:13,40.001,3.801,0,0,59.90,30555.80,31739.85,16,6909903,7462218,10394378240,38718361600
2025-05-14 07:22:13,40.485,3.756,0,0,49.90,30555.80,31739.85,16,6910104,7462419,10394378240,38718361600
2025-05-14 07:22:13,40.176,3.853,0,0,49.90,30555.80,31739.85,16,6910305,7462620,10394378240,38718361600
2025-05-14 07:22:13,40.022,3.836,0,0,39.90,30555.80,31739.85,16,6910506,7462821,10394378240,38718361600
2025-05-14 07:22:14,40.631,3.840,0,0,59.90,30555.80,31739.85,16,6910707,7463022,10394378240,38718361600
2025-05-14 07:22:14,40.069,3.821,0,0,49.90,30555.80,31739.85,16,6910908,7463223,10394378240,38718361600
2025-05-14 07:22:14,40.436,3.811,0,0,49.90,30555.80,31739.85,16,6911109,7463424,10394378240,38718361600
2025-05-14 07:22:14,40.013,3.800,0,0,59.90,30555.80,31739.85,16,6911310,7463625,10394378240,38718361600
2025-05-14 07:22:14,40.418,3.830,0,0,49.90,30555.80,31739.85,16,6911511,7463826,10394378240,38718361600
2025-05-14 07:22:15,41.058,3.846,0,0,59.90,30555.80,31739.85,16,6911712,7464027,10394378240,38718361600
2025-05-14 07:22:15,40.312,3.842,0,0,59.90,30555.80,31739.85,16,6911913,7464228,10394378240,38718361600
2025-05-14 07:22:15,40.789,3.851,0,0,59.90,30555.80,31739.85,16,6912114,7464429,10394378240,38718361600
2025-05-14 07:22:15,40.199,3.813,0,0,49.90,30555.80,31739.85,16,6912315,7464630,10394378240,38718361600
2025-05-14 07:22:15,40.209,3.836,0,0,49.90,30555.80,31739.85,16,6912516,7464831,10394378240,38718361600
2025-05-14 07:22:16,40.380,3.836,0,0,49.90,30555.80,31739.85,16,6912717,7465032,10394378240,38718361600
2025-05-14 07:22:16,40.526,3.831,0,0,49.90,30555.80,31739.85,16,6912919,7465234,10394378240,38718361600
2025-05-14 07:22:16,39.937,3.832,0,0,49.90,30555.80,31739.85,16,6913120,7465435,10394378240,38718361600
2025-05-14 07:22:16,40.244,3.843,0,0,49.90,30555.80,31739.85,16,6913320,7465635,10394378240,38718361600
2025-05-14 07:22:16,40.317,3.865,0,0,39.90,30555.80,31739.85,16,6913521,7465836,10394378240,38718361600
2025-05-14 07:22:17,40.610,3.890,0,0,79.80,30555.80,31739.85,16,6913721,7466036,10394378240,38718361600
2025-05-14 07:22:17,40.843,3.872,0,0,59.90,30555.80,31739.85,16,6913923,7466238,10394378240,38718361600
2025-05-14 07:22:17,40.874,3.857,0,0,59.90,30555.80,31739.85,16,6914124,7466439,10394378240,38718361600
2025-05-14 07:22:17,40.583,3.884,0,0,49.90,30555.80,31739.85,16,6914325,7466640,10394378240,38718361600
2025-05-14 07:22:17,40.626,3.844,0,0,49.90,30555.80,31739.85,16,6914526,7466841,10394378240,38718361600
2025-05-14 07:22:18,40.685,3.860,0,0,49.90,30555.80,31739.85,13,6914727,7467042,10394378240,38718361600
2025-05-14 07:22:18,40.963,3.809,0,0,59.90,30555.80,31739.85,13,6914928,7467243,10394378240,38718361600
2025-05-14 07:22:18,40.244,3.811,0,0,59.90,30555.80,31739.85,13,6915129,7467444,10394378240,38718361600
2025-05-14 07:22:18,40.114,3.857,0,0,59.90,30555.80,31739.85,13,6915329,7467644,10394378240,38718361600
2025-05-14 07:22:18,41.053,3.878,0,0,39.90,30555.80,31739.85,13,6915531,7467846,10394378240,38718361600
2025-05-14 07:22:19,40.275,3.836,0,0,39.90,30555.80,31739.85,13,6915732,7468047,10394378240,38718361600
2025-05-14 07:22:19,40.507,3.833,0,0,39.90,30555.80,31739.85,13,6915933,7468248,10394378240,38718361600
2025-05-14 07:22:19,39.946,3.814,0,0,49.90,30555.80,31739.85,13,6916134,7468449,10394378240,38718361600
2025-05-14 07:22:19,40.362,3.834,0,0,49.90,30555.80,31739.85,13,6916336,7468651,10394378240,38718361600
2025-05-14 07:22:19,40.258,3.815,0,0,49.90,30555.80,31739.85,13,6916537,7468852,10394378240,38718361600
2025-05-14 07:22:20,40.043,3.785,0,0,49.90,30555.80,31739.85,13,6916738,7469053,10394378240,38718361600
2025-05-14 07:22:20,40.319,3.824,0,0,49.90,30555.80,31739.85,13,6916939,7469254,10394378240,38718361600
2025-05-14 07:22:20,39.822,3.789,0,0,49.90,30555.80,31739.85,13,6917140,7469455,10394378240,38718361600
2025-05-14 07:22:20,41.473,3.842,0,0,59.90,30555.80,31739.85,13,6917345,7469660,10394378240,38718361600
2025-05-14 07:22:20,40.126,3.866,0,0,49.90,30555.80,31731.85,11,6917546,7469861,10394378240,38718361600
2025-05-14 07:22:21,40.348,3.800,0,0,39.90,30555.80,31731.85,11,6917747,7470062,10394378240,38718361600
2025-05-14 07:22:21,40.766,3.862,0,0,59.90,30555.80,31731.85,11,6917948,7470263,10394378240,38718361600
2025-05-14 07:22:21,39.664,3.824,0,0,49.90,30555.80,31731.85,11,6918150,7470465,10394378240,38718361600
2025-05-14 07:22:21,40.876,3.837,0,0,59.90,30555.80,31731.85,11,6918351,7470666,10394378240,38718361600
2025-05-14 07:22:21,40.023,3.862,0,0,59.90,30555.80,31731.85,11,6918552,7470867,10394378240,38718361600
2025-05-14 07:22:22,40.896,4.079,0,0,49.90,30555.80,31731.85,11,6918753,7471068,10394378240,38718361600
2025-05-14 07:22:22,39.978,3.777,0,0,59.90,30555.80,31731.85,11,6918954,7471269,10394378240,38718361600
2025-05-14 07:22:22,40.200,3.818,0,0,49.90,30555.80,31731.85,11,6919155,7471470,10394378240,38718361600
2025-05-14 07:22:22,40.286,3.846,0,0,49.90,30555.80,31731.85,11,6919356,7471671,10394378240,38718361600
2025-05-14 07:22:22,40.057,3.823,0,0,39.90,30555.80,31731.85,11,6919557,7471872,10394378240,38718361600
2025-05-14 07:22:23,40.206,3.874,0,0,49.90,30555.80,31731.85,11,6919758,7472073,10394378240,38718361600
2025-05-14 07:22:23,39.871,3.809,0,0,39.90,30555.80,31731.85,11,6919959,7472274,10394378240,38718361600
2025-05-14 07:22:23,41.513,3.982,0,28672,149.70,30555.80,31731.85,12,6920170,7472490,10394378240,38718390272
2025-05-14 07:22:23,43.301,4.164,0,20480,179.70,30555.80,31731.85,12,6920410,7472743,10394378240,38718484480
2025-05-14 07:22:23,42.897,4.105,0,81920,169.70,30555.80,31731.85,13,6920743,7473129,10394378240,38718836736
2025-05-14 07:22:24,43.043,4.122,0,487424,59.90,30555.80,31731.85,13,6921006,7473414,10394378240,38718980096
2025-05-14 07:22:24,40.076,3.758,0,0,149.70,30555.80,31731.85,13,6921207,7473615,10394378240,38718980096
2025-05-14 07:22:24,40.983,3.929,0,0,59.90,30555.80,31731.85,13,6921408,7473816,10394378240,38718980096
2025-05-14 07:22:24,40.335,3.781,0,0,59.90,30555.80,31731.85,13,6921608,7474016,10394378240,38718980096
2025-05-14 07:22:24,40.415,3.892,0,0,59.90,30555.81,31739.85,16,6921836,7474284,10394382336,38719139840
2025-05-14 07:22:25,40.408,3.918,4096,159744,39.90,30555.81,31739.85,16,6922037,7474485,10394382336,38719139840
2025-05-14 07:22:25,40.409,3.819,0,0,59.90,30555.81,31739.85,16,6922238,7474686,10394382336,38719139840
2025-05-14 07:22:25,40.146,3.842,0,0,49.90,30555.81,31739.85,16,6922439,7474887,10394382336,38719139840
2025-05-14 07:22:25,40.366,3.789,0,0,59.90,30555.81,31739.85,16,6922641,7475089,10394382336,38719139840
2025-05-14 07:22:25,40.290,3.824,0,0,59.90,30555.81,31739.85,16,6922842,7475290,10394382336,38719139840
2025-05-14 07:22:26,40.382,3.809,0,0,39.90,30555.81,31739.85,16,6923043,7475491,10394382336,38719139840
2025-05-14 07:22:26,40.721,3.854,0,0,49.90,30555.81,31739.85,16,6923244,7475692,10394382336,38719139840
2025-05-14 07:22:26,40.088,3.839,0,0,59.90,30555.81,31739.85,16,6923445,7475893,10394382336,38719139840
2025-05-14 07:22:26,40.318,3.817,0,0,59.90,30555.81,31739.85,16,6923646,7476094,10394382336,38719139840
2025-05-14 07:22:26,40.232,3.865,0,0,59.90,30555.81,31739.85,16,6923847,7476295,10394382336,38719139840
2025-05-14 07:22:27,40.402,3.893,0,0,109.80,30555.81,31739.85,16,6924048,7476496,10394382336,38719139840
2025-05-14 07:22:27,40.997,3.963,0,0,49.90,30555.81,31739.85,16,6924249,7476697,10394382336,38719139840
2025-05-14 07:22:27,40.428,3.810,0,0,69.90,30555.81,31739.85,16,6924450,7476898,10394382336,38719139840
2025-05-14 07:22:27,40.242,3.819,0,0,69.90,30555.81,31739.85,16,6924652,7477100,10394382336,38719139840
2025-05-14 07:22:27,41.207,3.940,0,0,59.90,30555.81,31739.85,16,6924853,7477301,10394382336,38719139840
2025-05-14 07:22:28,40.400,3.831,0,0,59.90,30555.81,31739.85,16,6925054,7477502,10394382336,38719139840
2025-05-14 07:22:28,41.559,3.901,0,0,39.90,30555.81,31739.85,16,6925255,7477703,10394382336,38719139840
2025-05-14 07:22:28,40.865,3.856,0,0,49.90,30555.81,31739.85,16,6925456,7477904,10394382336,38719139840
2025-05-14 07:22:28,40.961,3.834,0,0,59.90,30555.81,31739.85,16,6925656,7478104,10394382336,38719139840
2025-05-14 07:22:28,40.781,3.818,0,0,59.90,30555.81,31739.85,16,6925857,7478305,10394382336,38719139840
2025-05-14 07:22:29,40.412,3.810,0,0,49.90,30555.81,31739.85,16,6926067,7478518,10394382336,38719160320
2025-05-14 07:22:29,41.029,3.811,0,20480,69.90,30555.81,31739.85,16,6926268,7478719,10394382336,38719160320
2025-05-14 07:22:29,40.389,3.825,0,0,59.90,30555.81,31739.85,16,6926469,7478920,10394382336,38719160320
2025-05-14 07:22:29,40.028,3.835,0,0,59.90,30555.81,31739.85,16,6926670,7479121,10394382336,38719160320
2025-05-14 07:22:29,40.526,3.845,0,0,49.90,30555.81,31739.85,16,6926871,7479322,10394382336,38719160320
2025-05-14 07:22:30,40.044,3.845,0,0,49.90,30555.81,31739.85,16,6927074,7479526,10394382336,38719164416
2025-05-14 07:22:30,40.893,3.828,0,4096,49.90,30555.81,31739.85,16,6927275,7479727,10394382336,38719164416
2025-05-14 07:22:30,40.050,3.747,0,0,49.90,30555.81,31739.85,16,6927477,7479929,10394382336,38719164416
2025-05-14 07:22:30,40.614,3.806,0,0,49.90,30555.81,31739.85,16,6927679,7480131,10394382336,38719164416
2025-05-14 07:22:30,40.735,3.854,0,0,49.90,30555.81,31739.85,16,6927880,7480332,10394382336,38719164416
2025-05-14 07:22:31,39.960,3.810,0,0,69.90,30555.81,31739.85,16,6928081,7480533,10394382336,38719164416
2025-05-14 07:22:31,40.832,3.805,0,0,49.90,30555.81,31739.85,16,6928282,7480734,10394382336,38719164416
2025-05-14 07:22:31,40.095,3.791,0,0,59.90,30555.81,31739.85,16,6928483,7480935,10394382336,38719164416
2025-05-14 07:22:31,40.816,3.885,0,0,69.90,30555.81,31739.85,16,6928684,7481136,10394382336,38719164416
2025-05-14 07:22:31,40.380,3.813,0,0,59.90,30555.81,31739.85,16,6928886,7481338,10394382336,38719164416
2025-05-14 07:22:32,41.097,3.979,0,0,50.00,30555.81,31739.85,16,6929087,7481539,10394382336,38719164416
2025-05-14 07:22:32,40.779,3.858,0,0,69.90,30555.81,31739.85,16,6929288,7481740,10394382336,38719164416
2025-05-14 07:22:32,40.139,3.834,0,0,59.90,30555.81,31739.85,16,6929489,7481941,10394382336,38719164416
2025-05-14 07:22:32,40.276,3.811,0,0,69.90,30555.81,31739.85,16,6929689,7482141,10394382336,38719164416
2025-05-14 07:22:32,40.631,3.817,0,0,49.90,30555.81,31739.85,16,6929890,7482342,10394382336,38719164416
2025-05-14 07:22:33,40.447,3.875,0,16384,49.90,30555.81,31739.85,16,6930095,7482549,10394382336,38719180800
2025-05-14 07:22:33,40.064,3.847,0,0,49.90,30555.81,31739.85,16,6930297,7482751,10394382336,38719180800
2025-05-14 07:22:33,40.726,3.878,0,0,49.90,30555.81,31739.85,16,6930498,7482952,10394382336,38719180800
2025-05-14 07:22:33,40.063,3.812,0,0,59.90,30555.81,31739.85,16,6930699,7483153,10394382336,38719180800
2025-05-14 07:22:33,40.933,3.832,0,0,49.90,30555.81,31739.85,16,6930900,7483354,10394382336,38719180800
2025-05-14 07:22:34,40.435,3.789,0,0,49.90,30555.81,31739.85,16,6931101,7483555,10394382336,38719180800
2025-05-14 07:22:34,40.212,3.740,0,8192,49.90,30555.81,31739.85,16,6931310,7483779,10394382336,38719188992
2025-05-14 07:22:34,40.845,3.809,0,0,59.90,30555.81,31739.85,16,6931512,7483981,10394382336,38719188992
2025-05-14 07:22:34,40.009,3.795,0,0,59.90,30555.81,31739.85,16,6931712,7484181,10394382336,38719188992
2025-05-14 07:22:34,40.915,3.811,0,0,89.80,30555.81,31739.85,16,6931913,7484382,10394382336,38719188992
2025-05-14 07:22:35,40.329,3.832,0,0,49.90,30555.81,31739.85,16,6932114,7484583,10394382336,38719188992
2025-05-14 07:22:35,40.307,3.846,0,0,49.90,30555.81,31739.85,16,6932313,7484782,10394382336,38719188992
2025-05-14 07:22:35,41.390,3.878,0,0,59.90,30555.81,31739.85,16,6932514,7484983,10394382336,38719188992
2025-05-14 07:22:35,40.309,3.823,0,0,409.20,30555.81,31739.85,16,6932723,7485193,10394382336,38719205376
2025-05-14 07:22:35,44.540,4.015,0,16384,59.90,30555.81,31739.85,16,6932924,7485394,10394382336,38719205376
2025-05-14 07:22:36,40.193,3.830,0,0,49.90,30555.81,31739.85,16,6933125,7485595,10394382336,38719205376
2025-05-14 07:22:36,40.426,3.783,0,0,39.90,30555.81,31739.85,16,6933326,7485796,10394382336,38719205376
2025-05-14 07:22:36,40.416,3.821,0,0,39.90,30555.81,31739.85,16,6933527,7485997,10394382336,38719205376
2025-05-14 07:22:36,40.573,3.824,0,0,49.90,30555.81,31739.85,16,6933728,7486198,10394382336,38719205376
2025-05-14 07:22:36,40.869,3.827,0,0,69.90,30555.81,31739.85,16,6933929,7486399,10394382336,38719205376
2025-05-14 07:22:37,40.978,3.922,0,0,59.90,30555.81,31739.85,16,6934125,7486595,10394382336,38719205376
2025-05-14 07:22:37,40.400,3.936,0,0,59.90,30555.81,31739.85,16,6934326,7486796,10394382336,38719205376
2025-05-14 07:22:37,40.519,3.876,0,0,79.80,30555.81,31739.85,16,6934527,7486997,10394382336,38719205376
2025-05-14 07:22:37,40.887,3.901,0,0,59.90,30555.81,31739.85,16,6934728,7487198,10394382336,38719205376
2025-05-14 07:22:37,38.835,3.892,0,0,99.80,30555.81,31739.85,16,6934929,7487399,10394382336,38719205376
2025-05-14 07:22:38,38.550,3.888,0,0,69.90,30555.81,31739.85,16,6935130,7487600,10394382336,38719205376
2025-05-14 07:22:38,38.457,3.861,0,0,49.90,30555.81,31739.85,16,6935332,7487802,10394382336,38719205376
2025-05-14 07:22:38,38.212,3.900,0,0,69.90,30555.81,31739.85,16,6935533,7488003,10394382336,38719205376
2025-05-14 07:22:38,38.301,3.867,0,0,69.90,30555.81,31739.85,16,6935733,7488203,10394382336,38719205376
2025-05-14 07:22:38,37.907,3.890,0,0,49.90,30555.81,31739.85,16,6935934,7488404,10394382336,38719205376
2025-05-14 07:22:39,38.488,3.947,0,0,39.90,30555.81,31739.85,16,6936135,7488605,10394382336,38719205376
2025-05-14 07:22:39,38.983,3.911,0,0,59.90,30555.81,31739.85,16,6936336,7488806,10394382336,38719205376
2025-05-14 07:22:39,37.839,3.872,0,12288,59.90,30555.81,31739.85,16,6936545,7489018,10394382336,38719217664
2025-05-14 07:22:39,38.290,3.872,0,0,49.90,30555.81,31739.85,16,6936746,7489219,10394382336,38719217664
2025-05-14 07:22:39,37.720,3.836,0,0,49.90,30555.81,31739.85,16,6936947,7489420,10394382336,38719217664
2025-05-14 07:22:40,38.975,3.844,0,0,59.90,30555.81,31739.85,16,6937152,7489625,10394382336,38719217664
2025-05-14 07:22:40,38.313,3.819,0,0,59.90,30555.81,31739.85,16,6937353,7489826,10394382336,38719217664
2025-05-14 07:22:40,38.154,3.879,0,0,39.90,30555.81,31739.85,16,6937554,7490027,10394382336,38719217664
2025-05-14 07:22:40,39.353,3.903,0,0,49.90,30555.81,31739.85,16,6937755,7490228,10394382336,38719217664
2025-05-14 07:22:40,38.284,3.853,0,0,59.90,30555.81,31739.85,16,6937956,7490429,10394382336,38719217664
2025-05-14 07:22:41,42.402,3.862,0,0,59.90,30555.81,31739.85,16,6938157,7490630,10394382336,38719217664
2025-05-14 07:22:41,40.905,3.849,0,0,49.90,30555.81,31739.85,16,6938358,7490831,10394382336,38719217664
2025-05-14 07:22:41,40.872,3.807,0,20480,49.90,30555.81,31739.85,16,6938565,7491043,10394382336,38719238144
2025-05-14 07:22:41,40.408,3.784,0,0,69.90,30555.81,31739.85,16,6938766,7491244,10394382336,38719238144
2025-05-14 07:22:41,40.230,3.832,0,0,49.90,30555.81,31739.85,16,6938968,7491446,10394382336,38719238144
2025-05-14 07:22:42,40.922,3.829,0,0,49.90,30555.81,31739.85,16,6939169,7491647,10394382336,38719238144
2025-05-14 07:22:42,40.301,3.773,0,0,49.90,30555.81,31739.85,16,6939370,7491848,10394382336,38719238144
2025-05-14 07:22:42,41.032,3.783,0,0,49.90,30555.81,31739.85,16,6939571,7492049,10394382336,38719238144
2025-05-14 07:22:42,40.116,3.753,0,0,59.90,30555.81,31739.85,16,6939771,7492249,10394382336,38719238144
2025-05-14 07:22:42,40.537,3.805,0,0,59.90,30555.81,31739.85,16,6939972,7492450,10394382336,38719238144
2025-05-14 07:22:43,41.069,3.830,0,0,69.90,30555.81,31739.85,16,6940174,7492652,10394382336,38719238144
2025-05-14 07:22:43,40.291,3.769,0,0,59.90,30555.81,31739.85,16,6940375,7492853,10394382336,38719238144
2025-05-14 07:22:43,40.829,3.892,0,0,49.90,30555.81,31739.85,16,6940576,7493054,10394382336,38719238144
2025-05-14 07:22:43,37.536,3.864,0,0,69.90,30555.81,31739.85,16,6940777,7493255,10394382336,38719238144
2025-05-14 07:22:43,38.118,3.890,0,0,49.90,30555.81,31739.85,16,6940978,7493456,10394382336,38719238144
2025-05-14 07:22:44,40.087,3.834,0,0,49.90,30555.81,31739.85,16,6941179,7493657,10394382336,38719238144
2025-05-14 07:22:44,40.382,3.770,0,0,49.90,30555.81,31739.85,16,6941380,7493858,10394382336,38719238144
2025-05-14 07:22:44,40.912,3.804,0,0,69.90,30555.81,31739.85,16,6941590,7494071,10394382336,38719250432
2025-05-14 07:22:44,40.136,3.814,0,12288,69.90,30555.81,31739.85,16,6941790,7494271,10394382336,38719250432
2025-05-14 07:22:44,41.463,3.853,0,0,89.80,30555.81,31739.85,16,6941989,7494470,10394382336,38719250432
2025-05-14 07:22:45,40.793,3.933,0,0,49.90,30555.81,31739.85,16,6942190,7494671,10394382336,38719250432
2025-05-14 07:22:45,40.571,3.813,0,0,49.90,30555.81,31739.85,16,6942391,7494872,10394382336,38719250432
2025-05-14 07:22:45,40.479,3.801,0,0,39.90,30555.81,31739.85,16,6942593,7495074,10394382336,38719250432
2025-05-14 07:22:45,40.576,3.776,0,0,49.90,30555.81,31739.85,16,6942794,7495275,10394382336,38719250432
2025-05-14 07:22:45,40.571,3.829,0,0,59.90,30555.81,31739.85,16,6942995,7495476,10394382336,38719250432
2025-05-14 07:22:46,40.562,3.785,0,0,49.90,30555.81,31739.85,16,6943196,7495677,10394382336,38719250432
2025-05-14 07:22:46,40.460,3.748,0,0,59.90,30555.81,31739.85,16,6943397,7495878,10394382336,38719250432
2025-05-14 07:22:46,40.142,3.799,0,0,59.90,30555.81,31739.85,16,6943598,7496079,10394382336,38719250432
2025-05-14 07:22:46,40.429,3.742,0,0,59.90,30555.81,31739.85,16,6943798,7496279,10394382336,38719250432
2025-05-14 07:22:46,40.399,3.752,0,0,69.90,30555.81,31739.85,16,6944000,7496481,10394382336,38719250432
2025-05-14 07:22:47,41.214,3.884,0,0,49.90,30555.81,31739.85,16,6944206,7496687,10394382336,38719250432
2025-05-14 07:22:47,40.463,3.824,0,0,59.90,30555.81,31739.85,16,6944407,7496888,10394382336,38719250432
2025-05-14 07:22:47,40.422,3.830,0,0,59.90,30555.81,31739.85,16,6944608,7497089,10394382336,38719250432
2025-05-14 07:22:47,40.524,3.785,0,0,49.90,30555.81,31739.85,16,6944809,7497290,10394382336,38719250432
2025-05-14 07:22:47,40.536,3.867,0,0,39.90,30555.81,31739.85,16,6945010,7497491,10394382336,38719250432
2025-05-14 07:22:48,40.765,3.757,0,0,49.90,30555.81,31739.85,16,6945212,7497693,10394382336,38719250432
2025-05-14 07:22:48,40.548,3.779,0,0,59.90,30555.81,31739.85,16,6945413,7497894,10394382336,38719250432
2025-05-14 07:22:48,40.537,3.724,0,0,59.90,30555.81,31739.85,16,6945613,7498094,10394382336,38719250432
2025-05-14 07:22:48,41.188,3.812,0,0,59.90,30555.81,31739.85,16,6945814,7498295,10394382336,38719250432
2025-05-14 07:22:49,40.957,3.825,0,0,59.90,30555.81,31739.85,16,6946015,7498496,10394382336,38719250432
2025-05-14 07:22:49,40.648,3.807,0,0,59.90,30555.81,31739.85,16,6946216,7498697,10394382336,38719250432
2025-05-14 07:22:49,41.437,3.803,0,0,49.90,30555.81,31739.85,16,6946418,7498899,10394382336,38719250432
2025-05-14 07:22:49,40.329,3.793,0,0,59.90,30555.81,31739.85,16,6946619,7499100,10394382336,38719250432
2025-05-14 07:22:49,41.600,3.829,0,0,69.90,30555.81,31739.85,16,6946820,7499301,10394382336,38719250432
2025-05-14 07:22:50,40.356,3.850,0,0,49.90,30555.81,31739.85,16,6947021,7499502,10394382336,38719250432
2025-05-14 07:22:50,40.533,3.833,0,0,69.90,30555.81,31739.85,16,6947226,7499707,10394382336,38719250432
2025-05-14 07:22:50,41.036,3.851,0,0,69.90,30555.81,31739.85,16,6947427,7499908,10394382336,38719250432
2025-05-14 07:22:50,39.822,3.772,0,0,59.90,30555.81,31739.85,16,6947627,7500108,10394382336,38719250432
2025-05-14 07:22:50,41.357,3.810,0,0,69.90,30555.81,31739.85,16,6947829,7500310,10394382336,38719250432
2025-05-14 07:22:51,39.905,3.821,0,0,39.90,30555.81,31739.85,16,6948030,7500511,10394382336,38719250432
2025-05-14 07:22:51,40.460,3.785,0,0,49.90,30555.81,31739.85,16,6948231,7500712,10394382336,38719250432
2025-05-14 07:22:51,40.985,3.903,0,0,59.90,30555.81,31739.85,16,6948432,7500913,10394382336,38719250432
2025-05-14 07:22:51,41.039,3.855,0,0,39.90,30555.81,31739.85,15,6948633,7501114,10394382336,38719250432
2025-05-14 07:22:51,41.011,3.844,0,0,49.90,30555.81,31739.85,15,6948834,7501315,10394382336,38719250432
2025-05-14 07:22:52,40.253,3.798,0,0,49.90,30555.81,31739.85,15,6949035,7501516,10394382336,38719250432
2025-05-14 07:22:52,40.889,3.853,0,0,49.90,30555.81,31739.85,15,6949236,7501718,10394382336,38719250432
2025-05-14 07:22:52,40.514,3.764,0,0,59.90,30555.81,31739.85,15,6949438,7501919,10394382336,38719250432
2025-05-14 07:22:52,40.496,3.780,0,0,59.90,30555.81,31739.85,15,6949638,7502119,10394382336,38719250432
2025-05-14 07:22:52,40.495,3.807,0,0,49.90,30555.81,31739.85,15,6949839,7502320,10394382336,38719250432
2025-05-14 07:22:53,40.595,3.838,0,0,49.90,30555.81,31739.85,15,6950040,7502521,10394382336,38719250432
2025-05-14 07:22:53,40.621,3.841,0,0,69.90,30555.81,31739.85,15,6950241,7502722,10394382336,38719250432
2025-05-14 07:22:53,40.879,3.765,0,0,59.90,30555.81,31739.85,15,6950442,7502923,10394382336,38719250432
2025-05-14 07:22:53,41.027,3.826,0,0,49.90,30555.81,31739.85,15,6950644,7503125,10394382336,38719250432
2025-05-14 07:22:53,40.155,3.774,0,0,59.90,30555.81,31739.85,15,6950845,7503326,10394382336,38719250432
2025-05-14 07:22:54,41.143,3.878,0,4096,49.90,30555.81,31739.85,15,6951048,7503530,10394382336,38719254528
2025-05-14 07:22:54,40.360,3.822,0,0,59.90,30555.81,31739.85,15,6951249,7503731,10394382336,38719254528
2025-05-14 07:22:54,41.065,3.805,0,0,49.90,30555.81,31739.85,15,6951450,7503932,10394382336,38719254528
2025-05-14 07:22:54,40.775,3.830,0,0,59.90,30555.81,31739.85,12,6951650,7504132,10394382336,38719254528
2025-05-14 07:22:54,40.046,3.765,0,0,49.90,30555.81,31739.85,12,6951851,7504333,10394382336,38719254528
2025-05-14 07:22:55,41.432,3.876,0,0,69.90,30555.81,31739.85,12,6952053,7504535,10394382336,38719254528
2025-05-14 07:22:55,40.325,3.786,0,0,49.90,30555.81,31739.85,12,6952254,7504736,10394382336,38719254528
2025-05-14 07:22:55,41.073,3.760,0,0,49.90,30555.81,31739.85,12,6952457,7504940,10394382336,38719295488
2025-05-14 07:22:55,40.477,3.818,0,40960,59.90,30555.81,31739.85,12,6952658,7505141,10394382336,38719295488
2025-05-14 07:22:55,40.487,3.734,0,0,69.90,30555.81,31739.85,12,6952859,7505342,10394382336,38719295488
2025-05-14 07:22:56,41.582,3.782,0,0,59.90,30555.81,31739.85,12,6953060,7505543,10394382336,38719295488
2025-05-14 07:22:56,40.028,3.700,0,0,59.90,30555.81,31739.85,12,6953262,7505745,10394382336,38719295488
2025-05-14 07:22:56,40.916,3.805,0,0,59.90,30555.81,31739.85,12,6953463,7505946,10394382336,38719295488
2025-05-14 07:22:56,39.993,3.735,0,0,69.90,30555.81,31739.85,12,6953663,7506146,10394382336,38719295488
2025-05-14 07:22:56,40.311,3.770,0,0,59.90,30555.81,31739.85,12,6953864,7506347,10394382336,38719295488
2025-05-14 07:22:57,42.108,4.042,0,53248,99.80,30555.81,31739.85,13,6954073,7506561,10394382336,38719348736
2025-05-14 07:22:57,40.403,3.905,0,0,59.90,30555.81,31739.85,13,6954274,7506762,10394382336,38719348736
2025-05-14 07:22:57,41.494,3.835,0,0,69.90,30555.81,31739.85,13,6954475,7506963,10394382336,38719348736
2025-05-14 07:22:57,40.266,3.774,0,0,59.90,30555.81,31739.85,13,6954676,7507164,10394382336,38719348736
2025-05-14 07:22:57,40.445,3.772,0,0,59.90,30555.81,31739.85,13,6954877,7507365,10394382336,38719348736
2025-05-14 07:22:58,40.735,3.825,0,0,49.90,30555.81,31739.85,13,6955078,7507566,10394382336,38719348736
2025-05-14 07:22:58,40.429,3.789,0,0,49.90,30555.81,31739.85,13,6955279,7507767,10394382336,38719348736
2025-05-14 07:22:58,41.010,3.858,0,0,69.90,30555.81,31739.85,13,6955487,7507978,10394382336,38719361024
2025-05-14 07:22:58,40.334,3.778,0,12288,69.90,30555.81,31739.85,13,6955687,7508178,10394382336,38719361024
2025-05-14 07:22:58,40.320,3.789,0,0,79.90,30555.81,31739.85,13,6955888,7508379,10394382336,38719361024
2025-05-14 07:22:59,40.544,3.811,0,0,49.90,30555.81,31739.85,13,6956089,7508580,10394382336,38719361024
2025-05-14 07:22:59,40.466,3.778,0,0,69.90,30555.81,31739.85,13,6956290,7508781,10394382336,38719361024
2025-05-14 07:22:59,40.873,3.777,0,0,59.90,30555.81,31739.85,13,6956499,7508993,10394382336,38719373312
2025-05-14 07:22:59,40.421,3.742,0,12288,59.90,30555.81,31739.85,13,6956700,7509194,10394382336,38719373312
2025-05-14 07:22:59,40.330,3.762,0,0,59.90,30555.81,31739.85,13,6956902,7509396,10394382336,38719373312
2025-05-14 07:23:00,40.642,3.765,0,0,79.90,30555.81,31739.85,13,6957105,7509599,10394382336,38719373312
2025-05-14 07:23:00,40.662,3.848,0,0,49.90,30555.81,31739.85,13,6957306,7509800,10394382336,38719373312
2025-05-14 07:23:00,40.548,3.749,0,0,59.90,30555.81,31739.85,13,6957507,7510001,10394382336,38719373312
2025-05-14 07:23:00,40.950,3.809,0,0,49.90,30555.81,31739.85,13,6957707,7510201,10394382336,38719373312
2025-05-14 07:23:00,40.684,3.816,0,0,59.90,30555.81,31739.85,13,6957908,7510402,10394382336,38719373312
2025-05-14 07:23:01,40.989,3.793,0,0,59.90,30555.81,31739.85,13,6958109,7510603,10394382336,38719373312
2025-05-14 07:23:01,40.272,3.802,0,0,59.90,30555.81,31739.85,13,6958310,7510804,10394382336,38719373312
2025-05-14 07:23:01,40.795,3.963,0,0,49.90,30555.81,31739.85,13,6958511,7511005,10394382336,38719373312
2025-05-14 07:23:01,40.643,3.848,0,0,59.90,30555.81,31739.85,13,6958712,7511206,10394382336,38719373312
2025-05-14 07:23:01,40.310,3.858,0,0,89.90,30555.81,31739.85,13,6958919,7511415,10394382336,38719381504
2025-05-14 07:23:02,40.756,3.844,0,8192,49.90,30555.81,31739.85,13,6959121,7511617,10394382336,38719381504
2025-05-14 07:23:02,41.058,3.813,0,0,59.90,30555.81,31739.85,13,6959322,7511818,10394382336,38719381504
2025-05-14 07:23:02,40.453,3.765,0,0,59.90,30555.81,31739.85,13,6959523,7512019,10394382336,38719381504
2025-05-14 07:23:02,40.429,3.813,0,0,59.90,30555.81,31739.85,13,6959723,7512219,10394382336,38719381504
2025-05-14 07:23:02,40.292,3.815,0,0,59.90,30555.81,31739.85,13,6959924,7512420,10394382336,38719381504
2025-05-14 07:23:03,40.364,3.839,0,0,39.90,30555.81,31739.85,13,6960125,7512621,10394382336,38719381504
2025-05-14 07:23:03,40.826,3.790,0,0,59.90,30555.81,31739.85,13,6960326,7512822,10394382336,38719381504
2025-05-14 07:23:03,40.427,3.817,0,0,59.90,30555.81,31739.85,13,6960528,7513024,10394382336,38719381504
2025-05-14 07:23:03,40.558,3.817,0,0,69.90,30555.81,31739.85,13,6960729,7513225,10394382336,38719381504
2025-05-14 07:23:03,40.279,3.780,0,0,59.90,30555.81,31739.85,13,6960930,7513426,10394382336,38719381504
2025-05-14 07:23:04,41.574,3.777,0,0,59.90,30555.81,31739.85,13,6961131,7513627,10394382336,38719381504
2025-05-14 07:23:04,40.798,3.824,0,0,69.90,30555.81,31739.85,13,6961332,7513828,10394382336,38719381504
2025-05-14 07:23:04,40.431,3.786,0,0,69.90,30555.81,31739.85,13,6961533,7514029,10394382336,38719381504
2025-05-14 07:23:04,41.826,3.837,0,0,59.90,30555.81,31739.85,13,6961734,7514230,10394382336,38719381504
2025-05-14 07:23:04,40.495,3.801,0,0,59.90,30555.81,31739.85,13,6961935,7514431,10394382336,38719381504
2025-05-14 07:23:05,40.948,3.874,0,0,49.90,30555.81,31739.85,13,6962136,7514632,10394382336,38719381504
2025-05-14 07:23:05,40.600,3.790,0,0,59.90,30555.81,31739.85,13,6962337,7514833,10394382336,38719381504
2025-05-14 07:23:05,40.419,3.800,0,0,59.90,30555.81,31739.85,13,6962538,7515034,10394382336,38719381504
2025-05-14 07:23:05,40.829,3.815,0,0,319.40,30555.81,31739.85,15,6962763,7515273,10394382336,38720634880
2025-05-14 07:23:05,42.334,4.166,0,1253376,59.90,30555.81,31739.85,15,6962964,7515474,10394382336,38720634880
2025-05-14 07:23:06,40.928,3.865,0,0,59.90,30555.81,31739.85,15,6963166,7515676,10394382336,38720634880
2025-05-14 07:23:06,40.588,3.797,0,0,79.90,30555.81,31739.85,15,6963367,7515877,10394382336,38720634880
2025-05-14 07:23:06,40.455,3.844,0,0,49.90,30555.81,31739.85,15,6963568,7516078,10394382336,38720634880
2025-05-14 07:23:06,40.861,3.806,0,0,59.90,30555.81,31739.85,15,6963768,7516278,10394382336,38720634880
2025-05-14 07:23:06,40.656,3.808,0,0,59.90,30555.81,31739.85,15,6963969,7516479,10394382336,38720634880
2025-05-14 07:23:07,41.267,3.844,0,0,109.80,30555.81,31739.85,15,6964171,7516681,10394382336,38720634880
2025-05-14 07:23:07,41.086,3.908,0,0,49.90,30555.81,31739.85,15,6964372,7516882,10394382336,38720634880
2025-05-14 07:23:07,40.201,3.824,0,0,79.90,30555.81,31739.85,15,6964573,7517083,10394382336,38720634880
2025-05-14 07:23:07,40.670,3.823,0,0,59.90,30555.81,31739.85,15,6964774,7517284,10394382336,38720634880
2025-05-14 07:23:07,40.465,3.796,0,0,69.90,30555.81,31739.85,15,6964975,7517485,10394382336,38720634880
2025-05-14 07:23:08,40.973,3.839,0,0,49.90,30555.81,31739.85,15,6965177,7517687,10394382336,38720634880
2025-05-14 07:23:08,40.369,3.793,0,0,59.90,30555.81,31739.85,15,6965378,7517888,10394382336,38720634880
2025-05-14 07:23:08,40.859,3.848,0,0,59.90,30555.81,31739.85,15,6965579,7518089,10394382336,38720634880
2025-05-14 07:23:08,40.203,3.789,0,0,49.90,30555.81,31739.85,15,6965779,7518289,10394382336,38720634880
2025-05-14 07:23:08,41.465,3.851,0,0,69.90,30555.81,31739.85,15,6965981,7518491,10394382336,38720634880
2025-05-14 07:23:09,40.243,3.834,0,0,49.90,30555.81,31739.85,15,6966182,7518692,10394382336,38720634880
2025-05-14 07:23:09,40.257,3.795,0,0,59.90,30555.81,31739.85,15,6966383,7518893,10394382336,38720634880
2025-05-14 07:23:09,40.302,3.796,0,0,59.90,30555.81,31739.85,15,6966584,7519094,10394382336,38720634880
2025-05-14 07:23:09,40.042,3.763,0,0,39.90,30555.81,31739.85,15,6966786,7519296,10394382336,38720634880
2025-05-14 07:23:09,40.644,3.782,0,0,49.90,30555.81,31739.85,15,6966987,7519497,10394382336,38720634880
2025-05-14 07:23:10,40.657,3.848,0,0,49.90,30555.81,31739.85,15,6967188,7519698,10394382336,38720634880
2025-05-14 07:23:10,40.802,3.845,0,0,39.90,30555.81,31739.85,15,6967389,7519899,10394382336,38720634880
2025-05-14 07:23:10,40.180,3.797,0,0,59.90,30555.81,31739.85,15,6967594,7520106,10394382336,38720663552
2025-05-14 07:23:10,40.897,3.831,0,28672,59.90,30555.81,31739.85,15,6967796,7520308,10394382336,38720663552
2025-05-14 07:23:10,41.062,3.907,0,0,69.90,30555.81,31739.85,15,6968000,7520512,10394382336,38720663552
2025-05-14 07:23:11,40.323,3.816,0,0,49.90,30555.81,31739.85,15,6968202,7520714,10394382336,38720663552
2025-05-14 07:23:11,41.594,3.843,0,0,59.90,30555.81,31739.85,15,6968403,7520915,10394382336,38720663552
2025-05-14 07:23:11,40.781,4.019,0,0,49.90,30555.81,31739.85,15,6968604,7521117,10394382336,38720663552
2025-05-14 07:23:11,40.755,3.771,0,0,59.90,30555.81,31739.85,15,6968806,7521318,10394382336,38720663552
2025-05-14 07:23:11,40.140,3.746,0,0,69.90,30555.81,31739.85,15,6969006,7521518,10394382336,38720663552
2025-05-14 07:23:12,40.798,3.798,0,0,59.90,30555.81,31739.85,15,6969207,7521719,10394382336,38720663552
2025-05-14 07:23:12,40.784,3.829,0,0,59.90,30555.81,31739.85,15,6969408,7521920,10394382336,38720663552
2025-05-14 07:23:12,40.243,3.768,0,0,59.90,30555.81,31739.85,15,6969609,7522121,10394382336,38720663552
2025-05-14 07:23:12,40.758,3.777,0,0,49.90,30555.81,31739.85,15,6969810,7522322,10394382336,38720663552
2025-05-14 07:23:12,40.225,3.782,0,0,49.90,30555.81,31739.85,15,6970011,7522523,10394382336,38720663552
2025-05-14 07:23:13,41.160,3.793,0,0,69.90,30555.81,31739.85,15,6970212,7522724,10394382336,38720663552
2025-05-14 07:23:13,40.341,3.742,0,0,70.00,30555.81,31739.85,15,6970413,7522925,10394382336,38720663552
2025-05-14 07:23:13,40.684,3.736,0,0,49.90,30555.81,31739.85,15,6970614,7523126,10394382336,38720663552
2025-05-14 07:23:13,41.182,3.773,0,0,69.90,30555.81,31739.85,15,6970816,7523328,10394382336,38720663552
2025-05-14 07:23:13,40.710,3.750,0,0,59.90,30555.81,31739.85,15,6971017,7523529,10394382336,38720663552
2025-05-14 07:23:14,41.716,3.796,0,0,59.90,30555.81,31739.85,15,6971218,7523730,10394382336,38720663552
2025-05-14 07:23:14,40.687,3.757,0,0,69.90,30555.81,31739.85,15,6971419,7523931,10394382336,38720663552
2025-05-14 07:23:14,41.241,3.726,0,0,59.90,30555.81,31739.85,15,6971620,7524132,10394382336,38720663552
2025-05-14 07:23:14,41.176,3.747,0,0,59.90,30555.81,31739.85,15,6971820,7524332,10394382336,38720663552
2025-05-14 07:23:14,40.396,3.758,0,0,59.90,30555.81,31739.85,15,6972021,7524533,10394382336,38720663552
2025-05-14 07:23:15,41.102,3.925,0,0,59.90,30555.81,31739.85,15,6972222,7524734,10394382336,38720663552
2025-05-14 07:23:15,39.275,3.754,0,0,69.90,30555.81,31739.85,15,6972423,7524935,10394382336,38720663552
2025-05-14 07:23:15,38.914,3.894,0,0,59.90,30555.81,31739.85,15,6972625,7525137,10394382336,38720663552
2025-05-14 07:23:15,37.910,3.850,0,0,49.90,30555.81,31739.85,13,6972826,7525338,10394382336,38720663552
2025-05-14 07:23:15,38.036,3.873,0,0,59.90,30555.81,31739.85,13,6973027,7525539,10394382336,38720663552
2025-05-14 07:23:16,38.717,3.872,0,0,59.90,30555.81,31739.85,13,6973228,7525740,10394382336,38720663552
2025-05-14 07:23:16,38.131,3.789,0,0,59.90,30555.81,31739.85,13,6973429,7525941,10394382336,38720663552
2025-05-14 07:23:16,38.446,3.866,0,0,59.90,30555.81,31739.85,13,6973631,7526143,10394382336,38720663552
2025-05-14 07:23:16,37.862,3.857,0,0,59.90,30555.81,31739.85,13,6973831,7526343,10394382336,38720663552
2025-05-14 07:23:16,38.462,3.875,0,0,79.90,30555.81,31739.85,13,6974032,7526544,10394382336,38720663552
2025-05-14 07:23:17,38.872,3.940,0,0,59.90,30555.81,31739.85,13,6974236,7526748,10394382336,38720663552
2025-05-14 07:23:17,38.045,3.808,0,0,49.90,30555.81,31739.85,13,6974437,7526949,10394382336,38720663552
2025-05-14 07:23:17,38.910,3.894,0,0,49.90,30555.81,31739.85,13,6974638,7527150,10394382336,38720663552
2025-05-14 07:23:17,38.217,3.876,0,0,59.90,30555.81,31739.85,13,6974839,7527351,10394382336,38720663552
2025-05-14 07:23:17,39.060,3.900,0,0,69.90,30555.81,31739.85,13,6975041,7527553,10394382336,38720663552
2025-05-14 07:23:18,37.880,3.890,0,0,69.90,30555.81,31739.85,13,6975242,7527754,10394382336,38720663552
2025-05-14 07:23:18,37.799,3.871,0,0,59.90,30555.81,31739.85,13,6975443,7527955,10394382336,38720663552
2025-05-14 07:23:18,38.505,3.886,0,0,69.90,30555.81,31739.85,13,6975644,7528156,10394382336,38720663552
2025-05-14 07:23:18,37.746,3.912,0,0,49.90,30555.81,31739.85,13,6975844,7528356,10394382336,38720663552
2025-05-14 07:23:18,39.003,3.899,0,0,59.90,30555.81,31739.85,13,6976045,7528557,10394382336,38720663552
2025-05-14 07:23:19,37.847,3.896,0,0,60.00,30555.81,31739.85,13,6976246,7528758,10394382336,38720663552
2025-05-14 07:23:19,37.365,3.879,0,0,49.90,30555.81,31739.85,13,6976448,7528960,10394382336,38720663552
2025-05-14 07:23:19,38.159,3.834,0,0,69.90,30555.81,31739.85,13,6976649,7529161,10394382336,38720663552
2025-05-14 07:23:19,38.092,3.900,0,0,69.90,30555.81,31739.85,13,6976850,7529362,10394382336,38720663552
2025-05-14 07:23:19,39.168,3.901,0,0,59.90,30555.81,31739.85,13,6977051,7529563,10394382336,38720663552
2025-05-14 07:23:20,38.180,3.882,0,0,59.90,30555.81,31739.85,13,6977252,7529764,10394382336,38720663552
2025-05-14 07:23:20,38.793,3.934,0,0,59.90,30555.81,31739.85,13,6977453,7529965,10394382336,38720663552
2025-05-14 07:23:20,41.320,3.812,0,0,49.90,30555.79,31731.85,11,6977654,7530166,10394382336,38720663552
2025-05-14 07:23:20,40.331,3.851,0,0,59.90,30555.79,31731.85,11,6977854,7530366,10394382336,38720663552
2025-05-14 07:23:20,40.415,3.919,0,0,69.90,30555.80,31731.85,11,6978060,7530572,10394382336,38720663552
2025-05-14 07:23:21,40.636,3.885,0,0,49.90,30555.80,31731.85,11,6978261,7530773,10394382336,38720663552
2025-05-14 07:23:21,41.109,3.871,0,0,49.90,30555.80,31731.85,11,6978462,7530974,10394382336,38720663552
2025-05-14 07:23:21,40.975,4.000,0,0,59.90,30555.80,31731.85,11,6978663,7531175,10394382336,38720663552
2025-05-14 07:23:21,40.666,3.857,0,0,59.90,30555.80,31731.85,11,6978864,7531376,10394382336,38720663552
2025-05-14 07:23:21,40.194,3.832,0,0,59.90,30555.80,31731.85,11,6979066,7531578,10394382336,38720663552
2025-05-14 07:23:22,40.356,3.804,0,0,49.90,30555.80,31731.85,11,6979267,7531779,10394382336,38720663552
2025-05-14 07:23:22,41.017,3.875,0,0,59.90,30555.80,31731.85,11,6979468,7531980,10394382336,38720663552
2025-05-14 07:23:22,40.011,3.795,0,0,59.90,30555.80,31731.85,11,6979669,7532181,10394382336,38720663552
2025-05-14 07:23:22,41.662,3.865,0,0,49.90,30555.80,31731.85,11,6979869,7532381,10394382336,38720663552
2025-05-14 07:23:23,41.068,3.848,0,0,59.90,30555.80,31731.85,11,6980070,7532582,10394382336,38720663552
2025-05-14 07:23:23,40.447,3.833,0,0,59.90,30555.80,31731.85,11,6980272,7532784,10394382336,38720663552
2025-05-14 07:23:23,40.495,3.867,0,0,59.90,30555.80,31731.85,11,6980473,7532985,10394382336,38720663552
2025-05-14 07:23:23,40.677,3.839,0,0,49.90,30555.80,31731.85,11,6980674,7533186,10394382336,38720663552
2025-05-14 07:23:23,40.934,3.834,0,0,49.90,30555.80,31731.85,11,6980874,7533386,10394382336,38720663552
2025-05-14 07:23:24,40.176,3.805,0,0,69.90,30555.80,31731.85,11,6981076,7533588,10394382336,38720663552
2025-05-14 07:23:24,40.776,3.815,0,0,49.90,30555.80,31731.85,11,6981277,7533789,10394382336,38720663552
2025-05-14 07:23:24,41.045,3.818,0,0,49.90,30555.80,31731.85,11,6981478,7533990,10394382336,38720663552
2025-05-14 07:23:24,40.386,3.837,0,0,59.90,30555.80,31731.85,11,6981678,7534190,10394382336,38720663552
2025-05-14 07:23:24,40.895,3.904,0,0,59.90,30555.80,31731.85,11,6981879,7534391,10394382336,38720663552
2025-05-14 07:23:25,40.632,3.857,0,0,69.90,30555.80,31731.85,12,6982091,7534605,10394382336,38720679936
2025-05-14 07:23:25,41.258,4.017,0,16384,39.90,30555.80,31731.85,12,6982292,7534806,10394382336,38720679936
2025-05-14 07:23:25,40.403,3.887,0,8192,50.00,30555.80,31731.85,12,6982501,7535016,10394382336,38720688128
2025-05-14 07:23:25,40.269,3.842,0,0,59.90,30555.80,31731.85,12,6982702,7535217,10394382336,38720688128
2025-05-14 07:23:25,40.796,3.898,0,0,49.90,30555.80,31731.85,12,6982903,7535418,10394382336,38720688128
2025-05-14 07:23:26,40.328,3.835,0,0,69.90,30555.80,31731.85,12,6983104,7535619,10394382336,38720688128
2025-05-14 07:23:26,40.962,3.850,0,0,39.90,30555.80,31731.85,12,6983306,7535821,10394382336,38720688128
2025-05-14 07:23:26,40.349,3.867,0,0,69.90,30555.80,31731.85,13,6983520,7536046,10394382336,38720724992
2025-05-14 07:23:26,40.446,3.806,0,36864,59.90,30555.80,31731.85,13,6983720,7536246,10394382336,38720724992
2025-05-14 07:23:26,40.611,3.851,0,0,59.90,30555.80,31731.85,13,6983921,7536447,10394382336,38720724992
2025-05-14 07:23:27,39.794,3.759,0,0,69.90,30555.80,31731.85,13,6984122,7536648,10394382336,38720724992
2025-05-14 07:23:27,41.362,3.977,0,0,49.90,30555.80,31731.85,13,6984324,7536850,10394382336,38720724992
2025-05-14 07:23:27,40.292,3.755,0,0,59.90,30555.80,31731.85,13,6984525,7537051,10394382336,38720724992
2025-05-14 07:23:27,40.416,3.817,0,0,59.90,30555.80,31731.85,13,6984726,7537252,10394382336,38720724992
2025-05-14 07:23:27,40.383,3.782,0,0,59.90,30555.80,31731.85,13,6984927,7537453,10394382336,38720724992
2025-05-14 07:23:28,40.265,3.791,0,0,59.90,30555.80,31731.85,13,6985129,7537655,10394382336,38720724992
2025-05-14 07:23:28,41.050,3.878,0,0,59.90,30555.80,31731.85,13,6985330,7537856,10394382336,38720724992
2025-05-14 07:23:28,40.012,3.875,0,0,69.90,30555.80,31731.85,13,6985531,7538057,10394382336,38720724992
2025-05-14 07:23:28,40.697,3.872,0,0,69.90,30555.80,31731.85,13,6985731,7538257,10394382336,38720724992
2025-05-14 07:23:28,40.290,3.810,0,0,59.90,30555.80,31731.85,13,6985937,7538465,10394382336,38720753664
2025-05-14 07:23:29,40.824,3.871,0,28672,89.80,30555.80,31731.85,13,6986138,7538666,10394382336,38720753664
2025-05-14 07:23:29,41.489,3.865,0,0,69.90,30555.80,31731.85,13,6986339,7538867,10394382336,38720753664
2025-05-14 07:23:29,40.107,3.769,0,0,39.90,30555.80,31731.85,13,6986540,7539068,10394382336,38720753664
2025-05-14 07:23:29,41.490,3.922,0,122880,59.90,30555.80,31731.85,13,6986768,7539308,10394382336,38720876544
2025-05-14 07:23:29,40.071,3.819,0,0,59.90,30555.80,31731.85,13,6986969,7539509,10394382336,38720876544
2025-05-14 07:23:30,40.799,3.879,0,0,69.90,30555.80,31731.85,13,6987170,7539710,10394382336,38720876544
2025-05-14 07:23:30,40.608,3.922,0,32768,79.90,30555.80,31731.85,13,6987380,7539923,10394382336,38720909312
2025-05-14 07:23:30,41.708,4.014,0,0,159.70,30555.80,31731.85,13,6987580,7540123,10394382336,38720909312
2025-05-14 07:23:30,44.155,3.897,0,0,49.90,30555.80,31731.85,13,6987788,7540334,10394382336,38720954368
2025-05-14 07:23:30,40.416,3.900,0,45056,69.90,30555.80,31731.85,13,6987989,7540535,10394382336,38720954368
2025-05-14 07:23:31,41.483,3.869,0,0,79.90,30555.80,31731.85,13,6988192,7540739,10394382336,38720958464
2025-05-14 07:23:31,40.442,3.884,0,4096,59.90,30555.80,31731.85,13,6988394,7540941,10394382336,38720958464
2025-05-14 07:23:31,40.686,3.864,0,0,59.90,30555.80,31731.85,13,6988595,7541142,10394382336,38720958464
2025-05-14 07:23:31,41.360,4.021,0,0,69.90,30555.80,31731.85,13,6988796,7541343,10394382336,38720958464
2025-05-14 07:23:31,41.258,3.894,0,0,59.90,30555.80,31731.85,13,6988997,7541544,10394382336,38720958464
2025-05-14 07:23:32,40.694,3.860,0,0,49.90,30555.80,31731.85,13,6989198,7541745,10394382336,38720958464
2025-05-14 07:23:32,40.516,3.807,0,0,49.90,30555.80,31731.85,13,6989399,7541946,10394382336,38720958464
2025-05-14 07:23:32,40.381,3.795,0,0,69.90,30555.80,31731.85,13,6989680,7542262,10394382336,38721261568
2025-05-14 07:23:32,40.614,3.835,0,311296,59.90,30555.80,31731.85,13,6989884,7542468,10394382336,38721269760
2025-05-14 07:23:32,40.624,3.822,0,0,49.90,30555.80,31731.85,13,6990085,7542669,10394382336,38721269760
2025-05-14 07:23:33,40.904,3.876,0,0,69.90,30555.80,31731.85,13,6990286,7542870,10394382336,38721269760
2025-05-14 07:23:33,40.531,3.873,0,0,79.90,30555.80,31731.85,13,6990488,7543072,10394382336,38721269760
2025-05-14 07:23:33,41.488,3.889,0,0,49.90,30555.80,31731.85,13,6990689,7543273,10394382336,38721269760
2025-05-14 07:23:33,40.180,3.822,0,0,59.90,30555.80,31731.85,13,6990890,7543474,10394382336,38721269760
2025-05-14 07:23:33,40.747,3.822,0,0,49.90,30555.80,31731.85,13,6991091,7543675,10394382336,38721269760
2025-05-14 07:23:34,40.677,3.897,0,0,139.80,30555.80,31731.85,13,6991293,7543877,10394382336,38721269760
2025-05-14 07:23:34,41.066,3.969,0,0,79.90,30555.80,31731.85,13,6991494,7544078,10394382336,38721269760
2025-05-14 07:23:34,41.633,3.945,0,0,69.90,30555.80,31731.85,13,6991695,7544279,10394382336,38721269760
2025-05-14 07:23:34,40.098,3.843,0,0,59.90,30555.80,31731.85,13,6991895,7544479,10394382336,38721269760
2025-05-14 07:23:34,41.193,3.921,0,118784,59.90,30555.80,31731.85,13,6992119,7544711,10394382336,38721388544
2025-05-14 07:23:35,40.748,3.869,0,0,109.80,30555.80,31731.85,13,6992320,7544912,10394382336,38721388544
2025-05-14 07:23:35,41.246,3.955,0,0,79.90,30555.80,31731.85,13,6992521,7545113,10394382336,38721388544
2025-05-14 07:23:35,41.853,3.894,0,0,69.90,30555.80,31731.85,13,6992722,7545314,10394382336,38721388544
2025-05-14 07:23:35,40.670,3.866,0,0,299.50,30555.80,31731.85,13,6992921,7545513,10394382336,38721388544
2025-05-14 07:23:35,45.630,4.461,0,8192,139.70,30555.80,31731.85,13,6993131,7545727,10394382336,38721396736
2025-05-14 07:23:36,43.102,4.522,0,0,149.70,30555.80,31731.85,13,6993332,7545928,10394382336,38721396736
2025-05-14 07:23:36,43.325,4.765,0,0,139.70,30555.80,31731.85,13,6993534,7546130,10394382336,38721396736
2025-05-14 07:23:36,42.102,4.121,0,0,59.90,30555.80,31731.85,13,6993735,7546331,10394382336,38721396736
2025-05-14 07:23:36,40.361,3.828,0,0,59.90,30555.80,31731.85,13,6993936,7546532,10394382336,38721396736
2025-05-14 07:23:36,40.558,3.894,0,0,49.90,30555.80,31731.85,13,6994139,7546736,10394382336,38721462272
2025-05-14 07:23:37,40.428,3.870,0,65536,99.80,30555.80,31731.85,13,6994340,7546937,10394382336,38721462272
2025-05-14 07:23:37,41.031,3.935,0,73728,49.90,30555.80,31731.85,13,6994559,7547163,10394382336,38721536000
2025-05-14 07:23:37,40.636,3.832,0,0,49.90,30555.80,31731.85,13,6994760,7547364,10394382336,38721536000
2025-05-14 07:23:37,40.382,3.812,0,0,59.90,30555.80,31731.85,13,6994962,7547566,10394382336,38721536000
2025-05-14 07:23:37,41.717,3.800,0,0,79.90,30555.80,31731.85,13,6995163,7547767,10394382336,38721536000
2025-05-14 07:23:38,40.649,3.818,0,0,69.90,30555.80,31731.85,13,6995364,7547968,10394382336,38721536000
2025-05-14 07:23:38,40.737,3.879,0,0,79.80,30555.80,31731.85,13,6995566,7548170,10394382336,38721536000
2025-05-14 07:23:38,41.127,3.891,0,0,59.90,30555.80,31731.85,13,6995767,7548371,10394382336,38721536000
2025-05-14 07:23:38,40.452,3.829,0,0,49.90,30555.80,31731.85,13,6995967,7548571,10394382336,38721536000
2025-05-14 07:23:38,40.548,3.761,0,0,49.90,30555.80,31731.85,13,6996169,7548773,10394382336,38721536000
2025-05-14 07:23:39,40.433,3.741,0,0,109.80,30555.80,31731.85,13,6996393,7549007,10394382336,38721658880
2025-05-14 07:23:39,41.930,3.884,0,122880,69.90,30555.80,31731.85,13,6996594,7549208,10394382336,38721658880
2025-05-14 07:23:39,40.451,3.768,0,0,49.90,30555.80,31731.85,13,6996795,7549409,10394382336,38721658880
2025-05-14 07:23:39,41.217,3.815,0,0,59.90,30555.80,31731.85,13,6996996,7549610,10394382336,38721658880
2025-05-14 07:23:39,40.701,3.792,0,0,69.90,30555.80,31731.85,13,6997197,7549811,10394382336,38721658880
2025-05-14 07:23:40,40.638,3.779,0,0,59.90,30555.80,31731.85,13,6997399,7550013,10394382336,38721658880
2025-05-14 07:23:40,40.650,3.825,0,0,59.90,30555.80,31731.85,13,6997600,7550214,10394382336,38721658880
2025-05-14 07:23:40,39.997,3.741,0,0,59.90,30555.80,31731.85,13,6997805,7550419,10394382336,38721658880
2025-05-14 07:23:40,40.641,3.879,0,0,59.90,30555.80,31731.85,13,6998005,7550619,10394382336,38721658880
2025-05-14 07:23:40,40.087,3.798,0,0,49.90,30555.80,31731.85,13,6998215,7550834,10394382336,38721687552
2025-05-14 07:23:41,41.726,3.827,0,28672,69.90,30555.80,31731.85,13,6998416,7551035,10394382336,38721687552
2025-05-14 07:23:41,40.540,3.872,0,0,69.90,30555.80,31731.85,13,6998617,7551236,10394382336,38721687552
2025-05-14 07:23:41,40.398,3.786,0,65536,59.90,30555.80,31731.85,13,6998839,7551466,10394382336,38721822720
2025-05-14 07:23:41,40.763,3.929,0,69632,49.90,30555.80,31731.85,13,6999040,7551667,10394382336,38721822720
2025-05-14 07:23:41,40.198,3.856,0,0,69.90,30555.80,31731.85,13,6999241,7551868,10394382336,38721822720
2025-05-14 07:23:42,40.971,3.865,0,0,59.90,30555.80,31731.85,13,6999442,7552069,10394382336,38721822720
2025-05-14 07:23:42,40.160,3.807,0,0,59.90,30555.80,31731.85,13,6999643,7552270,10394382336,38721822720
2025-05-14 07:23:42,40.299,3.764,0,0,39.90,30555.80,31731.85,13,6999844,7552471,10394382336,38721822720
2025-05-14 07:23:42,40.415,3.825,0,0,49.90,30555.80,31731.85,13,7000044,7552671,10394382336,38721822720
2025-05-14 07:23:42,40.124,3.781,4096,167936,49.90,30555.80,31731.85,13,7000309,7552975,10394386432,38721990656
2025-05-14 07:23:43,40.641,3.787,0,0,69.90,30555.80,31731.85,13,7000510,7553176,10394386432,38721990656
2025-05-14 07:23:43,40.124,3.741,0,0,69.90,30555.80,31731.85,13,7000711,7553377,10394386432,38721990656
2025-05-14 07:23:43,41.437,3.950,0,0,49.90,30555.80,31731.85,13,7000912,7553578,10394386432,38721990656
2025-05-14 07:23:43,39.888,3.731,0,0,49.90,30555.80,31731.85,13,7001114,7553780,10394386432,38721990656
2025-05-14 07:23:43,40.549,3.764,0,0,59.90,30555.80,31731.85,13,7001315,7553981,10394386432,38721990656
2025-05-14 07:23:44,40.706,3.832,0,0,59.90,30555.80,31731.85,13,7001516,7554182,10394386432,38721990656
2025-05-14 07:23:44,40.315,3.778,0,0,39.90,30555.80,31731.85,13,7001717,7554383,10394386432,38721990656
2025-05-14 07:23:44,41.758,3.819,0,0,49.90,30555.80,31731.85,13,7001919,7554585,10394386432,38721990656
2025-05-14 07:23:44,40.325,3.767,0,0,89.80,30555.80,31731.85,13,7002143,7554817,10394386432,38722109440
2025-05-14 07:23:44,41.032,3.803,0,118784,49.90,30555.80,31731.85,13,7002344,7555018,10394386432,38722109440
2025-05-14 07:23:45,40.668,3.760,0,0,49.90,30555.80,31731.85,13,7002543,7555217,10394386432,38722109440
2025-05-14 07:23:45,40.376,3.803,0,0,49.90,30555.80,31731.85,13,7002744,7555418,10394386432,38722109440
2025-05-14 07:23:45,41.850,3.808,0,0,59.90,30555.80,31731.85,13,7002945,7555619,10394386432,38722109440
2025-05-14 07:23:45,39.912,3.771,0,0,49.90,30555.80,31731.85,13,7003146,7555820,10394386432,38722109440
2025-05-14 07:23:45,40.345,3.763,0,0,49.90,30555.80,31731.85,13,7003348,7556022,10394386432,38722109440
2025-05-14 07:23:46,39.523,3.829,0,20480,69.90,30555.80,31731.85,13,7003559,7556237,10394386432,38722129920
2025-05-14 07:23:46,38.064,3.863,0,0,59.90,30555.80,31731.85,13,7003760,7556438,10394386432,38722129920
2025-05-14 07:23:46,38.311,3.865,0,0,49.90,30555.80,31731.85,13,7003961,7556639,10394386432,38722129920
2025-05-14 07:23:46,37.820,3.827,0,0,59.90,30555.80,31731.85,13,7004161,7556839,10394386432,38722129920
2025-05-14 07:23:46,39.962,3.934,0,0,49.90,30555.80,31731.85,13,7004363,7557041,10394386432,38722129920
2025-05-14 07:23:47,40.874,3.914,0,32768,99.80,30555.80,31731.85,13,7004579,7557264,10394386432,38722199552
2025-05-14 07:23:47,41.186,3.858,0,36864,69.90,30555.80,31731.85,13,7004780,7557465,10394386432,38722199552
2025-05-14 07:23:47,41.336,3.834,0,0,59.90,30555.80,31731.85,13,7004981,7557666,10394386432,38722199552
2025-05-14 07:23:47,40.059,3.780,0,0,59.90,30555.80,31731.85,13,7005182,7557867,10394386432,38722199552
2025-05-14 07:23:47,41.052,3.881,0,0,49.90,30555.80,31731.85,13,7005383,7558068,10394386432,38722199552
2025-05-14 07:23:48,39.980,3.815,0,0,69.90,30555.80,31731.85,13,7005584,7558269,10394386432,38722199552
2025-05-14 07:23:48,41.071,3.817,0,0,79.90,30555.80,31731.85,13,7005785,7558470,10394386432,38722199552
2025-05-14 07:23:48,41.324,3.871,0,0,49.90,30555.80,31731.85,13,7005987,7558672,10394386432,38722199552
2025-05-14 07:23:48,40.414,3.773,0,0,59.90,30555.80,31731.85,13,7006187,7558872,10394386432,38722199552
2025-05-14 07:23:48,41.324,3.831,0,0,69.90,30555.80,31731.85,13,7006388,7559073,10394386432,38722199552
2025-05-14 07:23:49,40.329,3.906,0,118784,69.90,30555.80,31731.85,13,7006612,7559308,10394386432,38722318336
2025-05-14 07:23:49,40.863,3.857,0,0,59.90,30555.80,31731.85,13,7006814,7559509,10394386432,38722318336
2025-05-14 07:23:49,40.083,3.765,0,0,49.90,30555.80,31731.85,13,7007015,7559710,10394386432,38722318336
2025-05-14 07:23:49,40.341,3.759,0,0,59.90,30555.80,31731.85,13,7007216,7559911,10394386432,38722318336
2025-05-14 07:23:49,40.247,3.795,0,0,49.90,30555.80,31731.85,13,7007417,7560112,10394386432,38722318336
2025-05-14 07:23:50,40.388,3.720,0,0,59.90,30555.80,31731.85,13,7007618,7560313,10394386432,38722318336
2025-05-14 07:23:50,41.510,3.782,0,0,59.90,30555.80,31731.85,13,7007820,7560515,10394386432,38722318336
2025-05-14 07:23:50,40.038,3.731,0,0,69.90,30555.80,31731.85,13,7008021,7560716,10394386432,38722318336
2025-05-14 07:23:50,40.874,3.809,0,0,49.90,30555.80,31731.85,13,7008225,7560920,10394386432,38722318336
2025-05-14 07:23:50,40.429,3.827,0,0,69.90,30555.80,31731.85,13,7008426,7561121,10394386432,38722318336
2025-05-14 07:23:51,40.535,3.793,0,0,59.90,30555.80,31731.85,13,7008632,7561329,10394386432,38722322432
2025-05-14 07:23:51,40.510,3.840,0,4096,59.90,30555.80,31731.85,13,7008833,7561530,10394386432,38722322432
2025-05-14 07:23:51,40.939,3.807,0,69632,49.90,30555.80,31731.85,13,7009052,7561757,10394386432,38722392064
2025-05-14 07:23:51,40.908,3.895,0,0,49.90,30555.80,31731.85,13,7009253,7561958,10394386432,38722392064
2025-05-14 07:23:51,40.706,3.951,0,0,69.90,30555.80,31731.85,13,7009454,7562159,10394386432,38722392064
2025-05-14 07:23:52,40.863,3.836,0,0,69.90,30555.80,31731.85,13,7009656,7562361,10394386432,38722392064
2025-05-14 07:23:52,41.810,3.841,0,0,59.90,30555.80,31731.85,13,7009857,7562562,10394386432,38722392064
2025-05-14 07:23:52,40.324,3.792,0,0,59.90,30555.80,31731.85,13,7010058,7562763,10394386432,38722392064
2025-05-14 07:23:52,40.372,3.846,0,0,49.90,30555.80,31731.85,13,7010258,7562963,10394386432,38722392064
2025-05-14 07:23:52,40.333,3.813,0,0,49.90,30555.80,31731.85,13,7010459,7563164,10394386432,38722392064
2025-05-14 07:23:53,40.214,3.835,0,0,49.90,30555.80,31731.85,13,7010660,7563365,10394386432,38722392064
2025-05-14 07:23:53,40.829,3.824,0,0,59.90,30555.80,31731.85,13,7010861,7563566,10394386432,38722392064
2025-05-14 07:23:53,39.987,3.779,0,0,49.90,30555.80,31731.85,13,7011068,7563775,10394386432,38722400256
2025-05-14 07:23:53,40.548,3.886,0,8192,49.90,30555.80,31731.85,13,7011269,7563976,10394386432,38722400256
2025-05-14 07:23:53,40.161,3.824,0,0,59.90,30555.80,31731.85,13,7011470,7564177,10394386432,38722400256
2025-05-14 07:23:54,40.826,3.890,0,0,59.90,30555.80,31731.85,13,7011672,7564379,10394386432,38722400256
2025-05-14 07:23:54,40.064,3.891,0,0,69.90,30555.80,31731.85,13,7011871,7564578,10394386432,38722400256
2025-05-14 07:23:54,40.096,3.861,0,0,49.90,30555.80,31731.85,13,7012072,7564779,10394386432,38722400256
2025-05-14 07:23:54,41.740,3.925,0,0,49.90,30555.80,31731.85,13,7012272,7564979,10394386432,38722400256
2025-05-14 07:23:54,40.189,3.827,0,0,39.90,30555.80,31731.85,13,7012473,7565180,10394386432,38722400256
2025-05-14 07:23:55,40.683,3.949,0,0,69.90,30555.80,31731.85,13,7012674,7565381,10394386432,38722400256
2025-05-14 07:23:55,40.273,3.867,0,94208,109.80,30555.80,31731.85,13,7012900,7565616,10394386432,38722523136
2025-05-14 07:23:55,39.026,3.973,0,28672,59.90,30555.80,31731.85,13,7013101,7565817,10394386432,38722523136
2025-05-14 07:23:55,38.478,3.917,0,0,59.90,30555.80,31731.85,13,7013302,7566018,10394386432,38722523136
2025-05-14 07:23:55,38.108,3.872,0,0,39.90,30555.80,31731.85,13,7013503,7566219,10394386432,38722523136
2025-05-14 07:23:56,39.900,3.897,0,0,49.90,30555.80,31731.85,13,7013704,7566420,10394386432,38722523136
2025-05-14 07:23:56,38.307,3.874,0,0,69.90,30555.80,31731.85,13,7013915,7566635,10394386432,38722543616
2025-05-14 07:23:56,38.366,3.896,0,20480,49.90,30555.80,31731.85,13,7014116,7566836,10394386432,38722543616
2025-05-14 07:23:56,38.881,3.924,0,0,49.90,30555.80,31731.85,13,7014317,7567037,10394386432,38722543616
2025-05-14 07:23:57,38.572,3.894,0,0,59.90,30555.80,31731.85,13,7014518,7567238,10394386432,38722543616
2025-05-14 07:23:57,39.991,4.026,0,0,69.90,30555.80,31731.85,13,7014719,7567439,10394386432,38722543616
2025-05-14 07:23:57,38.128,3.870,0,0,59.90,30555.80,31731.85,13,7014920,7567640,10394386432,38722543616
2025-05-14 07:23:57,38.959,3.953,0,0,49.90,30555.80,31731.85,13,7015121,7567841,10394386432,38722543616
2025-05-14 07:23:57,37.817,3.915,0,73728,69.90,30555.80,31731.85,13,7015340,7568067,10394386432,38722617344
2025-05-14 07:23:58,38.156,3.935,0,0,49.90,30555.80,31731.85,13,7015542,7568269,10394386432,38722617344
2025-05-14 07:23:58,38.218,3.925,0,0,59.90,30555.80,31731.85,13,7015743,7568470,10394386432,38722617344
2025-05-14 07:23:58,38.144,3.917,0,0,59.90,30555.80,31731.85,13,7015944,7568671,10394386432,38722617344
2025-05-14 07:23:58,38.554,3.935,0,0,49.90,30555.80,31731.85,13,7016144,7568871,10394386432,38722617344
2025-05-14 07:23:58,38.019,3.877,0,0,59.90,30555.80,31731.85,13,7016345,7569072,10394386432,38722617344
2025-05-14 07:23:59,38.164,3.901,0,0,49.90,30555.80,31731.85,13,7016547,7569274,10394386432,38722617344
2025-05-14 07:23:59,38.075,3.862,0,0,69.90,30555.80,31731.85,13,7016748,7569475,10394386432,38722617344
2025-05-14 07:23:59,38.262,3.920,0,0,59.90,30555.80,31731.85,13,7016949,7569676,10394386432,38722617344
2025-05-14 07:23:59,38.295,3.957,0,73728,59.90,30555.80,31731.85,14,7017172,7569919,10394386432,38722691072
2025-05-14 07:23:59,37.541,3.900,0,0,69.90,30555.80,31731.85,14,7017373,7570120,10394386432,38722691072
2025-05-14 07:24:00,38.277,3.902,0,0,139.80,30555.80,31731.85,14,7017577,7570324,10394386432,38722691072
2025-05-14 07:24:00,39.056,3.956,0,0,69.90,30555.80,31731.85,14,7017778,7570525,10394386432,38722691072
2025-05-14 07:24:00,38.259,3.959,0,0,69.90,30555.80,31731.85,14,7017980,7570727,10394386432,38722691072
2025-05-14 07:24:00,37.820,3.954,0,0,79.90,30555.80,31731.85,14,7018198,7570951,10394386432,38722727936
2025-05-14 07:24:00,42.574,4.110,0,159744,59.90,30555.80,31731.85,14,7018424,7571188,10394386432,38722850816
2025-05-14 07:24:01,43.924,3.968,0,0,49.90,30555.80,31731.85,14,7018630,7571394,10394386432,38722850816
2025-05-14 07:24:01,41.748,3.958,0,0,69.90,30555.80,31731.85,14,7018831,7571595,10394386432,38722850816
2025-05-14 07:24:01,40.370,3.898,0,0,69.90,30555.80,31731.85,14,7019042,7571810,10394386432,38722879488
2025-05-14 07:24:01,40.699,3.889,0,28672,50.00,30555.80,31731.85,14,7019243,7572011,10394386432,38722879488
2025-05-14 07:24:01,40.531,3.876,0,0,49.90,30555.80,31731.85,14,7019444,7572212,10394386432,38722879488
2025-05-14 07:24:02,41.727,4.089,0,12288,49.90,30555.80,31731.85,14,7019651,7572421,10394386432,38722891776
2025-05-14 07:24:02,40.377,3.861,0,0,69.90,30555.80,31731.85,14,7019852,7572622,10394386432,38722891776
2025-05-14 07:24:02,40.384,3.896,0,0,79.90,30555.80,31731.85,14,7020059,7572832,10394386432,38722985984
2025-05-14 07:24:02,40.624,3.835,0,94208,49.90,30555.80,31731.85,14,7020259,7573032,10394386432,38722985984
2025-05-14 07:24:02,40.447,3.865,0,0,39.90,30555.80,31731.85,14,7020460,7573233,10394386432,38722985984
2025-05-14 07:24:03,40.350,3.796,0,0,49.90,30555.80,31731.85,14,7020661,7573434,10394386432,38722985984
2025-05-14 07:24:03,40.527,3.795,0,81920,49.90,30555.80,31731.85,14,7020888,7573671,10394386432,38723067904
2025-05-14 07:24:03,40.185,3.780,0,0,49.90,30555.80,31731.85,14,7021089,7573872,10394386432,38723067904
2025-05-14 07:24:03,40.220,3.752,0,0,59.90,30555.80,31731.85,14,7021290,7574073,10394386432,38723067904
2025-05-14 07:24:03,41.226,3.792,0,0,69.90,30555.80,31731.85,14,7021492,7574275,10394386432,38723067904
2025-05-14 07:24:04,40.652,3.806,0,77824,79.90,30555.80,31731.85,14,7021698,7574484,10394386432,38723145728
2025-05-14 07:24:04,40.959,3.889,0,0,59.90,30555.80,31731.85,14,7021899,7574685,10394386432,38723145728
2025-05-14 07:24:04,40.891,3.924,0,0,49.90,30555.80,31731.85,14,7022100,7574886,10394386432,38723145728
2025-05-14 07:24:04,40.414,3.774,0,0,59.90,30555.80,31731.85,14,7022300,7575086,10394386432,38723145728
2025-05-14 07:24:04,41.119,3.884,0,0,59.90,30555.80,31731.85,14,7022501,7575287,10394386432,38723145728
2025-05-14 07:24:05,40.388,3.795,0,0,79.90,30555.80,31731.85,14,7022703,7575489,10394386432,38723145728
2025-05-14 07:24:05,40.908,3.789,0,0,79.90,30555.80,31731.85,14,7022904,7575690,10394386432,38723145728
2025-05-14 07:24:05,40.349,3.825,0,0,109.80,30555.80,31731.85,14,7023128,7575922,10394386432,38723264512
2025-05-14 07:24:05,38.801,3.963,0,118784,129.70,30555.80,31787.88,22,7023345,7576172,10394386432,38724927488
2025-05-14 07:24:05,38.238,3.970,0,1794048,39.90,30555.80,31787.88,22,7023549,7576377,10394386432,38725058560
2025-05-14 07:24:06,37.613,3.859,0,0,59.90,30555.80,31787.88,22,7023750,7576578,10394386432,38725058560
2025-05-14 07:24:06,39.031,3.917,0,0,69.90,30555.80,31787.88,22,7023951,7576779,10394386432,38725058560
2025-05-14 07:24:06,37.864,3.912,0,0,39.90,30555.80,31787.88,22,7024152,7576980,10394386432,38725058560
2025-05-14 07:24:06,38.606,3.903,0,4096,49.90,30555.80,31787.88,22,7024359,7577193,10394386432,38725074944
2025-05-14 07:24:06,38.990,3.928,0,12288,69.90,30555.80,31787.88,22,7024560,7577394,10394386432,38725074944
2025-05-14 07:24:07,37.821,3.884,0,0,69.90,30555.80,31787.88,22,7024761,7577595,10394386432,38725074944
2025-05-14 07:24:07,39.370,3.980,0,0,59.90,30555.80,31787.88,22,7024962,7577796,10394386432,38725074944
2025-05-14 07:24:07,38.011,3.856,0,0,59.90,30555.80,31787.88,22,7025163,7577997,10394386432,38725074944
2025-05-14 07:24:07,39.180,3.881,0,0,59.90,30555.80,31787.88,22,7025364,7578198,10394386432,38725074944
2025-05-14 07:24:07,38.376,3.878,0,0,79.90,30555.80,31787.88,22,7025583,7578424,10394386432,38725144576
2025-05-14 07:24:08,37.897,3.891,0,69632,49.90,30555.80,31787.88,22,7025784,7578625,10394386432,38725144576
2025-05-14 07:24:08,38.238,3.890,0,0,59.90,30555.80,31787.88,22,7025985,7578826,10394386432,38725144576
2025-05-14 07:24:08,38.157,3.892,0,0,40.00,30555.80,31787.88,22,7026186,7579027,10394386432,38725144576
2025-05-14 07:24:08,38.891,3.827,0,0,59.90,30555.80,31787.88,22,7026387,7579228,10394386432,38725144576
2025-05-14 07:24:08,38.340,3.821,0,0,59.90,30555.80,31787.88,22,7026588,7579429,10394386432,38725144576
2025-05-14 07:24:09,38.673,3.863,0,0,59.90,30555.80,31787.88,22,7026789,7579630,10394386432,38725144576
2025-05-14 07:24:09,37.999,3.880,0,0,79.90,30555.80,31787.88,22,7026990,7579831,10394386432,38725144576
2025-05-14 07:24:09,38.468,3.977,0,0,49.90,30555.80,31787.88,22,7027192,7580033,10394386432,38725144576
2025-05-14 07:24:09,38.260,3.930,0,0,59.90,30555.80,31787.88,22,7027393,7580234,10394386432,38725144576
2025-05-14 07:24:09,37.916,3.861,0,0,59.90,30555.80,31787.88,22,7027594,7580435,10394386432,38725144576
2025-05-14 07:24:10,38.484,3.904,0,0,69.90,30555.80,31787.88,22,7027820,7580668,10394386432,38725263360
2025-05-14 07:24:10,38.437,3.938,0,118784,59.90,30555.80,31787.88,22,7028021,7580869,10394386432,38725263360
2025-05-14 07:24:10,38.142,3.898,0,0,49.90,30555.80,31787.88,22,7028222,7581070,10394386432,38725263360
2025-05-14 07:24:10,39.337,3.881,0,0,39.90,30555.80,31787.88,22,7028422,7581270,10394386432,38725263360
2025-05-14 07:24:10,38.326,3.895,0,0,59.90,30555.80,31787.88,22,7028623,7581471,10394386432,38725263360
2025-05-14 07:24:11,38.373,3.931,0,20480,69.90,30555.80,31787.88,22,7028831,7581680,10394386432,38725283840
2025-05-14 07:24:11,37.532,3.910,0,0,79.90,30555.80,31787.88,22,7029032,7581881,10394386432,38725283840
2025-05-14 07:24:11,37.291,3.900,0,0,69.90,30555.80,31787.88,22,7029233,7582082,10394386432,38725283840
2025-05-14 07:24:11,37.581,3.886,0,20480,59.90,30555.80,31787.88,22,7029444,7582297,10394386432,38725304320
2025-05-14 07:24:11,39.057,4.002,0,0,49.90,30555.80,31787.88,22,7029645,7582498,10394386432,38725304320
2025-05-14 07:24:12,41.366,4.170,0,0,49.90,30555.80,31787.88,22,7029847,7582700,10394386432,38725304320
2025-05-14 07:24:12,38.094,3.849,0,0,49.90,30555.80,31787.88,22,7030048,7582901,10394386432,38725304320
2025-05-14 07:24:12,39.229,3.932,0,0,59.90,30555.80,31787.88,22,7030249,7583102,10394386432,38725304320
2025-05-14 07:24:12,38.648,3.855,0,0,59.90,30555.80,31787.88,22,7030449,7583302,10394386432,38725304320
2025-05-14 07:24:12,38.050,3.891,0,69632,49.90,30555.80,31787.88,22,7030668,7583529,10394386432,38725373952
2025-05-14 07:24:13,39.321,3.892,0,0,69.90,30555.80,31787.88,22,7030869,7583730,10394386432,38725373952
2025-05-14 07:24:13,37.583,3.849,0,0,49.90,30555.80,31787.88,22,7031070,7583931,10394386432,38725373952
2025-05-14 07:24:13,38.117,3.897,0,0,59.90,30555.80,31787.88,22,7031271,7584132,10394386432,38725373952
2025-05-14 07:24:13,38.273,3.838,0,0,59.90,30555.80,31787.88,22,7031472,7584333,10394386432,38725373952
2025-05-14 07:24:13,39.066,3.928,0,0,49.90,30555.80,31787.88,22,7031674,7584535,10394386432,38725373952
2025-05-14 07:24:14,38.164,3.879,0,0,59.90,30555.80,31787.88,22,7031875,7584736,10394386432,38725373952
2025-05-14 07:24:14,37.891,3.834,0,0,69.90,30555.80,31787.88,22,7032076,7584937,10394386432,38725373952
2025-05-14 07:24:14,38.761,3.867,0,0,99.80,30555.80,31787.88,22,7032300,7585170,10394386432,38725492736
2025-05-14 07:24:14,38.196,3.852,0,118784,59.90,30555.80,31787.88,22,7032500,7585370,10394386432,38725492736
2025-05-14 07:24:14,38.618,3.829,0,0,59.90,30555.80,31787.88,22,7032701,7585571,10394386432,38725492736
2025-05-14 07:24:15,38.326,3.860,0,0,79.90,30555.80,31787.88,22,7032902,7585772,10394386432,38725492736
2025-05-14 07:24:15,38.009,3.877,0,0,69.90,30555.80,31787.88,22,7033103,7585973,10394386432,38725492736
2025-05-14 07:24:15,39.834,3.916,0,0,59.90,30555.80,31787.88,22,7033305,7586175,10394386432,38725492736
2025-05-14 07:24:15,39.882,4.021,0,0,59.90,30555.80,31787.88,22,7033506,7586376,10394386432,38725492736
2025-05-14 07:24:15,38.240,3.898,0,0,59.90,30555.80,31787.88,22,7033707,7586577,10394386432,38725492736
2025-05-14 07:24:16,38.129,3.900,0,0,59.90,30555.80,31787.88,22,7033908,7586778,10394386432,38725492736
2025-05-14 07:24:16,37.897,3.854,0,0,69.90,30555.80,31787.88,22,7034109,7586979,10394386432,38725492736
2025-05-14 07:24:16,38.512,3.884,0,0,59.90,30555.80,31787.88,22,7034310,7587180,10394386432,38725492736
2025-05-14 07:24:16,37.815,3.778,0,0,59.90,30555.80,31787.88,22,7034513,7587384,10394386432,38725492736
2025-05-14 07:24:16,38.564,3.892,0,49152,59.90,30555.80,31787.88,22,7034739,7587627,10394386432,38725574656
2025-05-14 07:24:17,38.047,3.865,0,106496,89.80,30555.80,31787.88,22,7034959,7587853,10394386432,38725648384
2025-05-14 07:24:17,38.533,3.855,0,0,59.90,30555.80,31787.88,22,7035160,7588054,10394386432,38725648384
2025-05-14 07:24:17,39.151,3.922,0,0,59.90,30555.80,31787.88,22,7035362,7588256,10394386432,38725648384
2025-05-14 07:24:17,38.189,3.926,0,0,59.90,30555.80,31787.88,22,7035563,7588457,10394386432,38725648384
2025-05-14 07:24:17,38.262,3.921,0,0,59.90,30555.80,31787.88,22,7035764,7588658,10394386432,38725648384
2025-05-14 07:24:18,38.360,3.877,0,0,59.90,30555.80,31787.88,22,7035965,7588859,10394386432,38725648384
2025-05-14 07:24:18,38.276,3.875,0,0,49.90,30555.80,31787.88,22,7036166,7589060,10394386432,38725648384
2025-05-14 07:24:18,38.436,3.914,0,0,59.90,30555.80,31787.88,22,7036367,7589261,10394386432,38725648384
2025-05-14 07:24:18,37.803,3.841,0,0,59.90,30555.80,31787.88,22,7036567,7589461,10394386432,38725648384
2025-05-14 07:24:18,38.142,3.887,0,0,59.90,30555.80,31787.88,22,7036768,7589662,10394386432,38725648384
2025-05-14 07:24:19,37.724,3.864,0,0,49.90,30555.80,31787.88,22,7036970,7589864,10394386432,38725648384
2025-05-14 07:24:19,38.477,3.901,0,0,59.90,30555.80,31787.88,22,7037172,7590066,10394386432,38725648384
2025-05-14 07:24:19,38.211,3.883,0,0,59.90,30555.80,31787.88,22,7037373,7590267,10394386432,38725648384
2025-05-14 07:24:19,37.994,3.842,0,0,79.90,30555.80,31787.88,22,7037574,7590468,10394386432,38725648384
2025-05-14 07:24:19,38.182,3.851,0,0,49.90,30555.80,31787.88,22,7037775,7590669,10394386432,38725648384
2025-05-14 07:24:20,37.800,3.828,0,0,49.90,30555.80,31787.88,22,7037976,7590870,10394386432,38725648384
2025-05-14 07:24:20,39.059,3.887,0,0,49.90,30555.80,31787.88,22,7038177,7591071,10394386432,38725648384
2025-05-14 07:24:20,38.857,3.939,0,0,59.90,30555.80,31787.88,22,7038378,7591272,10394386432,38725648384
2025-05-14 07:24:20,37.960,3.877,0,0,59.90,30555.80,31787.88,22,7038578,7591472,10394386432,38725648384
2025-05-14 07:24:20,39.072,3.933,0,0,59.90,30555.80,31787.88,22,7038779,7591673,10394386432,38725648384
2025-05-14 07:24:21,38.626,3.918,0,0,49.90,30555.80,31787.88,22,7038980,7591874,10394386432,38725648384
2025-05-14 07:24:21,39.670,3.907,0,0,59.90,30555.80,31787.88,22,7039182,7592076,10394386432,38725648384
2025-05-14 07:24:21,38.407,3.871,0,0,49.90,30555.80,31787.88,22,7039383,7592277,10394386432,38725648384
2025-05-14 07:24:21,38.701,3.903,0,0,59.90,30555.80,31787.88,22,7039584,7592478,10394386432,38725648384
2025-05-14 07:24:21,38.491,3.902,0,0,59.90,30555.80,31787.88,22,7039796,7592694,10394386432,38725668864
2025-05-14 07:24:22,39.128,4.043,0,20480,59.90,30555.80,31787.88,22,7039997,7592895,10394386432,38725668864
2025-05-14 07:24:22,38.573,3.910,0,0,149.70,30555.80,31787.88,22,7040197,7593095,10394386432,38725668864
2025-05-14 07:24:22,38.650,3.905,0,0,59.90,30555.80,31787.88,22,7040398,7593296,10394386432,38725668864
2025-05-14 07:24:22,38.417,3.897,0,0,59.90,30555.80,31787.88,22,7040598,7593496,10394386432,38725668864
2025-05-14 07:24:22,38.204,3.840,0,0,59.90,30555.80,31787.88,22,7040799,7593697,10394386432,38725668864
2025-05-14 07:24:23,38.544,3.869,0,0,49.90,30555.80,31787.88,22,7041000,7593898,10394386432,38725668864
2025-05-14 07:24:23,38.427,3.860,0,0,69.90,30555.80,31787.88,22,7041202,7594100,10394386432,38725668864
2025-05-14 07:24:23,38.134,3.875,0,0,59.90,30555.80,31787.88,22,7041403,7594301,10394386432,38725668864
2025-05-14 07:24:23,38.590,3.910,0,0,59.90,30555.80,31787.88,22,7041604,7594502,10394386432,38725668864
2025-05-14 07:24:23,38.053,3.830,0,0,49.90,30555.80,31787.88,22,7041805,7594703,10394386432,38725668864
2025-05-14 07:24:24,39.183,3.855,0,0,59.90,30555.80,31787.88,22,7042006,7594904,10394386432,38725668864
2025-05-14 07:24:24,38.151,3.896,0,0,79.90,30555.80,31787.88,22,7042207,7595105,10394386432,38725668864
2025-05-14 07:24:24,37.734,3.848,0,0,59.90,30555.80,31787.88,22,7042409,7595307,10394386432,38725668864
2025-05-14 07:24:24,38.684,3.881,0,0,49.90,30555.80,31787.88,22,7042609,7595507,10394386432,38725668864
2025-05-14 07:24:24,38.587,3.869,0,0,49.90,30555.80,31787.88,22,7042810,7595708,10394386432,38725668864
2025-05-14 07:24:25,39.240,3.884,0,0,59.90,30555.80,31787.88,22,7043011,7595909,10394386432,38725668864
2025-05-14 07:24:25,37.655,3.829,0,0,69.90,30555.80,31787.88,22,7043212,7596110,10394386432,38725668864
2025-05-14 07:24:25,38.473,3.812,0,0,59.90,30555.80,31787.88,22,7043413,7596311,10394386432,38725668864
2025-05-14 07:24:25,39.251,3.854,0,0,59.90,30555.80,31787.88,22,7043614,7596512,10394386432,38725668864
2025-05-14 07:24:25,38.144,3.883,0,0,49.90,30555.80,31787.88,22,7043815,7596713,10394386432,38725668864
2025-05-14 07:24:26,38.333,3.886,0,0,59.90,30555.80,31787.88,22,7044017,7596915,10394386432,38725668864
2025-05-14 07:24:26,37.630,3.872,0,0,69.90,30555.80,31787.88,22,7044218,7597116,10394386432,38725668864
2025-05-14 07:24:26,40.344,3.874,0,0,59.90,30555.80,31787.88,22,7044419,7597317,10394386432,38725668864
2025-05-14 07:24:26,40.290,3.852,0,0,59.90,30555.80,31787.88,22,7044619,7597517,10394386432,38725668864
2025-05-14 07:24:26,40.398,3.808,0,0,59.90,30555.81,31771.87,16,7044821,7597720,10394386432,38725672960
2025-05-14 07:24:27,41.188,3.861,0,4096,89.90,30555.81,31771.87,16,7045022,7597921,10394386432,38725672960
2025-05-14 07:24:27,40.529,3.819,0,0,59.90,30555.81,31771.87,16,7045223,7598122,10394386432,38725672960
2025-05-14 07:24:27,40.950,3.933,4096,16384,69.90,30555.81,31771.87,16,7045427,7598327,10394390528,38725689344
2025-05-14 07:24:27,40.395,3.821,0,0,69.90,30555.81,31771.87,16,7045628,7598528,10394390528,38725689344
2025-05-14 07:24:27,41.703,3.799,0,0,49.90,30555.81,31771.87,16,7045828,7598728,10394390528,38725689344
2025-05-14 07:24:28,40.548,3.773,0,0,59.90,30555.81,31771.87,16,7046029,7598929,10394390528,38725689344
2025-05-14 07:24:28,40.268,3.818,0,0,49.90,30555.81,31771.87,16,7046230,7599130,10394390528,38725689344
2025-05-14 07:24:28,40.925,3.850,0,0,59.90,30555.81,31771.87,16,7046431,7599331,10394390528,38725689344
2025-05-14 07:24:28,40.182,3.753,0,0,69.90,30555.81,31771.87,16,7046631,7599531,10394390528,38725689344
2025-05-14 07:24:28,41.266,3.806,0,12288,59.90,30555.81,31771.87,16,7046838,7599740,10394390528,38725701632
2025-05-14 07:24:29,40.817,3.749,0,0,49.90,30555.81,31771.87,16,7047039,7599941,10394390528,38725701632
2025-05-14 07:24:29,40.488,3.778,0,0,69.90,30555.81,31771.87,16,7047240,7600142,10394390528,38725701632
2025-05-14 07:24:29,40.547,3.851,0,0,59.90,30555.81,31771.87,16,7047441,7600343,10394390528,38725701632
2025-05-14 07:24:29,40.214,3.826,0,0,39.90,30555.81,31771.87,16,7047643,7600545,10394390528,38725701632
2025-05-14 07:24:29,40.610,3.804,0,0,49.90,30555.81,31771.87,16,7047844,7600746,10394390528,38725701632
2025-05-14 07:24:30,40.145,3.786,0,0,69.90,30555.81,31771.87,16,7048045,7600947,10394390528,38725701632
2025-05-14 07:24:30,40.919,3.781,0,0,69.90,30555.81,31771.87,16,7048246,7601148,10394390528,38725701632
2025-05-14 07:24:30,40.448,3.807,0,0,49.90,30555.81,31771.87,16,7048451,7601353,10394390528,38725701632
2025-05-14 07:24:30,40.622,3.786,0,0,49.90,30555.81,31771.87,16,7048651,7601553,10394390528,38725701632
2025-05-14 07:24:30,40.758,3.833,0,0,49.90,30555.81,31771.87,16,7048853,7601755,10394390528,38725701632
2025-05-14 07:24:31,40.334,3.895,0,0,59.90,30555.81,31771.87,16,7049054,7601956,10394390528,38725701632
2025-05-14 07:24:31,40.565,3.836,0,0,69.90,30555.81,31771.87,16,7049255,7602157,10394390528,38725701632
2025-05-14 07:24:31,40.485,3.854,0,0,59.90,30555.81,31771.87,16,7049456,7602358,10394390528,38725701632
2025-05-14 07:24:31,41.036,3.843,0,0,49.90,30555.81,31771.87,16,7049657,7602559,10394390528,38725701632
2025-05-14 07:24:32,40.881,3.845,0,0,59.90,30555.81,31771.87,16,7049858,7602760,10394390528,38725701632
2025-05-14 07:24:32,40.123,3.803,0,16384,69.90,30555.81,31771.87,16,7050067,7602972,10394390528,38725718016
2025-05-14 07:24:32,40.980,3.837,0,0,59.90,30555.81,31771.87,16,7050269,7603174,10394390528,38725718016
2025-05-14 07:24:32,40.233,3.846,0,0,59.90,30555.81,31771.87,16,7050472,7603377,10394390528,38725718016
2025-05-14 07:24:32,41.033,3.898,0,0,49.90,30555.81,31771.87,16,7050673,7603578,10394390528,38725718016
2025-05-14 07:24:33,40.378,3.825,0,0,59.90,30555.81,31771.87,16,7050874,7603779,10394390528,38725718016
2025-05-14 07:24:33,40.453,3.855,4096,77824,49.90,30555.81,31771.87,16,7051099,7604018,10394394624,38725799936
2025-05-14 07:24:33,40.489,3.798,0,4096,49.90,30555.81,31771.87,16,7051300,7604219,10394394624,38725799936
2025-05-14 07:24:33,40.289,3.815,0,0,49.90,30555.81,31771.87,16,7051502,7604421,10394394624,38725799936
2025-05-14 07:24:33,41.605,3.865,0,0,69.90,30555.81,31771.87,16,7051703,7604622,10394394624,38725799936
2025-05-14 07:24:34,40.367,3.802,0,0,59.90,30555.81,31771.87,16,7051904,7604823,10394394624,38725799936
2025-05-14 07:24:34,40.423,3.794,0,0,39.90,30555.81,31771.87,16,7052105,7605024,10394394624,38725799936
2025-05-14 07:24:34,40.265,3.818,0,0,49.90,30555.81,31771.87,16,7052306,7605225,10394394624,38725799936
2025-05-14 07:24:34,40.373,3.831,0,0,39.90,30555.81,31771.87,16,7052507,7605426,10394394624,38725799936
2025-05-14 07:24:34,40.317,3.820,0,0,59.90,30555.81,31771.87,16,7052708,7605627,10394394624,38725799936
2025-05-14 07:24:35,40.357,3.787,0,0,59.90,30555.81,31771.87,16,7052909,7605828,10394394624,38725799936
2025-05-14 07:24:35,41.956,3.819,0,0,49.90,30555.81,31771.87,16,7053110,7606029,10394394624,38725799936
2025-05-14 07:24:35,40.287,3.814,0,0,49.90,30555.81,31771.87,16,7053311,7606230,10394394624,38725799936
2025-05-14 07:24:35,40.764,3.855,0,0,59.90,30555.81,31771.87,16,7053513,7606432,10394394624,38725799936
2025-05-14 07:24:35,43.354,3.980,0,0,49.90,30555.81,31771.87,16,7053713,7606632,10394394624,38725799936
2025-05-14 07:24:36,40.312,3.857,0,0,59.90,30555.81,31771.87,16,7053914,7606833,10394394624,38725799936
2025-05-14 07:24:36,40.668,3.902,0,0,59.90,30555.81,31771.87,16,7054115,7607034,10394394624,38725799936
2025-05-14 07:24:36,40.253,3.812,0,0,69.90,30555.81,31771.87,16,7054316,7607235,10394394624,38725799936
2025-05-14 07:24:36,40.760,3.930,0,0,59.90,30555.81,31771.87,16,7054516,7607435,10394394624,38725799936
2025-05-14 07:24:36,40.241,3.832,0,0,69.90,30555.81,31771.87,16,7054718,7607637,10394394624,38725799936
2025-05-14 07:24:37,40.716,3.789,0,0,79.90,30555.81,31771.87,16,7054919,7607838,10394394624,38725799936
2025-05-14 07:24:37,40.507,3.849,0,0,79.80,30555.81,31771.87,16,7055128,7608050,10394394624,38725812224
2025-05-14 07:24:37,40.646,3.814,0,12288,69.90,30555.81,31771.87,16,7055329,7608251,10394394624,38725812224
2025-05-14 07:24:37,40.509,3.886,0,0,59.90,30555.81,31771.87,16,7055530,7608452,10394394624,38725812224
2025-05-14 07:24:37,40.635,3.781,0,0,59.90,30555.81,31771.87,16,7055732,7608654,10394394624,38725812224
2025-05-14 07:24:38,41.129,3.923,0,0,49.90,30555.81,31771.87,16,7055933,7608855,10394394624,38725812224
2025-05-14 07:24:38,40.315,3.848,0,0,69.90,30555.81,31771.87,16,7056134,7609056,10394394624,38725812224
2025-05-14 07:24:38,41.712,3.930,0,0,59.90,30555.81,31771.87,16,7056335,7609257,10394394624,38725812224
2025-05-14 07:24:38,40.533,3.829,0,0,79.90,30555.81,31771.87,16,7056535,7609457,10394394624,38725812224
2025-05-14 07:24:38,40.340,3.783,0,0,59.90,30555.81,31771.87,16,7056737,7609659,10394394624,38725812224
2025-05-14 07:24:39,40.925,3.822,0,0,49.90,30555.81,31771.87,16,7056938,7609860,10394394624,38725812224
2025-05-14 07:24:39,40.489,3.830,0,0,59.90,30555.81,31771.87,16,7057139,7610061,10394394624,38725812224
2025-05-14 07:24:39,40.179,3.787,0,0,69.90,30555.81,31771.87,16,7057344,7610268,10394394624,38725824512
2025-05-14 07:24:39,40.495,3.830,0,12288,49.90,30555.81,31771.87,16,7057545,7610469,10394394624,38725824512
2025-05-14 07:24:39,40.334,3.790,0,0,59.90,30555.81,31771.87,16,7057746,7610670,10394394624,38725824512
2025-05-14 07:24:40,40.422,3.858,0,0,49.90,30555.81,31771.87,16,7057948,7610872,10394394624,38725824512
2025-05-14 07:24:40,40.330,3.806,0,0,49.90,30555.81,31771.87,16,7058149,7611073,10394394624,38725824512
2025-05-14 07:24:40,40.150,3.815,0,0,49.90,30555.81,31771.87,16,7058350,7611274,10394394624,38725824512
2025-05-14 07:24:40,40.567,3.794,0,0,49.90,30555.81,31771.87,16,7058550,7611474,10394394624,38725824512
2025-05-14 07:24:40,40.271,3.803,0,0,49.90,30555.81,31771.87,16,7058751,7611675,10394394624,38725824512
2025-05-14 07:24:41,40.812,3.851,0,0,49.90,30555.81,31771.87,16,7058955,7611879,10394394624,38725824512
2025-05-14 07:24:41,40.415,3.922,0,0,59.90,30555.81,31771.87,16,7059156,7612080,10394394624,38725824512
2025-05-14 07:24:41,40.996,3.899,0,0,69.90,30555.81,31771.87,16,7059357,7612281,10394394624,38725824512
2025-05-14 07:24:41,40.195,3.799,0,0,49.90,30555.81,31771.87,16,7059558,7612482,10394394624,38725824512
2025-05-14 07:24:41,40.442,3.840,0,0,49.90,30555.81,31771.87,16,7059759,7612683,10394394624,38725824512
2025-05-14 07:24:42,40.383,3.818,0,0,49.90,30555.81,31771.87,16,7059961,7612885,10394394624,38725824512
2025-05-14 07:24:42,39.821,3.797,0,0,59.90,30555.81,31771.87,16,7060162,7613086,10394394624,38725824512
2025-05-14 07:24:42,40.993,3.839,0,0,69.90,30555.81,31771.87,16,7060370,7613296,10394394624,38725840896
2025-05-14 07:24:42,40.054,3.841,0,16384,59.90,30555.81,31771.87,16,7060570,7613496,10394394624,38725840896
2025-05-14 07:24:42,40.886,3.860,0,0,59.90,30555.81,31771.87,16,7060771,7613697,10394394624,38725840896
2025-05-14 07:24:43,39.907,3.807,0,0,49.90,30555.81,31771.87,16,7060972,7613898,10394394624,38725840896
2025-05-14 07:24:43,41.009,3.895,0,0,49.90,30555.81,31771.87,16,7061174,7614100,10394394624,38725840896
2025-05-14 07:24:43,40.581,3.975,0,0,59.90,30555.81,31771.87,16,7061375,7614301,10394394624,38725840896
2025-05-14 07:24:43,39.999,3.881,0,0,59.90,30555.81,31771.87,16,7061576,7614502,10394394624,38725840896
2025-05-14 07:24:43,41.158,3.808,0,0,49.90,30555.81,31771.87,16,7061777,7614703,10394394624,38725840896
2025-05-14 07:24:44,40.187,3.789,0,0,49.90,30555.81,31771.87,16,7061978,7614904,10394394624,38725840896
2025-05-14 07:24:44,40.222,3.889,0,0,49.90,30555.81,31771.87,16,7062179,7615105,10394394624,38725840896
2025-05-14 07:24:44,39.823,3.833,0,0,59.90,30555.81,31771.87,16,7062380,7615306,10394394624,38725840896
2025-05-14 07:24:44,40.358,3.843,0,0,59.90,30555.81,31771.87,16,7062581,7615507,10394394624,38725840896
2025-05-14 07:24:44,40.697,3.817,0,0,49.90,30555.81,31771.87,16,7062782,7615708,10394394624,38725840896
2025-05-14 07:24:45,40.139,3.821,0,0,79.90,30555.81,31771.87,16,7062983,7615909,10394394624,38725840896
2025-05-14 07:24:45,40.906,3.892,0,0,59.90,30555.81,31771.87,16,7063184,7616110,10394394624,38725840896
2025-05-14 07:24:45,40.200,3.820,0,0,69.90,30555.81,31771.87,16,7063385,7616311,10394394624,38725840896
2025-05-14 07:24:45,40.816,3.856,0,0,59.90,30555.81,31771.87,16,7063586,7616512,10394394624,38725840896
2025-05-14 07:24:45,39.994,3.798,0,0,49.90,30555.81,31771.87,16,7063787,7616713,10394394624,38725840896
2025-05-14 07:24:46,40.771,3.860,0,0,49.90,30555.81,31771.87,16,7063988,7616914,10394394624,38725840896
2025-05-14 07:24:46,40.280,3.883,0,0,69.90,30555.81,31771.87,16,7064189,7617115,10394394624,38725840896
2025-05-14 07:24:46,40.327,3.838,0,0,49.90,30555.81,31771.87,16,7064390,7617316,10394394624,38725840896
2025-05-14 07:24:46,40.945,3.886,0,0,79.80,30555.81,31771.87,16,7064590,7617516,10394394624,38725840896
2025-05-14 07:24:46,40.296,3.833,0,0,59.90,30555.81,31771.87,16,7064790,7617716,10394394624,38725840896
2025-05-14 07:24:47,40.881,3.909,0,0,69.90,30555.81,31771.87,16,7064991,7617917,10394394624,38725840896
2025-05-14 07:24:47,41.551,3.975,0,0,59.90,30555.81,31771.87,16,7065193,7618119,10394394624,38725840896
2025-05-14 07:24:47,40.616,3.829,0,0,59.90,30555.81,31771.87,16,7065394,7618320,10394394624,38725840896
2025-05-14 07:24:47,40.762,3.892,0,0,59.90,30555.81,31771.87,16,7065595,7618521,10394394624,38725840896
2025-05-14 07:24:47,40.257,3.792,0,0,59.90,30555.81,31771.87,16,7065796,7618722,10394394624,38725840896
2025-05-14 07:24:48,41.493,3.864,0,0,49.90,30555.81,31771.87,16,7066006,7618935,10394394624,38725853184
2025-05-14 07:24:48,40.194,3.841,0,12288,49.90,30555.81,31771.87,16,7066207,7619136,10394394624,38725853184
2025-05-14 07:24:48,40.822,3.829,0,0,59.90,30555.81,31771.87,16,7066409,7619338,10394394624,38725853184
2025-05-14 07:24:48,40.586,3.876,0,0,59.90,30555.81,31771.87,16,7066609,7619538,10394394624,38725853184
2025-05-14 07:24:48,40.202,3.770,0,0,59.90,30555.81,31771.87,16,7066810,7619739,10394394624,38725853184
2025-05-14 07:24:49,39.816,3.918,0,0,49.90,30555.81,31771.87,16,7067011,7619940,10394394624,38725853184
2025-05-14 07:24:49,38.110,3.909,0,0,59.90,30555.81,31771.87,16,7067214,7620145,10394394624,38725861376
2025-05-14 07:24:49,38.698,3.912,0,8192,69.90,30555.81,31771.87,16,7067415,7620346,10394394624,38725861376
2025-05-14 07:24:49,38.274,3.918,0,0,69.90,30555.81,31771.87,16,7067616,7620547,10394394624,38725861376
2025-05-14 07:24:49,37.739,3.891,0,0,49.90,30555.81,31771.87,16,7067817,7620748,10394394624,38725861376
2025-05-14 07:24:50,38.062,3.861,0,0,59.90,30555.81,31771.87,16,7068018,7620949,10394394624,38725861376
2025-05-14 07:24:50,38.069,3.924,0,0,79.90,30555.81,31771.87,16,7068224,7621155,10394394624,38725861376
2025-05-14 07:24:50,39.888,4.012,0,0,79.90,30555.81,31771.87,16,7068425,7621356,10394394624,38725861376
2025-05-14 07:24:50,36.860,3.893,0,0,69.90,30555.81,31771.87,16,7068625,7621556,10394394624,38725861376
2025-05-14 07:24:50,37.512,3.978,0,0,69.90,30555.81,31771.87,16,7068826,7621757,10394394624,38725861376
2025-05-14 07:24:51,37.301,3.883,0,0,59.90,30555.81,31771.87,16,7069027,7621958,10394394624,38725861376
2025-05-14 07:24:51,37.165,3.906,0,0,59.90,30555.81,31771.87,16,7069228,7622160,10394394624,38725861376
2025-05-14 07:24:51,39.662,4.011,0,0,49.90,30555.81,31771.87,16,7069430,7622361,10394394624,38725861376
2025-05-14 07:24:51,38.532,3.875,0,0,49.90,30555.81,31771.87,16,7069631,7622562,10394394624,38725861376
2025-05-14 07:24:51,39.389,4.024,0,0,59.90,30555.81,31771.87,16,7069832,7622763,10394394624,38725861376
2025-05-14 07:24:52,38.563,3.917,0,0,59.90,30555.81,31771.87,16,7070033,7622964,10394394624,38725861376
2025-05-14 07:24:52,37.543,3.842,0,0,59.90,30555.81,31771.87,16,7070234,7623165,10394394624,38725861376
2025-05-14 07:24:52,38.387,3.890,0,0,79.90,30555.81,31771.87,16,7070435,7623366,10394394624,38725861376
2025-05-14 07:24:52,37.580,3.891,0,0,59.90,30555.81,31771.87,16,7070635,7623566,10394394624,38725861376
2025-05-14 07:24:52,38.182,3.907,0,0,69.90,30555.81,31771.87,16,7070836,7623767,10394394624,38725861376
2025-05-14 07:24:53,37.739,3.898,0,0,59.90,30555.81,31771.87,16,7071045,7623979,10394394624,38725873664
2025-05-14 07:24:53,38.805,3.935,0,12288,49.90,30555.81,31771.87,16,7071246,7624180,10394394624,38725873664
2025-05-14 07:24:53,38.585,3.872,0,0,49.90,30555.81,31771.87,16,7071447,7624381,10394394624,38725873664
2025-05-14 07:24:53,37.476,3.852,0,0,49.90,30555.81,31771.87,16,7071648,7624582,10394394624,38725873664
2025-05-14 07:24:53,38.950,3.900,0,0,59.90,30555.81,31771.87,16,7071849,7624783,10394394624,38725873664
2025-05-14 07:24:54,37.962,3.911,0,0,59.90,30555.81,31771.87,16,7072050,7624984,10394394624,38725873664
2025-05-14 07:24:54,39.060,3.917,0,0,59.90,30555.81,31771.87,16,7072252,7625186,10394394624,38725873664
2025-05-14 07:24:54,37.986,3.886,0,0,59.90,30555.81,31771.87,16,7072453,7625387,10394394624,38725873664
2025-05-14 07:24:54,38.133,3.933,0,0,49.90,30555.81,31771.87,16,7072653,7625587,10394394624,38725873664
2025-05-14 07:24:54,39.255,3.924,0,0,59.90,30555.81,31771.87,16,7072854,7625788,10394394624,38725873664
2025-05-14 07:24:55,37.630,3.875,0,0,99.80,30555.81,31771.87,16,7073054,7625988,10394394624,38725873664
2025-05-14 07:24:55,37.948,3.900,0,0,59.90,30555.81,31771.87,16,7073255,7626189,10394394624,38725873664
2025-05-14 07:24:55,37.701,3.893,0,0,69.90,30555.81,31771.87,16,7073456,7626390,10394394624,38725873664
2025-05-14 07:24:55,38.159,3.965,0,0,59.90,30555.81,31771.87,16,7073657,7626591,10394394624,38725873664
2025-05-14 07:24:55,39.601,4.044,0,0,59.90,30555.81,31771.87,16,7073859,7626793,10394394624,38725873664
2025-05-14 07:24:56,37.905,3.921,0,0,39.90,30555.81,31771.87,16,7074060,7626994,10394394624,38725873664
2025-05-14 07:24:56,39.440,3.951,0,0,59.90,30555.81,31771.87,16,7074261,7627195,10394394624,38725873664
2025-05-14 07:24:56,38.436,3.931,0,0,59.90,30555.81,31771.87,16,7074462,7627396,10394394624,38725873664
2025-05-14 07:24:56,38.510,3.935,0,0,59.90,30555.81,31771.87,16,7074662,7627596,10394394624,38725873664
2025-05-14 07:24:56,38.309,3.909,0,0,39.90,30555.81,31771.87,16,7074863,7627797,10394394624,38725873664
2025-05-14 07:24:57,38.397,3.901,0,0,49.90,30555.81,31771.87,16,7075064,7627998,10394394624,38725873664
2025-05-14 07:24:57,39.492,3.943,0,0,39.90,30555.81,31771.87,16,7075265,7628199,10394394624,38725873664
2025-05-14 07:24:57,38.226,3.883,0,0,50.00,30555.81,31771.87,16,7075466,7628400,10394394624,38725873664
2025-05-14 07:24:57,39.248,3.891,0,0,59.90,30555.81,31771.87,16,7075667,7628601,10394394624,38725873664
2025-05-14 07:24:57,38.265,3.849,0,0,79.90,30555.81,31771.87,16,7075868,7628802,10394394624,38725873664
2025-05-14 07:24:58,37.515,3.861,0,0,49.90,30555.81,31771.87,16,7076069,7629003,10394394624,38725873664
2025-05-14 07:24:58,38.311,3.864,0,0,59.90,30555.81,31771.87,16,7076271,7629205,10394394624,38725873664
2025-05-14 07:24:58,37.628,3.856,0,0,69.90,30555.81,31771.87,16,7076472,7629406,10394394624,38725873664
2025-05-14 07:24:58,38.195,3.885,0,0,49.90,30555.81,31771.87,16,7076672,7629606,10394394624,38725873664
2025-05-14 07:24:58,38.240,3.881,0,0,49.90,30555.81,31771.87,16,7076873,7629807,10394394624,38725873664
2025-05-14 07:24:59,38.396,3.858,0,0,69.90,30555.81,31771.87,16,7077074,7630008,10394394624,38725873664
2025-05-14 07:24:59,38.244,3.912,0,0,59.90,30555.81,31763.86,15,7077275,7630209,10394394624,38725873664
2025-05-14 07:24:59,38.091,3.902,0,0,59.90,30555.81,31763.86,15,7077476,7630410,10394394624,38725873664
2025-05-14 07:24:59,38.418,3.977,0,0,59.90,30555.81,31763.86,15,7077677,7630611,10394394624,38725873664
2025-05-14 07:24:59,38.095,3.867,0,0,59.90,30555.81,31763.86,15,7077878,7630812,10394394624,38725873664
2025-05-14 07:25:00,38.823,3.900,0,0,59.90,30555.81,31763.86,15,7078081,7631015,10394394624,38725873664
2025-05-14 07:25:00,37.975,3.878,0,0,49.90,30555.81,31763.86,15,7078282,7631216,10394394624,38725873664
2025-05-14 07:25:00,38.221,3.930,0,0,59.90,30555.81,31763.86,15,7078486,7631420,10394394624,38725873664
2025-05-14 07:25:00,40.354,4.019,0,0,69.90,30555.81,31763.86,15,7078686,7631620,10394394624,38725873664
2025-05-14 07:25:00,38.551,3.912,0,0,59.90,30555.81,31763.86,15,7078887,7631821,10394394624,38725873664
2025-05-14 07:25:01,40.620,3.941,0,0,59.90,30555.81,31763.86,15,7079088,7632022,10394394624,38725873664
2025-05-14 07:25:01,40.737,3.855,0,0,49.90,30555.81,31763.86,15,7079290,7632224,10394394624,38725873664
2025-05-14 07:25:01,40.510,3.941,0,0,59.90,30555.81,31763.86,15,7079491,7632425,10394394624,38725873664
2025-05-14 07:25:01,41.178,3.905,0,0,69.90,30555.81,31763.86,15,7079692,7632626,10394394624,38725873664
2025-05-14 07:25:01,40.197,3.833,0,0,59.90,30555.81,31763.86,15,7079899,7632835,10394394624,38725881856
2025-05-14 07:25:02,41.355,3.875,0,8192,69.90,30555.81,31763.86,15,7080101,7633037,10394394624,38725881856
2025-05-14 07:25:02,40.552,3.801,0,0,69.90,30555.81,31763.86,15,7080303,7633239,10394394624,38725881856
2025-05-14 07:25:02,40.238,3.835,0,0,49.90,30555.81,31763.86,15,7080504,7633440,10394394624,38725881856
2025-05-14 07:25:02,40.511,3.873,0,0,79.90,30555.81,31763.86,15,7080704,7633640,10394394624,38725881856
2025-05-14 07:25:02,40.402,3.823,0,0,59.90,30555.81,31763.86,15,7080905,7633841,10394394624,38725881856
2025-05-14 07:25:03,41.241,3.839,0,0,69.90,30555.81,31763.86,15,7081106,7634042,10394394624,38725881856
2025-05-14 07:25:03,40.500,3.853,0,0,59.90,30555.81,31763.86,15,7081307,7634243,10394394624,38725881856
2025-05-14 07:25:03,41.744,3.825,0,0,69.90,30555.81,31763.86,15,7081508,7634444,10394394624,38725881856
2025-05-14 07:25:03,41.083,3.875,0,0,49.90,30555.81,31763.86,15,7081710,7634646,10394394624,38725881856
2025-05-14 07:25:03,40.746,3.853,0,0,59.90,30555.81,31763.86,15,7081911,7634847,10394394624,38725881856
2025-05-14 07:25:04,41.165,3.828,0,0,59.90,30555.81,31763.86,15,7082112,7635048,10394394624,38725881856
2025-05-14 07:25:04,40.499,3.780,0,0,69.90,30555.81,31763.86,15,7082313,7635249,10394394624,38725881856
2025-05-14 07:25:04,41.576,3.799,0,0,69.90,30555.81,31763.86,15,7082514,7635450,10394394624,38725881856
2025-05-14 07:25:04,40.368,3.854,0,0,49.90,30555.81,31763.86,15,7082714,7635650,10394394624,38725881856
2025-05-14 07:25:04,40.772,3.862,0,0,59.90,30555.81,31763.86,15,7082916,7635852,10394394624,38725881856
2025-05-14 07:25:05,40.910,3.904,0,0,59.90,30555.81,31763.86,15,7083117,7636053,10394394624,38725881856
2025-05-14 07:25:05,40.633,3.854,0,0,69.90,30555.81,31763.86,15,7083318,7636254,10394394624,38725881856
2025-05-14 07:25:05,41.219,3.837,0,0,69.90,30555.81,31763.86,15,7083522,7636458,10394394624,38725881856
2025-05-14 07:25:05,42.078,4.089,0,1208320,179.70,30555.81,31763.86,15,7083747,7636699,10394394624,38727090176
2025-05-14 07:25:05,41.117,3.864,0,0,39.90,30555.81,31763.86,15,7083948,7636900,10394394624,38727090176
2025-05-14 07:25:06,40.303,3.794,0,0,49.90,30555.81,31763.86,15,7084149,7637101,10394394624,38727090176
2025-05-14 07:25:06,40.257,3.828,0,0,69.90,30555.81,31763.86,15,7084351,7637303,10394394624,38727090176
2025-05-14 07:25:06,41.203,3.900,0,0,69.90,30555.81,31763.86,15,7084551,7637503,10394394624,38727090176
2025-05-14 07:25:06,40.437,3.806,0,0,59.90,30555.81,31763.86,15,7084752,7637704,10394394624,38727090176
2025-05-14 07:25:07,40.514,3.869,0,0,49.90,30555.81,31763.86,15,7084952,7637904,10394394624,38727090176
2025-05-14 07:25:07,40.562,3.795,0,0,89.80,30555.81,31763.86,15,7085153,7638105,10394394624,38727090176
2025-05-14 07:25:07,40.758,3.833,0,0,59.90,30555.81,31763.86,15,7085354,7638306,10394394624,38727090176
2025-05-14 07:25:07,41.150,3.826,0,0,69.90,30555.81,31763.86,15,7085556,7638508,10394394624,38727090176
2025-05-14 07:25:07,40.337,3.825,0,0,59.90,30555.81,31763.86,15,7085757,7638709,10394394624,38727090176
2025-05-14 07:25:08,40.620,3.821,0,0,69.90,30555.81,31763.86,15,7085958,7638910,10394394624,38727090176
2025-05-14 07:25:08,40.403,3.829,0,0,39.90,30555.81,31763.86,15,7086159,7639111,10394394624,38727090176
2025-05-14 07:25:08,40.097,3.844,0,0,49.90,30555.81,31763.86,15,7086360,7639312,10394394624,38727090176
2025-05-14 07:25:08,40.421,3.856,0,0,59.90,30555.81,31763.86,15,7086560,7639512,10394394624,38727090176
2025-05-14 07:25:08,40.037,3.867,0,0,49.90,30555.81,31763.86,15,7086761,7639713,10394394624,38727090176
2025-05-14 07:25:09,40.411,3.845,0,0,59.90,30555.81,31763.86,15,7086965,7639917,10394394624,38727090176
2025-05-14 07:25:09,40.194,3.828,0,0,49.90,30555.81,31763.86,15,7087166,7640118,10394394624,38727090176
2025-05-14 07:25:09,40.331,3.856,0,0,39.90,30555.81,31763.86,15,7087367,7640319,10394394624,38727090176
2025-05-14 07:25:09,39.900,3.832,0,0,59.90,30555.81,31763.86,15,7087568,7640520,10394394624,38727090176
2025-05-14 07:25:09,41.536,3.903,0,0,59.90,30555.81,31763.86,15,7087770,7640722,10394394624,38727090176
2025-05-14 07:25:10,40.262,3.895,0,0,49.90,30555.81,31763.86,15,7087971,7640923,10394394624,38727090176
2025-05-14 07:25:10,40.237,3.891,0,0,49.90,30555.81,31763.86,15,7088172,7641124,10394394624,38727090176
2025-05-14 07:25:10,40.264,3.836,0,0,59.90,30555.81,31763.86,15,7088373,7641325,10394394624,38727090176
2025-05-14 07:25:10,40.184,3.828,0,0,59.90,30555.81,31763.86,15,7088574,7641526,10394394624,38727090176
2025-05-14 07:25:10,42.058,4.025,0,0,49.90,30555.81,31763.86,15,7088782,7641736,10394394624,38727118848
2025-05-14 07:25:11,40.359,3.844,0,28672,59.90,30555.81,31763.86,15,7088983,7641937,10394394624,38727118848
2025-05-14 07:25:11,40.629,3.838,0,0,69.90,30555.81,31763.86,15,7089184,7642138,10394394624,38727118848
2025-05-14 07:25:11,40.640,3.869,0,0,59.90,30555.81,31763.86,15,7089386,7642340,10394394624,38727118848
2025-05-14 07:25:11,40.981,3.909,0,0,49.90,30555.81,31763.86,15,7089587,7642541,10394394624,38727118848
2025-05-14 07:25:11,40.785,3.813,0,0,49.90,30555.81,31763.86,15,7089788,7642742,10394394624,38727118848
2025-05-14 07:25:12,40.210,3.821,0,0,59.90,30555.81,31763.86,15,7089989,7642943,10394394624,38727118848
2025-05-14 07:25:12,41.210,3.912,0,0,59.90,30555.81,31763.86,15,7090191,7643145,10394394624,38727118848
2025-05-14 07:25:12,40.416,3.834,0,0,59.90,30555.81,31763.86,15,7090392,7643346,10394394624,38727118848
2025-05-14 07:25:12,41.463,3.881,0,0,59.90,30555.81,31763.86,15,7090592,7643546,10394394624,38727118848
2025-05-14 07:25:12,40.860,3.849,0,0,69.90,30555.81,31763.86,15,7090793,7643747,10394394624,38727118848
2025-05-14 07:25:13,40.238,3.832,0,0,59.90,30555.81,31763.86,15,7090993,7643947,10394394624,38727118848
2025-05-14 07:25:13,41.989,3.838,0,0,59.90,30555.81,31763.86,15,7091195,7644149,10394394624,38727118848
2025-05-14 07:25:13,38.949,3.849,0,0,59.90,30555.81,31763.86,15,7091396,7644350,10394394624,38727118848
2025-05-14 07:25:13,38.289,3.924,0,0,59.90,30555.81,31763.86,15,7091597,7644551,10394394624,38727118848
2025-05-14 07:25:13,37.852,3.903,0,0,49.90,30555.81,31763.86,15,7091798,7644752,10394394624,38727118848
2025-05-14 07:25:14,37.601,3.891,0,0,69.90,30555.81,31763.86,15,7091999,7644953,10394394624,38727118848
2025-05-14 07:25:14,38.055,3.934,0,0,59.90,30555.81,31763.86,15,7092200,7645154,10394394624,38727118848
2025-05-14 07:25:14,37.949,3.882,0,0,49.90,30555.81,31763.86,15,7092402,7645356,10394394624,38727118848
2025-05-14 07:25:14,39.535,3.953,0,0,69.90,30555.81,31763.86,15,7092602,7645556,10394394624,38727118848
2025-05-14 07:25:14,38.368,3.892,0,0,59.90,30555.81,31763.86,15,7092803,7645757,10394394624,38727118848
2025-05-14 07:25:15,37.853,3.840,0,0,49.90,30555.81,31763.86,15,7093005,7645959,10394394624,38727118848
2025-05-14 07:25:15,39.782,3.888,0,0,49.90,30555.81,31763.86,15,7093206,7646160,10394394624,38727118848
2025-05-14 07:25:15,37.829,3.807,0,0,59.90,30555.81,31763.86,15,7093407,7646361,10394394624,38727118848
2025-05-14 07:25:15,39.299,3.882,0,0,59.90,30555.81,31763.86,15,7093608,7646562,10394394624,38727118848
2025-05-14 07:25:15,37.873,3.870,0,0,59.90,30555.81,31747.86,13,7093809,7646763,10394394624,38727118848
2025-05-14 07:25:16,38.066,3.844,0,0,69.90,30555.81,31747.86,13,7094011,7646965,10394394624,38727118848
2025-05-14 07:25:16,38.042,3.866,0,0,59.90,30555.81,31747.86,13,7094212,7647166,10394394624,38727118848
2025-05-14 07:25:16,37.013,3.872,0,0,59.90,30555.81,31747.86,13,7094413,7647367,10394394624,38727118848
2025-05-14 07:25:16,38.910,3.940,0,0,59.90,30555.81,31747.86,13,7094613,7647567,10394394624,38727118848
2025-05-14 07:25:16,37.639,3.881,0,0,49.90,30555.81,31747.86,13,7094814,7647768,10394394624,38727118848
2025-05-14 07:25:17,38.905,3.905,0,0,69.90,30555.81,31747.86,13,7095015,7647969,10394394624,38727118848
2025-05-14 07:25:17,38.534,3.842,0,0,99.80,30555.81,31747.86,13,7095217,7648171,10394394624,38727118848
2025-05-14 07:25:17,38.153,3.926,0,0,69.90,30555.81,31747.86,13,7095421,7648375,10394394624,38727118848
2025-05-14 07:25:17,38.333,3.909,0,0,49.90,30555.81,31747.86,13,7095623,7648577,10394394624,38727118848
2025-05-14 07:25:17,37.754,3.804,0,0,40.00,30555.81,31747.86,13,7095824,7648778,10394394624,38727118848
2025-05-14 07:25:18,39.032,3.874,0,0,59.90,30555.81,31747.86,13,7096025,7648979,10394394624,38727118848
2025-05-14 07:25:18,37.619,3.882,0,0,79.80,30555.81,31747.86,13,7096226,7649180,10394394624,38727118848
2025-05-14 07:25:18,37.333,3.845,0,0,59.90,30555.81,31747.86,13,7096427,7649381,10394394624,38727118848
2025-05-14 07:25:18,38.408,3.910,0,0,59.90,30555.81,31747.86,13,7096627,7649581,10394394624,38727118848
2025-05-14 07:25:18,37.697,3.840,0,0,59.90,30555.81,31747.86,13,7096832,7649786,10394394624,38727118848
2025-05-14 07:25:19,38.199,3.897,0,0,59.90,30555.81,31747.86,13,7097033,7649987,10394394624,38727118848
2025-05-14 07:25:19,37.947,3.886,0,0,69.90,30555.81,31747.86,13,7097234,7650188,10394394624,38727118848
2025-05-14 07:25:19,37.902,3.890,0,0,59.90,30555.81,31747.86,13,7097435,7650389,10394394624,38727118848
2025-05-14 07:25:19,38.784,3.889,0,0,69.90,30555.81,31747.86,13,7097636,7650590,10394394624,38727118848
2025-05-14 07:25:19,38.000,3.857,0,0,49.90,30555.81,31747.86,13,7097837,7650791,10394394624,38727118848
2025-05-14 07:25:20,38.788,3.889,0,0,59.90,30555.81,31747.86,13,7098038,7650992,10394394624,38727118848
2025-05-14 07:25:20,37.471,3.857,0,0,59.90,30555.81,31747.86,13,7098239,7651193,10394394624,38727118848
2025-05-14 07:25:20,39.050,3.926,0,0,49.90,30555.81,31747.86,13,7098441,7651395,10394394624,38727118848
2025-05-14 07:25:20,38.711,3.897,0,0,69.90,30555.81,31747.86,13,7098641,7651595,10394394624,38727118848
2025-05-14 07:25:20,37.201,3.862,0,0,49.90,30555.80,31731.85,11,7098842,7651796,10394394624,38727118848
2025-05-14 07:25:21,38.246,3.911,0,0,69.90,30555.80,31731.85,11,7099045,7651999,10394394624,38727118848
2025-05-14 07:25:21,37.509,3.892,0,0,69.90,30555.80,31731.85,11,7099246,7652200,10394394624,38727118848
2025-05-14 07:25:21,38.034,3.922,0,0,59.90,30555.80,31731.85,11,7099447,7652401,10394394624,38727118848
2025-05-14 07:25:21,39.125,4.008,0,0,59.90,30555.80,31731.85,11,7099648,7652602,10394394624,38727118848
2025-05-14 07:25:21,38.544,3.924,0,0,69.90,30555.80,31731.85,11,7099850,7652804,10394394624,38727118848
2025-05-14 07:25:22,37.722,3.853,0,0,79.90,30555.80,31731.85,11,7100050,7653004,10394394624,38727118848
2025-05-14 07:25:22,36.897,3.872,0,0,49.90,30555.80,31731.85,11,7100251,7653205,10394394624,38727118848
2025-05-14 07:25:22,39.273,3.934,0,0,79.90,30555.80,31731.85,11,7100452,7653406,10394394624,38727118848
2025-05-14 07:25:22,37.040,3.882,0,0,79.90,30555.80,31731.85,11,7100652,7653606,10394394624,38727118848
2025-05-14 07:25:22,38.051,3.935,0,0,59.90,30555.80,31731.85,11,7100854,7653808,10394394624,38727118848
2025-05-14 07:25:23,37.601,3.815,0,0,69.90,30555.80,31731.85,11,7101055,7654009,10394394624,38727118848
2025-05-14 07:25:23,36.756,3.865,0,0,69.90,30555.80,31731.85,11,7101256,7654210,10394394624,38727118848
2025-05-14 07:25:23,37.084,3.908,0,0,69.90,30555.80,31731.85,11,7101457,7654411,10394394624,38727118848
2025-05-14 07:25:23,37.235,3.864,0,0,69.90,30555.80,31731.85,11,7101658,7654612,10394394624,38727118848
2025-05-14 07:25:23,38.238,3.841,0,0,79.90,30555.80,31731.85,11,7101859,7654813,10394394624,38727118848
2025-05-14 07:25:24,36.527,3.872,0,0,69.90,30555.80,31731.85,11,7102061,7655015,10394394624,38727118848
2025-05-14 07:25:24,37.100,3.889,0,0,79.90,30555.80,31731.85,11,7102262,7655216,10394394624,38727118848
2025-05-14 07:25:24,37.268,3.902,0,0,79.90,30555.80,31731.85,11,7102463,7655417,10394394624,38727118848
2025-05-14 07:25:24,36.867,3.862,0,0,49.90,30555.80,31731.85,11,7102663,7655617,10394394624,38727118848
2025-05-14 07:25:24,37.811,3.925,0,0,79.90,30555.80,31731.85,11,7102864,7655818,10394394624,38727118848
2025-05-14 07:25:25,36.832,3.906,0,0,89.90,30555.80,31731.85,11,7103065,7656019,10394394624,38727118848
2025-05-14 07:25:25,38.423,3.922,0,0,49.90,30555.80,31731.85,11,7103266,7656220,10394394624,38727118848
2025-05-14 07:25:25,39.769,4.013,0,0,89.90,30555.80,31731.85,11,7103467,7656421,10394394624,38727118848
2025-05-14 07:25:25,36.816,3.857,0,0,69.90,30555.80,31731.85,11,7103669,7656623,10394394624,38727118848
2025-05-14 07:25:25,37.823,3.910,0,0,69.90,30555.80,31731.85,11,7103870,7656824,10394394624,38727118848
2025-05-14 07:25:26,36.600,3.895,0,0,79.90,30555.80,31731.85,11,7104071,7657025,10394394624,38727118848
2025-05-14 07:25:26,37.175,3.912,0,0,79.90,30555.80,31731.85,11,7104272,7657226,10394394624,38727118848
2025-05-14 07:25:26,37.219,3.897,0,0,69.90,30555.80,31731.85,11,7104473,7657427,10394394624,38727118848
2025-05-14 07:25:26,37.837,3.873,0,0,79.90,30555.80,31731.85,11,7104673,7657627,10394394624,38727118848
2025-05-14 07:25:26,37.193,3.840,0,0,59.90,30555.80,31731.85,11,7104875,7657829,10394394624,38727118848
2025-05-14 07:25:27,37.023,3.864,0,0,79.90,30555.80,31731.85,11,7105076,7658030,10394394624,38727118848
2025-05-14 07:25:27,39.129,3.992,0,0,59.90,30555.80,31731.85,11,7105277,7658231,10394394624,38727118848
2025-05-14 07:25:27,38.265,3.889,0,0,69.90,30555.80,31731.85,11,7105478,7658432,10394394624,38727118848
2025-05-14 07:25:27,38.123,3.890,0,0,69.90,30555.80,31731.85,11,7105679,7658633,10394394624,38727118848
2025-05-14 07:25:27,38.407,3.868,0,0,69.90,30555.80,31731.85,11,7105880,7658834,10394394624,38727118848
2025-05-14 07:25:28,37.062,3.849,0,0,59.90,30555.80,31731.85,11,7106081,7659035,10394394624,38727118848
2025-05-14 07:25:28,38.965,4.023,0,1875968,59.90,30555.80,31739.85,16,7106429,7659447,10394394624,38729191424
2025-05-14 07:25:28,38.183,3.904,0,196608,59.90,30555.80,31739.85,16,7106630,7659648,10394394624,38729191424
2025-05-14 07:25:28,38.736,3.914,0,0,59.90,30555.80,31739.85,16,7106830,7659848,10394394624,38729191424
2025-05-14 07:25:28,38.030,3.926,0,0,39.90,30555.80,31739.85,16,7107031,7660049,10394394624,38729191424
2025-05-14 07:25:29,38.235,3.880,0,0,49.90,30555.80,31739.85,16,7107232,7660250,10394394624,38729191424
2025-05-14 07:25:29,38.562,3.877,0,32768,49.90,30555.80,31739.85,16,7107442,7660470,10394394624,38729224192
2025-05-14 07:25:29,38.101,3.885,0,0,59.90,30555.80,31739.85,16,7107643,7660671,10394394624,38729224192
2025-05-14 07:25:29,39.865,3.961,0,0,49.90,30555.80,31739.85,16,7107845,7660873,10394394624,38729224192
2025-05-14 07:25:29,38.062,3.878,0,0,59.90,30555.80,31739.85,16,7108045,7661073,10394394624,38729224192
2025-05-14 07:25:30,38.556,3.833,0,0,59.90,30555.80,31739.85,16,7108250,7661278,10394394624,38729224192
2025-05-14 07:25:30,39.884,3.923,0,0,69.90,30555.80,31739.85,16,7108451,7661479,10394394624,38729224192
2025-05-14 07:25:30,36.748,3.835,0,0,69.90,30555.80,31739.85,16,7108652,7661680,10394394624,38729224192
2025-05-14 07:25:30,38.036,3.919,0,0,59.90,30555.80,31739.85,16,7108852,7661880,10394394624,38729224192
2025-05-14 07:25:30,36.904,3.875,0,0,59.90,30555.80,31739.85,16,7109053,7662081,10394394624,38729224192
2025-05-14 07:25:31,37.301,3.874,0,0,69.90,30555.80,31739.85,16,7109255,7662283,10394394624,38729224192
2025-05-14 07:25:31,36.627,3.881,0,0,79.90,30555.80,31739.85,16,7109456,7662484,10394394624,38729224192
2025-05-14 07:25:31,37.369,3.871,0,0,59.90,30555.80,31739.85,16,7109657,7662685,10394394624,38729224192
2025-05-14 07:25:31,40.328,4.099,0,0,69.90,30555.80,31739.85,16,7109858,7662886,10394394624,38729224192
2025-05-14 07:25:31,37.762,3.953,0,0,49.90,30555.80,31739.85,16,7110059,7663087,10394394624,38729224192
2025-05-14 07:25:32,40.013,3.949,0,0,69.90,30555.80,31739.85,16,7110260,7663289,10394394624,38729224192
2025-05-14 07:25:32,37.195,3.896,0,0,79.90,30555.80,31739.85,16,7110461,7663490,10394394624,38729224192
2025-05-14 07:25:32,36.500,3.852,0,0,69.90,30555.80,31739.85,16,7110663,7663691,10394394624,38729224192
2025-05-14 07:25:32,37.642,3.929,0,0,70.00,30555.80,31739.85,16,7110866,7663894,10394394624,38729224192
2025-05-14 07:25:32,37.017,3.907,0,0,79.90,30555.80,31739.85,16,7111067,7664095,10394394624,38729224192
2025-05-14 07:25:33,38.400,3.937,0,0,69.90,30555.80,31739.85,16,7111268,7664296,10394394624,38729224192
2025-05-14 07:25:33,36.769,3.928,0,0,79.90,30555.80,31739.85,16,7111469,7664497,10394394624,38729224192
2025-05-14 07:25:33,36.860,3.931,0,8192,69.90,30555.80,31739.85,16,7111675,7664705,10394394624,38729232384
2025-05-14 07:25:33,37.712,3.949,0,0,69.90,30555.80,31739.85,16,7111876,7664906,10394394624,38729232384
2025-05-14 07:25:33,37.504,3.903,0,0,79.80,30555.80,31739.85,16,7112077,7665107,10394394624,38729232384
2025-05-14 07:25:34,37.982,3.896,0,0,79.90,30555.80,31739.85,16,7112278,7665308,10394394624,38729232384
2025-05-14 07:25:34,36.748,3.860,0,0,59.90,30555.80,31739.85,16,7112479,7665509,10394394624,38729232384
2025-05-14 07:25:34,37.771,3.829,0,16384,69.90,30555.80,31739.85,16,7112688,7665721,10394394624,38729248768
2025-05-14 07:25:34,38.531,3.860,0,0,59.90,30555.80,31739.85,16,7112888,7665921,10394394624,38729248768
2025-05-14 07:25:34,37.686,3.869,0,0,49.90,30555.80,31739.85,16,7113089,7666122,10394394624,38729248768
2025-05-14 07:25:35,38.187,3.899,0,0,89.80,30555.80,31739.85,16,7113289,7666322,10394394624,38729248768
2025-05-14 07:25:35,38.081,3.915,0,0,59.90,30555.80,31739.85,16,7113490,7666523,10394394624,38729248768
2025-05-14 07:25:35,38.137,3.893,0,0,49.90,30555.80,31739.85,16,7113691,7666724,10394394624,38729248768
2025-05-14 07:25:35,40.411,4.218,0,0,628.90,30555.80,31739.85,16,7113894,7666927,10394394624,38729248768
2025-05-14 07:25:35,44.221,4.177,0,0,39.90,30555.80,31739.85,16,7114095,7667128,10394394624,38729248768
2025-05-14 07:25:36,39.931,3.978,0,12288,49.90,30555.80,31739.85,16,7114300,7667334,10394394624,38729261056
2025-05-14 07:25:36,37.951,3.926,0,0,69.90,30555.80,31739.85,16,7114501,7667535,10394394624,38729261056
2025-05-14 07:25:36,37.814,3.862,0,0,49.90,30555.80,31739.85,16,7114702,7667736,10394394624,38729261056
2025-05-14 07:25:36,38.341,3.882,0,0,49.90,30555.80,31739.85,16,7114902,7667936,10394394624,38729261056
2025-05-14 07:25:36,38.450,3.878,0,0,49.90,30555.80,31739.85,16,7115103,7668137,10394394624,38729261056
2025-05-14 07:25:37,38.060,3.956,0,0,49.90,30555.80,31739.85,16,7115305,7668339,10394394624,38729261056
2025-05-14 07:25:37,38.190,3.875,0,0,59.90,30555.80,31739.85,16,7115506,7668540,10394394624,38729261056
2025-05-14 07:25:37,38.373,3.912,0,0,69.90,30555.80,31739.85,16,7115707,7668741,10394394624,38729261056
2025-05-14 07:25:37,38.868,3.835,0,0,49.90,30555.80,31739.85,16,7115908,7668942,10394394624,38729261056
2025-05-14 07:25:37,40.428,3.791,0,0,69.90,30555.80,31739.85,16,7116110,7669144,10394394624,38729261056
2025-05-14 07:25:38,40.468,3.790,0,0,59.90,30555.80,31739.85,16,7116311,7669345,10394394624,38729261056
2025-05-14 07:25:38,40.125,3.771,0,0,59.90,30555.80,31739.85,16,7116512,7669546,10394394624,38729261056
2025-05-14 07:25:38,40.567,3.789,0,0,69.90,30555.80,31739.85,16,7116713,7669747,10394394624,38729261056
2025-05-14 07:25:38,40.707,3.829,0,0,49.90,30555.80,31739.85,16,7116914,7669948,10394394624,38729261056
2025-05-14 07:25:38,40.263,3.803,0,0,39.90,30555.80,31739.85,16,7117115,7670149,10394394624,38729261056
2025-05-14 07:25:39,40.438,3.836,0,0,59.90,30555.80,31739.85,16,7117317,7670351,10394394624,38729261056
2025-05-14 07:25:39,40.253,3.863,0,0,59.90,30555.80,31739.85,16,7117518,7670552,10394394624,38729261056
2025-05-14 07:25:39,40.358,3.830,0,4096,59.90,30555.80,31739.85,16,7117721,7670756,10394394624,38729265152
2025-05-14 07:25:39,40.148,3.782,0,0,59.90,30555.80,31739.85,16,7117922,7670957,10394394624,38729265152
2025-05-14 07:25:40,40.221,3.869,0,0,59.90,30555.80,31739.85,16,7118123,7671158,10394394624,38729265152
2025-05-14 07:25:40,40.150,3.847,0,0,49.90,30555.80,31739.85,16,7118325,7671360,10394394624,38729265152
2025-05-14 07:25:40,40.320,3.841,0,0,59.90,30555.80,31739.85,16,7118526,7671561,10394394624,38729265152
2025-05-14 07:25:40,40.309,3.871,0,0,59.90,30555.80,31739.85,16,7118730,7671765,10394394624,38729265152
2025-05-14 07:25:40,40.782,3.868,0,0,59.90,30555.80,31739.85,16,7118931,7671966,10394394624,38729265152
2025-05-14 07:25:41,40.192,3.786,0,0,49.90,30555.80,31739.85,16,7119132,7672167,10394394624,38729265152
2025-05-14 07:25:41,40.226,3.812,0,0,49.90,30555.80,31739.85,16,7119333,7672368,10394394624,38729265152
2025-05-14 07:25:41,40.708,3.844,0,0,49.90,30555.80,31739.85,16,7119535,7672570,10394394624,38729265152
2025-05-14 07:25:41,39.934,3.762,0,0,59.90,30555.80,31739.85,16,7119736,7672771,10394394624,38729265152
2025-05-14 07:25:41,40.930,4.035,0,0,69.90,30555.80,31739.85,16,7119937,7672972,10394394624,38729265152
2025-05-14 07:25:42,40.263,3.828,0,0,59.90,30555.80,31739.85,16,7120138,7673173,10394394624,38729265152
2025-05-14 07:25:42,40.606,3.814,0,0,39.90,30555.80,31739.85,16,7120339,7673374,10394394624,38729265152
2025-05-14 07:25:42,40.597,3.833,0,0,59.90,30555.80,31739.85,16,7120540,7673575,10394394624,38729265152
2025-05-14 07:25:42,40.062,3.770,0,0,59.90,30555.80,31739.85,16,7120741,7673776,10394394624,38729265152
2025-05-14 07:25:42,40.458,3.885,0,0,69.90,30555.80,31739.85,16,7120942,7673977,10394394624,38729265152
2025-05-14 07:25:43,40.117,3.796,0,0,49.90,30555.80,31739.85,16,7121143,7674178,10394394624,38729265152
2025-05-14 07:25:43,40.343,3.798,0,0,39.90,30555.80,31739.85,16,7121344,7674379,10394394624,38729265152
2025-05-14 07:25:43,40.131,3.767,0,0,69.90,30555.80,31739.85,16,7121545,7674580,10394394624,38729265152
2025-05-14 07:25:43,40.491,3.887,0,0,49.90,30555.80,31739.85,16,7121746,7674781,10394394624,38729265152
2025-05-14 07:25:43,40.515,3.848,0,0,79.90,30555.80,31739.85,16,7121947,7674982,10394394624,38729265152
2025-05-14 07:25:44,40.032,3.808,0,0,49.90,30555.80,31739.85,16,7122149,7675184,10394394624,38729265152
2025-05-14 07:25:44,40.323,3.851,0,0,59.90,30555.80,31739.85,16,7122350,7675385,10394394624,38729265152
2025-05-14 07:25:44,40.262,3.792,0,0,59.90,30555.80,31739.85,16,7122551,7675586,10394394624,38729265152
2025-05-14 07:25:44,40.351,3.858,0,0,69.90,30555.80,31739.85,14,7122756,7675794,10394394624,38729277440
2025-05-14 07:25:44,40.643,3.819,0,12288,49.90,30555.80,31739.85,14,7122958,7675996,10394394624,38729277440
2025-05-14 07:25:45,40.345,3.851,0,0,59.90,30555.80,31739.85,14,7123160,7676198,10394394624,38729277440
2025-05-14 07:25:45,40.836,3.833,0,0,79.90,30555.80,31739.85,14,7123361,7676399,10394394624,38729277440
2025-05-14 07:25:45,40.448,3.801,0,0,49.90,30555.80,31739.85,14,7123562,7676600,10394394624,38729277440
2025-05-14 07:25:45,40.371,3.874,0,0,59.90,30555.80,31739.85,14,7123764,7676802,10394394624,38729277440
2025-05-14 07:25:45,40.512,3.855,0,0,59.90,30555.80,31739.85,14,7123965,7677003,10394394624,38729277440
2025-05-14 07:25:46,40.347,3.801,0,0,49.90,30555.80,31739.85,14,7124166,7677204,10394394624,38729277440
2025-05-14 07:25:46,40.654,3.797,0,0,69.90,30555.80,31739.85,14,7124368,7677406,10394394624,38729277440
2025-05-14 07:25:46,40.383,3.757,0,0,49.90,30555.80,31739.85,14,7124569,7677607,10394394624,38729277440
2025-05-14 07:25:46,40.284,3.805,0,0,49.90,30555.80,31739.85,14,7124769,7677807,10394394624,38729277440
2025-05-14 07:25:46,40.416,3.839,0,0,59.90,30555.80,31739.85,14,7124970,7678008,10394394624,38729277440
2025-05-14 07:25:47,40.734,3.821,0,0,69.90,30555.80,31739.85,14,7125171,7678209,10394394624,38729277440
2025-05-14 07:25:47,40.271,3.878,0,0,99.80,30555.80,31739.85,14,7125373,7678411,10394394624,38729277440
2025-05-14 07:25:47,39.476,3.939,0,0,59.90,30555.80,31739.85,14,7125574,7678612,10394394624,38729277440
2025-05-14 07:25:47,38.676,3.901,0,0,69.90,30555.80,31739.85,14,7125775,7678813,10394394624,38729277440
2025-05-14 07:25:47,37.911,3.920,0,0,59.90,30555.80,31739.85,14,7125976,7679014,10394394624,38729277440
2025-05-14 07:25:48,38.509,3.936,0,0,69.90,30555.80,31739.85,14,7126178,7679216,10394394624,38729277440
2025-05-14 07:25:48,37.998,3.910,0,0,49.90,30555.80,31739.85,14,7126379,7679417,10394394624,38729277440
2025-05-14 07:25:48,38.064,3.894,0,0,49.90,30555.80,31739.85,14,7126585,7679623,10394394624,38729277440
2025-05-14 07:25:48,38.284,3.920,0,0,69.90,30555.80,31739.85,14,7126785,7679823,10394394624,38729277440
2025-05-14 07:25:48,37.500,3.940,0,0,49.90,30555.80,31739.85,14,7126986,7680025,10394394624,38729277440
2025-05-14 07:25:49,38.473,3.939,0,0,59.90,30555.80,31739.85,14,7127188,7680226,10394394624,38729277440
2025-05-14 07:25:49,37.661,3.907,0,0,69.90,30555.80,31739.85,14,7127389,7680427,10394394624,38729277440
2025-05-14 07:25:49,39.042,3.907,0,0,59.90,30555.80,31739.85,14,7127590,7680628,10394394624,38729277440
2025-05-14 07:25:49,38.179,3.886,0,0,49.90,30555.80,31739.85,14,7127791,7680829,10394394624,38729277440
2025-05-14 07:25:49,38.001,3.925,0,0,59.90,30555.80,31739.85,14,7127992,7681030,10394394624,38729277440
2025-05-14 07:25:50,38.650,3.926,0,0,59.90,30555.80,31739.85,14,7128193,7681231,10394394624,38729277440
2025-05-14 07:25:50,38.166,3.916,0,0,49.90,30555.80,31739.85,14,7128395,7681433,10394394624,38729277440
2025-05-14 07:25:50,40.202,3.825,0,0,49.90,30555.80,31739.85,14,7128596,7681634,10394394624,38729277440
2025-05-14 07:25:50,40.227,3.795,0,0,59.90,30555.80,31739.85,14,7128798,7681836,10394394624,38729277440
2025-05-14 07:25:50,40.696,3.881,0,0,49.90,30555.80,31739.85,14,7128999,7682037,10394394624,38729277440
2025-05-14 07:25:51,40.500,3.850,0,0,49.90,30555.80,31739.85,14,7129200,7682238,10394394624,38729277440
2025-05-14 07:25:51,40.562,3.805,0,0,49.90,30555.80,31739.85,14,7129401,7682439,10394394624,38729277440
2025-05-14 07:25:51,40.314,3.743,0,0,49.90,30555.80,31739.85,14,7129602,7682640,10394394624,38729277440
2025-05-14 07:25:51,40.292,3.747,0,0,59.90,30555.80,31739.85,14,7129804,7682842,10394394624,38729277440
2025-05-14 07:25:51,40.910,3.959,0,0,49.90,30555.80,31739.85,14,7130005,7683043,10394394624,38729277440
2025-05-14 07:25:52,40.479,3.836,0,0,49.90,30555.80,31739.85,14,7130206,7683244,10394394624,38729277440
2025-05-14 07:25:52,40.242,3.810,0,0,49.90,30555.80,31739.85,14,7130407,7683445,10394394624,38729277440
2025-05-14 07:25:52,40.472,3.809,0,0,39.90,30555.80,31739.85,14,7130608,7683646,10394394624,38729277440
2025-05-14 07:25:52,39.828,3.783,0,0,59.90,30555.80,31739.85,14,7130808,7683846,10394394624,38729277440
2025-05-14 07:25:52,40.746,3.846,0,0,59.90,30555.80,31739.85,14,7131010,7684048,10394394624,38729277440
2025-05-14 07:25:53,40.534,3.789,0,0,49.90,30555.80,31739.85,14,7131211,7684249,10394394624,38729277440
2025-05-14 07:25:53,40.727,3.791,0,0,49.90,30555.80,31739.85,14,7131412,7684450,10394394624,38729277440
2025-05-14 07:25:53,40.315,3.808,0,0,59.90,30555.80,31739.85,14,7131613,7684651,10394394624,38729277440
2025-05-14 07:25:53,40.058,3.808,0,0,49.90,30555.80,31739.85,14,7131814,7684852,10394394624,38729277440
2025-05-14 07:25:53,40.435,3.858,0,0,39.90,30555.80,31739.85,14,7132016,7685054,10394394624,38729277440
2025-05-14 07:25:54,40.634,3.911,0,0,49.90,30555.80,31739.85,14,7132217,7685255,10394394624,38729277440
2025-05-14 07:25:54,41.128,3.814,0,0,59.90,30555.80,31739.85,14,7132418,7685456,10394394624,38729277440
2025-05-14 07:25:54,40.284,3.801,0,0,59.90,30555.80,31739.85,14,7132620,7685658,10394394624,38729277440
2025-05-14 07:25:54,40.118,3.844,0,0,49.90,30555.80,31731.85,11,7132820,7685858,10394394624,38729277440
2025-05-14 07:25:54,40.746,3.932,0,0,49.90,30555.80,31731.85,11,7133021,7686059,10394394624,38729277440
2025-05-14 07:25:55,39.995,3.826,0,0,59.90,30555.80,31731.85,11,7133222,7686260,10394394624,38729277440
2025-05-14 07:25:55,40.422,3.910,0,0,59.90,30555.80,31731.85,11,7133423,7686461,10394394624,38729277440
2025-05-14 07:25:55,39.936,3.795,0,0,59.90,30555.80,31731.85,11,7133624,7686662,10394394624,38729277440
2025-05-14 07:25:55,40.232,3.865,0,0,49.90,30555.80,31731.85,11,7133825,7686863,10394394624,38729277440
2025-05-14 07:25:55,40.122,3.841,0,0,39.90,30555.80,31731.85,11,7134026,7687064,10394394624,38729277440
2025-05-14 07:25:56,40.925,3.879,0,0,39.90,30555.80,31731.85,11,7134228,7687266,10394394624,38729277440
2025-05-14 07:25:56,39.975,3.825,0,0,59.90,30555.80,31731.85,11,7134429,7687467,10394394624,38729277440
2025-05-14 07:25:56,40.310,3.848,0,0,59.90,30555.80,31731.85,11,7134630,7687668,10394394624,38729277440
2025-05-14 07:25:56,40.440,3.806,0,0,49.90,30555.80,31731.85,11,7134830,7687868,10394394624,38729277440
2025-05-14 07:25:56,40.250,3.825,0,0,49.90,30555.80,31731.85,11,7135031,7688069,10394394624,38729277440
2025-05-14 07:25:57,40.422,3.829,0,0,69.90,30555.80,31731.85,11,7135230,7688268,10394394624,38729277440
2025-05-14 07:25:57,40.052,3.854,0,0,89.80,30555.80,31731.85,11,7135432,7688470,10394394624,38729277440
2025-05-14 07:25:57,40.593,3.826,0,0,49.90,30555.80,31731.85,11,7135633,7688671,10394394624,38729277440
2025-05-14 07:25:57,41.095,3.823,0,0,39.90,30555.80,31731.85,11,7135834,7688872,10394394624,38729277440
2025-05-14 07:25:57,40.790,3.841,0,0,49.90,30555.80,31731.85,11,7136035,7689073,10394394624,38729277440
2025-05-14 07:25:58,41.715,3.904,0,0,69.90,30555.80,31731.85,11,7136236,7689274,10394394624,38729277440
2025-05-14 07:25:58,40.143,3.863,0,0,69.90,30555.80,31731.85,11,7136438,7689476,10394394624,38729277440
2025-05-14 07:25:58,41.027,3.856,0,0,49.90,30555.80,31731.85,11,7136639,7689677,10394394624,38729277440
2025-05-14 07:25:58,39.965,3.839,0,0,49.90,30555.80,31731.85,11,7136839,7689877,10394394624,38729277440
2025-05-14 07:25:58,40.525,3.867,0,0,59.90,30555.80,31731.85,11,7137040,7690078,10394394624,38729277440
2025-05-14 07:25:59,40.556,3.889,0,0,49.90,30555.80,31731.85,11,7137242,7690280,10394394624,38729277440
2025-05-14 07:25:59,40.401,3.823,0,0,59.90,30555.80,31731.85,11,7137443,7690481,10394394624,38729277440
2025-05-14 07:25:59,40.595,3.848,0,0,59.90,30555.80,31731.85,11,7137644,7690682,10394394624,38729277440
2025-05-14 07:25:59,40.092,3.788,0,0,49.90,30555.80,31731.85,11,7137845,7690883,10394394624,38729277440
2025-05-14 07:25:59,40.781,3.846,0,0,49.90,30555.80,31731.85,11,7138046,7691084,10394394624,38729277440
2025-05-14 07:26:00,40.460,3.830,0,0,59.90,30555.80,31731.85,11,7138250,7691288,10394394624,38729277440
2025-05-14 07:26:00,40.368,3.797,0,0,59.90,30555.80,31731.85,11,7138452,7691490,10394394624,38729277440
2025-05-14 07:26:00,41.279,3.825,0,0,59.90,30555.80,31731.85,11,7138653,7691691,10394394624,38729277440
2025-05-14 07:26:00,40.475,3.801,0,0,59.90,30555.80,31731.85,11,7138858,7691896,10394394624,38729277440
2025-05-14 07:26:00,43.304,3.963,0,0,79.80,30555.80,31731.85,11,7139059,7692097,10394394624,38729277440
2025-05-14 07:26:01,43.580,3.916,0,0,69.90,30555.80,31731.85,11,7139261,7692299,10394394624,38729277440
2025-05-14 07:26:01,40.887,3.967,0,0,69.90,30555.80,31731.85,11,7139462,7692500,10394394624,38729277440
2025-05-14 07:26:01,41.611,3.857,0,0,59.90,30555.80,31731.85,11,7139663,7692701,10394394624,38729277440
2025-05-14 07:26:01,40.483,3.835,0,0,59.90,30555.80,31731.85,11,7139864,7692902,10394394624,38729277440
2025-05-14 07:26:01,41.356,4.011,0,0,49.90,30555.80,31731.85,11,7140065,7693103,10394394624,38729277440
2025-05-14 07:26:02,40.540,3.933,0,8192,59.90,30555.80,31731.85,12,7140273,7693313,10394394624,38729285632
2025-05-14 07:26:02,40.355,3.817,0,0,59.90,30555.80,31731.85,12,7140474,7693514,10394394624,38729285632
2025-05-14 07:26:02,40.019,3.817,0,0,49.90,30555.80,31731.85,12,7140675,7693715,10394394624,38729285632
2025-05-14 07:26:02,40.277,3.815,0,0,49.90,30555.80,31731.85,12,7140875,7693915,10394394624,38729285632
2025-05-14 07:26:02,40.334,3.873,0,0,49.90,30555.80,31731.85,12,7141076,7694116,10394394624,38729285632
2025-05-14 07:26:03,40.319,3.799,0,0,59.90,30555.80,31731.85,12,7141278,7694318,10394394624,38729285632
2025-05-14 07:26:03,40.180,3.844,0,0,49.90,30555.80,31731.85,12,7141479,7694519,10394394624,38729285632
2025-05-14 07:26:03,40.490,3.796,0,0,59.90,30555.80,31731.85,12,7141680,7694720,10394394624,38729285632
2025-05-14 07:26:03,40.683,3.827,0,0,49.90,30555.80,31731.85,12,7141881,7694921,10394394624,38729285632
2025-05-14 07:26:03,40.492,3.823,0,0,49.90,30555.80,31731.85,12,7142082,7695122,10394394624,38729285632
2025-05-14 07:26:04,40.463,3.765,0,0,59.90,30555.80,31731.85,12,7142284,7695324,10394394624,38729285632
2025-05-14 07:26:04,39.999,3.767,0,0,59.90,30555.80,31731.85,12,7142485,7695525,10394394624,38729285632
2025-05-14 07:26:04,40.431,3.791,0,0,59.90,30555.80,31731.85,12,7142686,7695726,10394394624,38729285632
2025-05-14 07:26:04,40.287,3.833,0,0,49.90,30555.80,31731.85,12,7142886,7695926,10394394624,38729285632
2025-05-14 07:26:04,40.411,3.762,0,0,59.90,30555.80,31731.85,12,7143087,7696127,10394394624,38729285632
2025-05-14 07:26:05,40.345,3.781,0,0,89.80,30555.80,31731.85,12,7143289,7696329,10394394624,38729285632
2025-05-14 07:26:05,40.762,3.826,0,0,49.90,30555.80,31731.85,12,7143490,7696530,10394394624,38729285632
2025-05-14 07:26:05,40.083,3.717,0,0,59.90,30555.80,31731.85,12,7143691,7696731,10394394624,38729285632
2025-05-14 07:26:05,41.118,3.919,0,1466368,179.70,30555.80,31747.86,17,7143925,7696990,10394394624,38730948608
2025-05-14 07:26:05,42.123,3.838,0,196608,59.90,30555.80,31747.86,17,7144127,7697192,10394394624,38730948608
2025-05-14 07:26:06,40.213,3.757,0,0,59.90,30555.80,31747.86,17,7144328,7697393,10394394624,38730948608
2025-05-14 07:26:06,40.247,3.774,0,0,59.90,30555.80,31747.86,17,7144529,7697594,10394394624,38730948608
2025-05-14 07:26:06,40.115,3.805,0,0,49.90,30555.80,31747.86,17,7144730,7697795,10394394624,38730948608
2025-05-14 07:26:06,40.563,3.813,0,0,39.90,30555.80,31747.86,17,7144931,7697996,10394394624,38730948608
2025-05-14 07:26:06,40.424,3.809,0,0,59.90,30555.80,31747.86,17,7145132,7698197,10394394624,38730948608
2025-05-14 07:26:07,40.605,3.831,0,0,79.90,30555.80,31747.86,17,7145331,7698396,10394394624,38730948608
2025-05-14 07:26:07,40.746,3.801,0,0,49.90,30555.80,31747.86,17,7145532,7698597,10394394624,38730948608
2025-05-14 07:26:07,40.229,3.785,0,0,49.90,30555.80,31747.86,17,7145733,7698798,10394394624,38730948608
2025-05-14 07:26:07,40.558,3.850,0,0,49.90,30555.80,31747.86,17,7145934,7698999,10394394624,38730948608
2025-05-14 07:26:07,40.162,3.827,0,0,59.90,30555.80,31747.86,17,7146135,7699200,10394394624,38730948608
2025-05-14 07:26:08,41.163,3.827,0,0,69.90,30555.80,31747.86,17,7146336,7699401,10394394624,38730948608
2025-05-14 07:26:08,40.041,3.776,0,0,49.90,30555.80,31747.86,17,7146538,7699603,10394394624,38730948608
2025-05-14 07:26:08,40.502,3.830,0,0,39.90,30555.80,31747.86,17,7146739,7699804,10394394624,38730948608
2025-05-14 07:26:08,40.208,3.727,0,0,39.90,30555.80,31747.86,17,7146939,7700004,10394394624,38730948608
2025-05-14 07:26:08,41.235,3.833,0,0,59.90,30555.80,31747.86,17,7147140,7700205,10394394624,38730948608
2025-05-14 07:26:09,42.567,3.920,0,0,59.90,30555.80,31747.86,17,7147341,7700406,10394394624,38730948608
2025-05-14 07:26:09,40.270,3.782,0,0,49.90,30555.80,31747.86,17,7147543,7700608,10394394624,38730948608
2025-05-14 07:26:09,40.868,3.836,0,0,59.90,30555.80,31747.86,17,7147744,7700809,10394394624,38730948608
2025-05-14 07:26:09,39.965,3.815,0,0,39.90,30555.80,31747.86,17,7147945,7701010,10394394624,38730948608
2025-05-14 07:26:09,40.842,3.835,0,0,39.90,30555.80,31747.86,17,7148146,7701211,10394394624,38730948608
2025-05-14 07:26:10,40.844,3.838,0,0,59.90,30555.80,31747.86,17,7148351,7701416,10394394624,38730948608
2025-05-14 07:26:10,40.327,3.848,0,0,49.90,30555.80,31747.86,17,7148553,7701618,10394394624,38730948608
2025-05-14 07:26:10,40.853,3.890,0,0,49.90,30555.80,31747.86,17,7148754,7701819,10394394624,38730948608
2025-05-14 07:26:10,40.269,3.835,0,0,59.90,30555.80,31747.86,17,7148954,7702019,10394394624,38730948608
2025-05-14 07:26:10,40.824,3.880,0,0,49.90,30555.80,31747.86,17,7149155,7702220,10394394624,38730948608
2025-05-14 07:26:11,40.102,3.800,0,0,49.90,30555.80,31747.86,17,7149356,7702421,10394394624,38730948608
2025-05-14 07:26:11,40.979,3.884,0,0,59.90,30555.80,31747.86,17,7149557,7702622,10394394624,38730948608
2025-05-14 07:26:11,40.089,3.864,0,32768,59.90,30555.80,31747.86,17,7149762,7702829,10394394624,38730981376
2025-05-14 07:26:11,40.134,3.837,0,0,59.90,30555.80,31747.86,17,7149964,7703031,10394394624,38730981376
2025-05-14 07:26:11,40.220,3.832,0,0,49.90,30555.80,31747.86,17,7150164,7703231,10394394624,38730981376
2025-05-14 07:26:12,41.558,4.049,0,0,59.90,30555.80,31747.86,17,7150365,7703432,10394394624,38730981376
2025-05-14 07:26:12,40.742,3.816,0,0,59.90,30555.80,31747.86,17,7150566,7703633,10394394624,38730981376
2025-05-14 07:26:12,40.257,3.776,0,0,59.90,30555.80,31747.86,17,7150768,7703835,10394394624,38730981376
2025-05-14 07:26:12,40.173,3.834,0,0,59.90,30555.80,31747.86,17,7150968,7704035,10394394624,38730981376
2025-05-14 07:26:12,40.721,3.838,0,0,49.90,30555.80,31747.86,17,7151169,7704236,10394394624,38730981376
2025-05-14 07:26:13,40.097,3.769,0,0,39.90,30555.80,31747.86,17,7151370,7704437,10394394624,38730981376
2025-05-14 07:26:13,40.239,3.835,0,0,49.90,30555.80,31747.86,17,7151571,7704638,10394394624,38730981376
2025-05-14 07:26:13,39.937,3.789,0,0,49.90,30555.80,31747.86,17,7151772,7704839,10394394624,38730981376
2025-05-14 07:26:13,40.207,3.816,0,0,49.90,30555.80,31747.86,17,7151973,7705040,10394394624,38730981376
2025-05-14 07:26:14,40.075,3.858,0,0,59.90,30555.80,31747.86,17,7152174,7705241,10394394624,38730981376
2025-05-14 07:26:14,40.246,3.861,0,0,59.90,30555.80,31747.86,17,7152376,7705443,10394394624,38730981376
2025-05-14 07:26:14,39.899,3.794,0,0,49.90,30555.80,31747.86,17,7152577,7705644,10394394624,38730981376
2025-05-14 07:26:14,40.458,3.787,0,0,49.90,30555.80,31747.86,17,7152777,7705844,10394394624,38730981376
2025-05-14 07:26:14,40.099,3.795,0,0,59.90,30555.80,31747.86,17,7152978,7706045,10394394624,38730981376
2025-05-14 07:26:15,40.304,3.838,0,0,69.90,30555.80,31747.86,17,7153179,7706246,10394394624,38730981376
2025-05-14 07:26:15,40.483,3.801,0,0,89.90,30555.80,31747.86,17,7153379,7706446,10394394624,38730981376
2025-05-14 07:26:15,40.941,3.824,0,0,39.90,30555.80,31747.86,17,7153580,7706647,10394394624,38730981376
2025-05-14 07:26:15,39.795,3.787,0,0,49.90,30555.80,31747.86,17,7153781,7706848,10394394624,38730981376
2025-05-14 07:26:15,41.432,3.857,0,0,39.90,30555.82,31747.86,13,7153982,7707049,10394394624,38730981376
2025-05-14 07:26:16,40.362,3.804,0,0,59.90,30555.82,31747.86,13,7154183,7707250,10394394624,38730981376
2025-05-14 07:26:16,40.370,3.829,0,0,49.90,30555.82,31747.86,13,7154384,7707451,10394394624,38730981376
2025-05-14 07:26:16,40.391,3.850,0,0,49.90,30555.82,31747.86,13,7154585,7707652,10394394624,38730981376
2025-05-14 07:26:16,40.445,3.791,0,0,59.90,30555.82,31747.86,13,7154786,7707853,10394394624,38730981376
2025-05-14 07:26:16,40.483,3.800,0,0,59.90,30555.82,31747.86,13,7154987,7708054,10394394624,38730981376
2025-05-14 07:26:17,40.109,3.812,0,0,49.90,30555.82,31747.86,13,7155188,7708255,10394394624,38730981376
2025-05-14 07:26:17,40.440,3.867,0,0,49.90,30555.82,31747.86,13,7155389,7708456,10394394624,38730981376
2025-05-14 07:26:17,40.491,3.875,0,0,49.90,30555.82,31747.86,13,7155594,7708661,10394394624,38730981376
2025-05-14 07:26:17,40.705,3.844,0,0,49.90,30555.82,31747.86,13,7155795,7708862,10394394624,38730981376
2025-05-14 07:26:17,40.267,3.819,0,0,59.90,30555.82,31747.86,13,7155996,7709063,10394394624,38730981376
2025-05-14 07:26:18,40.236,3.856,0,0,59.90,30555.82,31747.86,13,7156198,7709265,10394394624,38730981376
2025-05-14 07:26:18,40.323,3.832,0,0,49.90,30555.82,31747.86,13,7156399,7709466,10394394624,38730981376
2025-05-14 07:26:18,40.070,3.790,0,0,49.90,30555.82,31747.86,13,7156600,7709667,10394394624,38730981376
2025-05-14 07:26:18,41.828,3.816,0,0,49.90,30555.82,31747.86,13,7156800,7709867,10394394624,38730981376
2025-05-14 07:26:18,40.233,3.813,0,0,49.90,30555.82,31747.86,13,7157001,7710068,10394394624,38730981376
2025-05-14 07:26:19,40.375,3.812,0,0,59.90,30555.82,31747.86,13,7157203,7710270,10394394624,38730981376
2025-05-14 07:26:19,40.121,3.855,0,0,49.90,30555.82,31747.86,13,7157404,7710471,10394394624,38730981376
2025-05-14 07:26:19,40.264,3.782,0,0,39.90,30555.82,31747.86,13,7157605,7710672,10394394624,38730981376
2025-05-14 07:26:19,40.773,3.788,0,0,49.90,30555.82,31747.86,13,7157806,7710873,10394394624,38730981376
2025-05-14 07:26:19,40.191,3.750,0,0,49.90,30555.82,31747.86,13,7158007,7711074,10394394624,38730981376
2025-05-14 07:26:20,40.565,3.843,0,0,59.90,30555.82,31747.86,13,7158208,7711275,10394394624,38730981376
2025-05-14 07:26:20,40.298,3.788,0,0,59.90,30555.82,31747.86,13,7158410,7711477,10394394624,38730981376
2025-05-14 07:26:20,40.481,3.841,0,0,59.90,30555.82,31747.86,13,7158615,7711682,10394394624,38730981376
2025-05-14 07:26:20,40.589,3.808,0,0,59.90,30555.82,31747.86,13,7158815,7711882,10394394624,38730981376
2025-05-14 07:26:20,40.192,3.798,0,0,59.90,30555.82,31747.86,13,7159016,7712083,10394394624,38730981376
2025-05-14 07:26:21,40.321,3.883,0,0,49.90,30555.82,31747.86,13,7159217,7712284,10394394624,38730981376
2025-05-14 07:26:21,39.976,3.812,0,0,49.90,30555.82,31747.86,13,7159418,7712485,10394394624,38730981376
2025-05-14 07:26:21,40.655,3.792,0,0,69.90,30555.78,31731.85,11,7159619,7712686,10394394624,38730981376
2025-05-14 07:26:21,40.338,3.785,0,0,59.90,30555.78,31731.85,11,7159820,7712887,10394394624,38730981376
2025-05-14 07:26:21,40.436,3.798,0,0,59.90,30555.78,31731.85,11,7160021,7713088,10394394624,38730981376
2025-05-14 07:26:22,40.069,3.780,0,0,49.90,30555.78,31731.85,11,7160223,7713290,10394394624,38730981376
2025-05-14 07:26:22,40.659,3.924,0,0,59.90,30555.78,31731.85,11,7160424,7713491,10394394624,38730981376
2025-05-14 07:26:22,41.694,3.863,0,0,60.00,30555.78,31731.85,11,7160625,7713692,10394394624,38730981376
2025-05-14 07:26:22,40.256,3.785,0,0,49.90,30555.78,31731.85,11,7160824,7713891,10394394624,38730981376
2025-05-14 07:26:22,40.873,3.805,0,0,40.00,30555.78,31731.85,11,7161025,7714092,10394394624,38730981376
2025-05-14 07:26:23,40.648,3.804,0,0,49.90,30555.78,31731.85,11,7161226,7714293,10394394624,38730981376
2025-05-14 07:26:23,40.403,3.774,0,0,59.90,30555.78,31731.85,11,7161427,7714494,10394394624,38730981376
2025-05-14 07:26:23,40.284,3.812,0,0,49.90,30555.78,31731.85,11,7161628,7714695,10394394624,38730981376
2025-05-14 07:26:23,40.429,3.790,0,0,49.90,30555.78,31731.85,11,7161830,7714897,10394394624,38730981376
2025-05-14 07:26:23,40.222,3.757,0,0,49.90,30555.78,31731.85,11,7162031,7715098,10394394624,38730981376
2025-05-14 07:26:24,40.168,3.776,0,0,49.90,30555.78,31731.85,11,7162231,7715298,10394394624,38730981376
2025-05-14 07:26:24,40.630,3.745,0,0,49.90,30555.78,31731.85,11,7162432,7715499,10394394624,38730981376
2025-05-14 07:26:24,41.282,3.779,0,0,59.90,30555.78,31731.85,11,7162633,7715700,10394394624,38730981376
2025-05-14 07:26:24,39.945,3.772,0,0,59.90,30555.78,31731.85,11,7162833,7715900,10394394624,38730981376
2025-05-14 07:26:24,41.682,3.880,0,0,49.90,30555.78,31731.85,11,7163035,7716102,10394394624,38730981376
2025-05-14 07:26:25,40.419,3.784,0,0,49.90,30555.78,31731.85,11,7163236,7716303,10394394624,38730981376
2025-05-14 07:26:25,40.466,3.768,0,0,59.90,30555.78,31731.85,11,7163437,7716504,10394394624,38730981376
2025-05-14 07:26:25,39.695,3.879,0,0,59.90,30555.78,31731.85,11,7163638,7716705,10394394624,38730981376
2025-05-14 07:26:25,37.857,3.841,0,0,69.90,30555.78,31731.85,11,7163839,7716906,10394394624,38730981376
2025-05-14 07:26:25,38.229,3.905,0,0,59.90,30555.78,31731.85,11,7164040,7717107,10394394624,38730981376
2025-05-14 07:26:26,37.998,3.872,0,0,49.90,30555.78,31731.85,11,7164242,7717309,10394394624,38730981376
2025-05-14 07:26:26,39.244,3.875,0,0,49.90,30555.78,31731.85,11,7164443,7717510,10394394624,38730981376
2025-05-14 07:26:26,37.809,3.831,0,0,59.90,30555.78,31731.85,11,7164644,7717711,10394394624,38730981376
2025-05-14 07:26:26,38.046,3.855,0,0,59.90,30555.78,31731.85,11,7164844,7717911,10394394624,38730981376
2025-05-14 07:26:26,41.172,3.839,0,0,59.90,30555.78,31731.85,11,7165045,7718112,10394394624,38730981376
2025-05-14 07:26:27,40.545,3.794,0,0,49.90,30555.78,31731.85,11,7165246,7718313,10394394624,38730981376
2025-05-14 07:26:27,40.663,3.811,0,0,99.80,30555.78,31731.85,11,7165447,7718514,10394394624,38730981376
2025-05-14 07:26:27,40.726,3.799,0,0,59.90,30555.78,31731.85,12,7165649,7718718,10394394624,38730985472
2025-05-14 07:26:27,40.310,3.808,0,4096,49.90,30555.78,31731.85,12,7165850,7718919,10394394624,38730985472
2025-05-14 07:26:27,41.095,3.820,0,0,49.90,30555.78,31731.85,12,7166057,7719128,10394394624,38730993664
2025-05-14 07:26:28,40.856,3.818,0,8192,49.90,30555.78,31731.85,12,7166260,7719331,10394394624,38730993664
2025-05-14 07:26:28,40.299,3.766,0,0,149.80,30555.78,31731.85,12,7166672,7719816,10394394624,38731284480
2025-05-14 07:26:28,43.059,3.996,0,1273856,139.80,30555.78,31731.85,12,7167963,7721488,10394394624,38733357056
2025-05-14 07:26:28,41.833,3.806,0,1089536,39.90,30555.78,31731.85,12,7168163,7721688,10394394624,38733357056
2025-05-14 07:26:28,40.335,3.787,0,0,49.90,30555.78,31731.85,12,7168364,7721889,10394394624,38733357056
2025-05-14 07:26:29,40.151,3.783,0,0,49.90,30555.78,31731.85,12,7168565,7722090,10394394624,38733357056
2025-05-14 07:26:29,41.413,3.778,0,0,69.90,30555.78,31731.85,12,7168771,7722298,10394394624,38733369344
2025-05-14 07:26:29,40.369,3.786,0,12288,59.90,30555.78,31731.85,12,7168972,7722499,10394394624,38733369344
2025-05-14 07:26:29,40.745,3.816,0,0,59.90,30555.78,31731.85,12,7169173,7722700,10394394624,38733369344
2025-05-14 07:26:29,40.352,3.786,0,0,49.90,30555.78,31731.85,12,7169375,7722902,10394394624,38733369344
2025-05-14 07:26:30,40.320,3.854,0,0,59.90,30555.78,31731.85,12,7169576,7723103,10394394624,38733369344
2025-05-14 07:26:30,40.430,3.865,0,0,69.90,30555.78,31731.85,12,7169777,7723304,10394394624,38733369344
2025-05-14 07:26:30,40.198,3.848,0,0,49.90,30555.78,31731.85,12,7169983,7723510,10394394624,38733369344
2025-05-14 07:26:30,41.167,3.863,0,0,39.90,30555.78,31731.85,12,7170183,7723710,10394394624,38733369344
2025-05-14 07:26:30,40.286,3.855,0,0,49.90,30555.78,31731.85,12,7170384,7723911,10394394624,38733369344
2025-05-14 07:26:31,40.774,3.840,0,0,49.90,30555.78,31731.85,12,7170585,7724112,10394394624,38733369344
2025-05-14 07:26:31,40.751,3.903,0,0,59.90,30555.78,31731.85,12,7170786,7724313,10394394624,38733369344
2025-05-14 07:26:31,40.478,3.861,0,0,49.90,30555.78,31731.85,12,7170988,7724515,10394394624,38733369344
2025-05-14 07:26:31,40.652,3.867,0,0,59.90,30555.78,31731.85,12,7171189,7724716,10394394624,38733369344
2025-05-14 07:26:31,40.487,3.804,0,0,59.90,30555.78,31731.85,12,7171390,7724917,10394394624,38733369344
2025-05-14 07:26:32,40.954,3.863,0,0,59.90,30555.78,31731.85,12,7171591,7725118,10394394624,38733369344
2025-05-14 07:26:32,40.239,3.838,0,0,59.90,30555.78,31731.85,12,7171792,7725319,10394394624,38733369344
2025-05-14 07:26:32,40.460,3.816,0,0,59.90,30555.78,31731.85,12,7171993,7725520,10394394624,38733369344
2025-05-14 07:26:32,40.645,3.842,0,0,59.90,30555.78,31731.85,12,7172193,7725720,10394394624,38733369344
2025-05-14 07:26:32,40.104,3.815,0,0,49.90,30555.78,31731.85,12,7172395,7725922,10394394624,38733369344
2025-05-14 07:26:33,40.965,3.859,0,0,69.90,30555.78,31731.85,12,7172604,7726134,10394394624,38733385728
2025-05-14 07:26:33,40.142,3.826,0,16384,59.90,30555.78,31731.85,12,7172805,7726335,10394394624,38733385728
2025-05-14 07:26:33,41.050,3.862,0,0,39.90,30555.78,31731.85,12,7173006,7726536,10394394624,38733385728
2025-05-14 07:26:33,39.670,3.819,0,8192,39.90,30555.78,31731.85,12,7173211,7726743,10394394624,38733393920
2025-05-14 07:26:33,40.761,3.845,0,0,59.90,30555.78,31731.85,12,7173412,7726944,10394394624,38733393920
2025-05-14 07:26:34,40.400,3.883,0,0,59.90,30555.78,31731.85,12,7173613,7727145,10394394624,38733393920
2025-05-14 07:26:34,40.198,3.778,0,0,39.90,30555.78,31731.85,12,7173814,7727346,10394394624,38733393920
2025-05-14 07:26:34,40.582,3.831,0,0,59.90,30555.78,31731.85,12,7174015,7727547,10394394624,38733393920
2025-05-14 07:26:34,39.753,3.800,0,0,59.90,30555.78,31731.85,12,7174215,7727747,10394394624,38733393920
2025-05-14 07:26:34,40.515,3.837,0,0,69.90,30555.78,31731.85,12,7174416,7727948,10394394624,38733393920
2025-05-14 07:26:35,39.951,3.835,0,0,49.90,30555.78,31731.85,12,7174618,7728150,10394394624,38733393920
2025-05-14 07:26:35,40.992,3.841,0,0,69.90,30555.78,31731.85,12,7174818,7728350,10394394624,38733393920
2025-05-14 07:26:35,40.821,3.820,0,0,39.90,30555.78,31731.85,12,7175019,7728551,10394394624,38733393920
2025-05-14 07:26:35,40.537,3.767,0,0,319.50,30555.78,31731.85,12,7175209,7728741,10394394624,38733393920
2025-05-14 07:26:35,43.094,3.959,0,0,49.90,30555.78,31731.85,12,7175411,7728943,10394394624,38733393920
2025-05-14 07:26:36,39.972,3.808,0,0,49.90,30555.78,31731.85,12,7175612,7729144,10394394624,38733393920
2025-05-14 07:26:36,40.282,3.837,0,0,69.90,30555.78,31731.85,12,7175813,7729345,10394394624,38733393920
2025-05-14 07:26:36,40.077,3.809,0,0,49.90,30555.78,31731.85,12,7176014,7729546,10394394624,38733393920
2025-05-14 07:26:36,40.250,3.808,0,0,49.90,30555.78,31731.85,12,7176214,7729746,10394394624,38733393920
2025-05-14 07:26:36,41.292,3.793,0,0,49.90,30555.78,31731.85,12,7176416,7729948,10394394624,38733393920
2025-05-14 07:26:37,40.188,3.773,0,0,49.90,30555.78,31731.85,12,7176617,7730149,10394394624,38733393920
2025-05-14 07:26:37,40.451,3.831,0,0,99.80,30555.78,31731.85,12,7176818,7730350,10394394624,38733393920
2025-05-14 07:26:37,40.479,3.814,0,0,59.90,30555.78,31731.85,12,7177019,7730551,10394394624,38733393920
2025-05-14 07:26:37,40.395,3.847,0,0,59.90,30555.78,31731.85,12,7177220,7730752,10394394624,38733393920
2025-05-14 07:26:37,40.054,3.799,0,0,99.80,30555.78,31731.85,12,7177422,7730954,10394394624,38733393920
2025-05-14 07:26:38,40.927,3.828,0,0,59.90,30555.78,31731.85,12,7177623,7731155,10394394624,38733393920
2025-05-14 07:26:38,40.061,3.771,0,4096,40.00,30555.78,31731.85,12,7177828,7731361,10394394624,38733398016
2025-05-14 07:26:38,40.159,3.761,0,0,49.90,30555.78,31731.85,12,7178029,7731562,10394394624,38733398016
2025-05-14 07:26:38,40.149,3.801,0,0,49.90,30555.78,31731.85,12,7178229,7731762,10394394624,38733398016
2025-05-14 07:26:38,40.072,3.871,0,0,59.90,30555.78,31731.85,12,7178430,7731963,10394394624,38733398016
2025-05-14 07:26:39,40.353,3.767,0,0,59.90,30555.78,31731.85,12,7178631,7732164,10394394624,38733398016
2025-05-14 07:26:39,40.858,3.718,0,0,39.90,30555.78,31731.85,12,7178833,7732366,10394394624,38733398016
2025-05-14 07:26:39,39.879,3.723,0,0,49.90,30555.78,31731.85,12,7179034,7732567,10394394624,38733398016
2025-05-14 07:26:39,40.437,3.755,0,0,39.90,30555.78,31731.85,12,7179235,7732768,10394394624,38733398016
2025-05-14 07:26:39,40.250,3.762,0,0,59.90,30555.78,31731.85,12,7179436,7732969,10394394624,38733398016
2025-05-14 07:26:40,40.604,3.817,0,0,49.90,30555.78,31731.85,12,7179637,7733170,10394394624,38733398016
2025-05-14 07:26:40,40.327,3.796,0,0,59.90,30555.78,31731.85,12,7179838,7733371,10394394624,38733398016
2025-05-14 07:26:40,39.752,3.781,0,0,49.90,30555.78,31731.85,12,7180040,7733573,10394394624,38733398016
2025-05-14 07:26:40,40.297,3.785,0,65536,49.90,30555.78,31731.85,12,7180246,7733780,10394394624,38733463552
2025-05-14 07:26:40,40.079,3.770,0,0,59.90,30555.78,31731.85,12,7180447,7733981,10394394624,38733463552
2025-05-14 07:26:41,40.194,3.833,0,0,59.90,30555.78,31731.85,12,7180648,7734182,10394394624,38733463552
2025-05-14 07:26:41,40.311,3.803,0,0,59.90,30555.78,31731.85,12,7180849,7734383,10394394624,38733463552
2025-05-14 07:26:41,40.572,3.797,0,0,39.90,30555.78,31731.85,12,7181050,7734584,10394394624,38733463552
2025-05-14 07:26:41,41.173,3.790,0,0,39.90,30555.78,31731.85,12,7181251,7734785,10394394624,38733463552
2025-05-14 07:26:41,40.112,3.711,0,0,39.90,30555.78,31731.85,12,7181453,7734987,10394394624,38733463552
2025-05-14 07:26:42,40.742,3.818,0,0,69.90,30555.78,31731.85,12,7181654,7735188,10394394624,38733463552
2025-05-14 07:26:42,39.957,3.765,0,0,59.90,30555.78,31731.85,12,7181855,7735389,10394394624,38733463552
2025-05-14 07:26:42,41.243,3.773,0,0,49.90,30555.78,31731.85,12,7182056,7735590,10394394624,38733463552
2025-05-14 07:26:42,40.061,3.824,0,0,59.90,30555.78,31731.85,12,7182256,7735790,10394394624,38733463552
2025-05-14 07:26:42,40.551,3.805,0,0,59.90,30555.78,31731.85,12,7182457,7735991,10394394624,38733463552
2025-05-14 07:26:43,40.387,3.786,0,0,59.90,30555.78,31731.85,12,7182659,7736193,10394394624,38733463552
2025-05-14 07:26:43,40.062,3.725,0,16384,59.90,30555.78,31731.85,12,7182868,7736405,10394394624,38733479936
2025-05-14 07:26:43,40.773,3.849,0,0,49.90,30555.78,31731.85,12,7183069,7736606,10394394624,38733479936
2025-05-14 07:26:43,40.419,3.709,0,0,59.90,30555.78,31731.85,12,7183270,7736807,10394394624,38733479936
2025-05-14 07:26:43,40.584,3.765,0,0,49.90,30555.78,31731.85,12,7183472,7737009,10394394624,38733479936
2025-05-14 07:26:44,40.172,3.707,0,0,59.90,30555.78,31731.85,12,7183673,7737210,10394394624,38733479936
2025-05-14 07:26:44,40.281,3.761,0,0,49.90,30555.78,31731.85,12,7183874,7737411,10394394624,38733479936
2025-05-14 07:26:44,40.594,3.753,0,0,59.90,30555.78,31731.85,12,7184075,7737612,10394394624,38733479936
2025-05-14 07:26:44,40.216,3.752,0,0,59.90,30555.78,31731.85,12,7184276,7737813,10394394624,38733479936
2025-05-14 07:26:44,40.166,3.769,0,0,69.90,30555.78,31731.85,12,7184485,7738027,10394394624,38733500416
2025-05-14 07:26:45,40.431,3.745,0,20480,49.90,30555.78,31731.85,12,7184686,7738228,10394394624,38733500416
2025-05-14 07:26:45,40.456,3.767,0,0,59.90,30555.78,31731.85,12,7184887,7738429,10394394624,38733500416
2025-05-14 07:26:45,40.151,3.694,0,0,49.90,30555.78,31731.85,12,7185088,7738630,10394394624,38733500416
2025-05-14 07:26:45,40.362,3.760,0,0,59.90,30555.78,31731.85,12,7185289,7738831,10394394624,38733500416
2025-05-14 07:26:45,40.242,3.737,0,0,59.90,30555.78,31731.85,12,7185490,7739032,10394394624,38733500416
2025-05-14 07:26:46,40.485,3.760,0,0,59.90,30555.78,31731.85,12,7185692,7739234,10394394624,38733500416
2025-05-14 07:26:46,40.142,3.779,0,0,59.90,30555.78,31731.85,12,7185893,7739435,10394394624,38733500416
2025-05-14 07:26:46,40.249,3.773,0,0,59.90,30555.78,31731.85,12,7186094,7739636,10394394624,38733500416
2025-05-14 07:26:46,40.277,3.745,0,0,59.90,30555.78,31731.85,12,7186294,7739836,10394394624,38733500416
2025-05-14 07:26:46,40.182,3.765,0,0,49.90,30555.78,31731.85,12,7186495,7740037,10394394624,38733500416
2025-05-14 07:26:47,40.266,3.821,4096,4096,169.70,30555.78,31731.85,12,7186703,7740249,10394398720,38733524992
2025-05-14 07:26:47,43.733,4.045,0,20480,69.90,30555.78,31731.85,12,7186905,7740451,10394398720,38733524992
2025-05-14 07:26:47,40.347,3.753,0,0,49.90,30555.78,31731.85,12,7187106,7740652,10394398720,38733524992
2025-05-14 07:26:47,39.872,3.762,0,0,49.90,30555.78,31731.85,12,7187307,7740853,10394398720,38733524992
2025-05-14 07:26:47,40.178,3.766,0,0,69.90,30555.78,31731.85,12,7187508,7741054,10394398720,38733524992
2025-05-14 07:26:48,40.831,3.813,0,0,59.90,30555.78,31731.85,12,7187709,7741255,10394398720,38733524992
2025-05-14 07:26:48,40.573,3.770,0,0,59.90,30555.78,31731.85,12,7187911,7741457,10394398720,38733524992
2025-05-14 07:26:48,40.207,3.756,0,12288,49.90,30555.78,31731.85,12,7188120,7741669,10394398720,38733537280
2025-05-14 07:26:48,40.399,3.811,0,0,50.00,30555.78,31731.85,12,7188321,7741870,10394398720,38733537280
2025-05-14 07:26:49,40.130,3.745,0,0,59.90,30555.78,31731.85,12,7188522,7742071,10394398720,38733537280
2025-05-14 07:26:49,41.240,3.825,0,0,69.90,30555.78,31731.85,12,7188723,7742272,10394398720,38733537280
2025-05-14 07:26:49,40.415,3.730,0,0,49.90,30555.78,31731.85,12,7188924,7742473,10394398720,38733537280
2025-05-14 07:26:49,39.908,3.718,0,0,59.90,30555.78,31731.85,12,7189125,7742674,10394398720,38733537280
2025-05-14 07:26:49,40.196,3.756,0,0,49.90,30555.78,31731.85,12,7189326,7742875,10394398720,38733537280
2025-05-14 07:26:50,39.818,3.773,0,0,59.90,30555.78,31731.85,12,7189528,7743077,10394398720,38733537280
2025-05-14 07:26:50,41.038,3.816,0,0,59.90,30555.78,31731.85,12,7189731,7743280,10394398720,38733537280
2025-05-14 07:26:50,40.749,3.746,0,0,49.90,30555.78,31731.85,12,7189932,7743481,10394398720,38733537280
2025-05-14 07:26:50,40.545,3.766,0,0,59.90,30555.78,31731.85,12,7190132,7743681,10394398720,38733537280
2025-05-14 07:26:50,40.387,3.797,0,0,59.90,30555.78,31731.85,12,7190333,7743882,10394398720,38733537280
2025-05-14 07:26:51,40.018,3.778,0,0,59.90,30555.78,31731.85,12,7190534,7744083,10394398720,38733537280
2025-05-14 07:26:51,40.840,3.799,0,0,59.90,30555.78,31731.85,12,7190736,7744285,10394398720,38733537280
2025-05-14 07:26:51,40.473,3.883,0,0,49.90,30555.78,31731.85,12,7190937,7744486,10394398720,38733537280
2025-05-14 07:26:51,40.537,3.814,0,0,59.90,30555.78,31731.85,12,7191138,7744687,10394398720,38733537280
2025-05-14 07:26:51,41.514,3.987,0,0,59.90,30555.78,31731.85,12,7191339,7744888,10394398720,38733537280
2025-05-14 07:26:52,40.456,3.791,0,0,49.90,30555.78,31731.85,12,7191540,7745089,10394398720,38733537280
2025-05-14 07:26:52,41.955,3.930,0,0,59.90,30555.80,31731.85,12,7191741,7745290,10394398720,38733537280
2025-05-14 07:26:52,40.074,3.762,0,0,59.90,30555.80,31731.85,12,7191942,7745491,10394398720,38733537280
2025-05-14 07:26:52,40.606,3.820,0,0,49.90,30555.80,31731.85,12,7192143,7745692,10394398720,38733537280
2025-05-14 07:26:52,40.153,3.783,0,0,59.90,30555.80,31731.85,12,7192344,7745893,10394398720,38733537280
2025-05-14 07:26:53,40.377,3.862,0,0,49.90,30555.80,31731.85,12,7192545,7746094,10394398720,38733537280
2025-05-14 07:26:53,40.148,3.843,0,0,59.90,30555.80,31731.85,12,7192746,7746295,10394398720,38733537280
2025-05-14 07:26:53,40.155,3.768,0,0,59.90,30555.80,31731.85,12,7192947,7746496,10394398720,38733537280
2025-05-14 07:26:53,40.506,3.824,0,0,59.90,30555.80,31731.85,12,7193150,7746700,10394398720,38733541376
2025-05-14 07:26:53,39.845,3.794,0,4096,59.90,30555.80,31731.85,12,7193351,7746901,10394398720,38733541376
2025-05-14 07:26:54,41.033,3.803,0,0,69.90,30555.80,31731.85,12,7193552,7747102,10394398720,38733541376
2025-05-14 07:26:54,40.555,3.781,0,0,59.90,30555.80,31731.85,12,7193754,7747304,10394398720,38733541376
2025-05-14 07:26:54,40.612,3.797,0,0,59.90,30555.80,31731.85,12,7193955,7747505,10394398720,38733541376
2025-05-14 07:26:54,40.053,3.786,0,0,49.90,30555.80,31731.85,12,7194155,7747705,10394398720,38733541376
2025-05-14 07:26:54,40.203,3.797,0,0,59.90,30555.80,31731.85,12,7194356,7747906,10394398720,38733541376
2025-05-14 07:26:55,40.062,3.778,0,0,59.90,30555.80,31731.85,12,7194557,7748107,10394398720,38733541376
2025-05-14 07:26:55,40.582,3.754,0,0,79.90,30555.80,31731.85,12,7194758,7748308,10394398720,38733541376
2025-05-14 07:26:55,41.056,3.825,0,0,69.90,30555.80,31731.85,12,7194959,7748509,10394398720,38733541376
2025-05-14 07:26:55,40.265,3.798,0,0,69.90,30555.80,31731.85,12,7195160,7748710,10394398720,38733541376
2025-05-14 07:26:55,40.247,3.780,0,0,39.90,30555.80,31731.85,12,7195362,7748912,10394398720,38733541376
2025-05-14 07:26:56,40.297,3.785,0,0,39.90,30555.80,31731.85,12,7195563,7749113,10394398720,38733541376
2025-05-14 07:26:56,40.470,3.769,0,0,50.00,30555.80,31731.85,12,7195764,7749314,10394398720,38733541376
2025-05-14 07:26:56,40.264,3.756,0,0,49.90,30555.80,31731.85,12,7195965,7749515,10394398720,38733541376
2025-05-14 07:26:56,40.297,3.745,0,0,49.90,30555.80,31731.85,12,7196165,7749715,10394398720,38733541376
2025-05-14 07:26:56,40.208,3.750,0,0,59.90,30555.80,31731.85,12,7196366,7749916,10394398720,38733541376
2025-05-14 07:26:57,40.688,3.790,0,0,59.90,30555.80,31731.85,12,7196567,7750117,10394398720,38733541376
2025-05-14 07:26:57,40.398,3.780,0,0,69.90,30555.80,31731.85,12,7196769,7750319,10394398720,38733541376
2025-05-14 07:26:57,41.114,3.845,0,0,49.90,30555.80,31731.85,12,7196969,7750519,10394398720,38733541376
2025-05-14 07:26:57,40.266,3.753,0,0,50.00,30555.80,31731.85,12,7197170,7750720,10394398720,38733541376
2025-05-14 07:26:57,41.007,3.780,0,0,59.90,30555.80,31731.85,12,7197371,7750921,10394398720,38733541376
2025-05-14 07:26:58,40.512,3.770,0,0,69.90,30555.80,31731.85,12,7197572,7751122,10394398720,38733541376
2025-05-14 07:26:58,40.177,3.796,0,0,59.90,30555.80,31731.85,12,7197773,7751323,10394398720,38733541376
2025-05-14 07:26:58,40.515,3.756,0,0,69.90,30555.80,31731.85,12,7197975,7751525,10394398720,38733541376
2025-05-14 07:26:58,40.010,3.735,0,0,59.90,30555.80,31731.85,12,7198175,7751725,10394398720,38733541376
2025-05-14 07:26:58,40.595,3.774,0,12288,69.90,30555.80,31731.85,12,7198384,7751937,10394398720,38733553664
2025-05-14 07:26:59,40.405,3.720,0,0,49.90,30555.80,31731.85,12,7198585,7752138,10394398720,38733553664
2025-05-14 07:26:59,40.382,3.788,0,0,39.90,30555.80,31731.85,12,7198786,7752339,10394398720,38733553664
2025-05-14 07:26:59,41.561,3.818,0,0,39.90,30555.80,31731.85,12,7198988,7752541,10394398720,38733553664
2025-05-14 07:26:59,40.292,3.740,0,0,59.90,30555.80,31731.85,12,7199189,7752742,10394398720,38733553664
2025-05-14 07:26:59,40.594,3.740,0,0,49.90,30555.80,31731.85,12,7199390,7752943,10394398720,38733553664
2025-05-14 07:27:00,40.441,3.775,0,0,59.90,30555.80,31731.85,12,7199594,7753146,10394398720,38733553664
2025-05-14 07:27:00,41.053,3.835,0,0,69.90,30555.80,31731.85,12,7199798,7753350,10394398720,38733553664
2025-05-14 07:27:00,40.218,3.806,0,0,59.90,30555.80,31731.85,12,7199999,7753551,10394398720,38733553664
2025-05-14 07:27:00,39.981,3.762,0,0,59.90,30555.80,31731.85,12,7200199,7753751,10394398720,38733553664
2025-05-14 07:27:00,43.306,3.900,0,0,49.90,30555.80,31731.85,12,7200401,7753953,10394398720,38733553664
2025-05-14 07:27:01,43.469,3.867,0,0,49.90,30555.80,31731.85,12,7200602,7754154,10394398720,38733553664
2025-05-14 07:27:01,41.541,3.933,0,0,59.90,30555.80,31731.85,12,7200803,7754355,10394398720,38733553664
2025-05-14 07:27:01,40.765,3.891,0,0,59.90,30555.80,31731.85,12,7201004,7754556,10394398720,38733553664
2025-05-14 07:27:01,40.894,3.841,0,0,49.90,30555.80,31731.85,12,7201205,7754757,10394398720,38733553664
2025-05-14 07:27:01,40.377,3.817,0,0,59.90,30555.80,31731.85,12,7201406,7754958,10394398720,38733553664
2025-05-14 07:27:02,39.932,3.797,0,0,59.90,30555.80,31731.85,12,7201607,7755159,10394398720,38733553664
2025-05-14 07:27:02,40.810,3.825,0,12288,59.90,30555.80,31731.85,12,7201814,7755368,10394398720,38733565952
2025-05-14 07:27:02,39.978,3.752,0,0,59.90,30555.80,31731.85,12,7202016,7755570,10394398720,38733565952
2025-05-14 07:27:02,40.456,3.813,0,0,59.90,30555.80,31731.85,12,7202216,7755770,10394398720,38733565952
2025-05-14 07:27:02,40.105,3.784,0,0,49.90,30555.80,31731.85,12,7202417,7755971,10394398720,38733565952
2025-05-14 07:27:03,40.869,3.812,0,0,49.90,30555.80,31731.85,12,7202618,7756172,10394398720,38733565952
2025-05-14 07:27:03,40.783,3.803,0,0,59.90,30555.80,31731.85,12,7202819,7756373,10394398720,38733565952
2025-05-14 07:27:03,39.896,3.757,0,0,59.90,30555.80,31731.85,12,7203020,7756574,10394398720,38733565952
2025-05-14 07:27:03,40.613,3.775,0,0,59.90,30555.80,31731.85,12,7203221,7756775,10394398720,38733565952
2025-05-14 07:27:03,39.833,3.742,0,0,39.90,30555.80,31731.85,12,7203422,7756976,10394398720,38733565952
2025-05-14 07:27:04,40.674,3.808,0,0,39.90,30555.80,31731.85,12,7203623,7757177,10394398720,38733565952
2025-05-14 07:27:04,40.286,3.816,0,0,59.90,30555.80,31731.85,12,7203825,7757379,10394398720,38733565952
2025-05-14 07:27:04,40.226,3.821,0,0,59.90,30555.80,31731.85,12,7204026,7757580,10394398720,38733565952
2025-05-14 07:27:04,39.640,3.723,0,0,49.90,30555.80,31731.85,12,7204226,7757780,10394398720,38733565952
2025-05-14 07:27:04,40.435,3.806,0,0,49.90,30555.80,31731.85,12,7204426,7757980,10394398720,38733565952
2025-05-14 07:27:05,40.409,3.823,0,0,59.90,30555.80,31731.85,12,7204628,7758182,10394398720,38733565952
2025-05-14 07:27:05,38.298,3.879,0,0,109.80,30555.80,31731.85,12,7204829,7758383,10394398720,38733565952
2025-05-14 07:27:05,40.678,3.878,0,0,49.90,30555.80,31731.85,12,7205030,7758584,10394398720,38733565952
2025-05-14 07:27:05,40.335,3.724,0,0,209.60,30555.80,31739.85,16,7205253,7758823,10394398720,38735028224
2025-05-14 07:27:05,42.413,3.920,0,1658880,39.90,30555.80,31739.85,16,7205459,7759032,10394398720,38735224832
2025-05-14 07:27:06,40.313,3.751,0,0,39.90,30555.80,31739.85,16,7205660,7759233,10394398720,38735224832
2025-05-14 07:27:06,40.533,3.828,0,0,59.90,30555.80,31739.85,16,7205861,7759434,10394398720,38735224832
2025-05-14 07:27:06,40.642,3.824,0,0,69.90,30555.80,31739.85,16,7206063,7759636,10394398720,38735224832
2025-05-14 07:27:06,40.907,3.781,0,0,59.90,30555.80,31739.85,16,7206263,7759836,10394398720,38735224832
2025-05-14 07:27:06,41.894,3.864,0,0,59.90,30555.80,31739.85,16,7206464,7760037,10394398720,38735224832
2025-05-14 07:27:07,40.426,3.771,0,0,59.90,30555.80,31739.85,16,7206665,7760238,10394398720,38735224832
2025-05-14 07:27:07,41.094,3.834,0,0,69.90,30555.80,31739.85,16,7206866,7760439,10394398720,38735224832
2025-05-14 07:27:07,41.841,3.883,0,0,49.90,30555.80,31739.85,16,7207067,7760640,10394398720,38735224832
2025-05-14 07:27:07,40.654,3.845,0,0,59.90,30555.80,31739.85,16,7207269,7760842,10394398720,38735224832
2025-05-14 07:27:07,40.508,3.827,0,0,59.90,30555.80,31739.85,16,7207470,7761043,10394398720,38735224832
2025-05-14 07:27:08,40.372,3.795,0,0,49.90,30555.80,31739.85,16,7207671,7761244,10394398720,38735224832
2025-05-14 07:27:08,40.365,3.837,0,0,59.90,30555.80,31739.85,16,7207872,7761445,10394398720,38735224832
2025-05-14 07:27:08,40.141,3.788,0,0,49.90,30555.80,31739.85,16,7208074,7761647,10394398720,38735224832
2025-05-14 07:27:08,40.149,3.804,0,0,49.90,30555.80,31739.85,16,7208274,7761847,10394398720,38735224832
2025-05-14 07:27:08,40.450,3.790,0,0,59.90,30555.80,31739.85,16,7208475,7762048,10394398720,38735224832
2025-05-14 07:27:09,40.274,3.818,0,0,59.90,30555.80,31739.85,16,7208676,7762249,10394398720,38735224832
2025-05-14 07:27:09,40.182,3.832,0,0,59.90,30555.80,31739.85,16,7208877,7762450,10394398720,38735224832
2025-05-14 07:27:09,40.294,3.766,0,0,49.90,30555.80,31739.85,16,7209078,7762651,10394398720,38735224832
2025-05-14 07:27:09,40.199,3.816,0,0,59.90,30555.80,31739.85,16,7209280,7762853,10394398720,38735224832
2025-05-14 07:27:09,41.062,3.753,0,0,49.90,30555.80,31739.85,16,7209481,7763054,10394398720,38735224832
2025-05-14 07:27:10,40.732,3.740,0,0,69.90,30555.80,31739.85,16,7209682,7763255,10394398720,38735224832
2025-05-14 07:27:10,40.732,3.785,0,0,49.90,30555.80,31739.85,16,7209887,7763460,10394398720,38735224832
2025-05-14 07:27:10,40.395,3.803,0,0,49.90,30555.80,31739.85,16,7210088,7763661,10394398720,38735224832
2025-05-14 07:27:10,40.110,3.767,0,0,49.90,30555.80,31739.85,16,7210288,7763861,10394398720,38735224832
2025-05-14 07:27:10,40.708,3.809,0,0,59.90,30555.80,31739.85,16,7210490,7764063,10394398720,38735224832
2025-05-14 07:27:11,40.058,3.787,0,0,59.90,30555.80,31739.85,16,7210692,7764265,10394398720,38735224832
2025-05-14 07:27:11,40.630,3.802,0,24576,49.90,30555.80,31739.85,16,7210895,7764469,10394398720,38735249408
2025-05-14 07:27:11,40.913,3.954,0,0,60.00,30555.80,31739.85,16,7211095,7764669,10394398720,38735249408
2025-05-14 07:27:11,40.730,3.820,0,0,59.90,30555.80,31739.85,16,7211296,7764870,10394398720,38735249408
2025-05-14 07:27:11,40.209,3.783,0,0,49.90,30555.80,31739.85,16,7211498,7765072,10394398720,38735249408
2025-05-14 07:27:12,40.456,3.752,0,0,49.90,30555.80,31739.85,16,7211699,7765273,10394398720,38735249408
2025-05-14 07:27:12,40.582,3.824,0,0,59.90,30555.80,31739.85,16,7211900,7765474,10394398720,38735249408
2025-05-14 07:27:12,40.245,3.752,0,0,59.90,30555.80,31739.85,16,7212100,7765674,10394398720,38735249408
2025-05-14 07:27:12,40.666,3.824,0,0,39.90,30555.80,31739.85,16,7212300,7765874,10394398720,38735249408
2025-05-14 07:27:12,40.251,3.775,0,0,49.90,30555.80,31739.85,16,7212501,7766075,10394398720,38735249408
2025-05-14 07:27:13,40.533,3.776,0,0,59.90,30555.80,31739.85,16,7212703,7766277,10394398720,38735249408
2025-05-14 07:27:13,40.234,3.790,0,0,49.90,30555.80,31739.85,16,7212904,7766478,10394398720,38735249408
2025-05-14 07:27:13,40.597,3.781,0,0,49.90,30555.80,31739.85,16,7213105,7766679,10394398720,38735249408
2025-05-14 07:27:13,40.385,3.772,0,0,49.90,30555.80,31739.85,16,7213307,7766881,10394398720,38735249408
2025-05-14 07:27:13,40.826,3.781,0,0,39.90,30555.80,31739.85,16,7213508,7767082,10394398720,38735249408
2025-05-14 07:27:14,40.784,3.824,0,0,59.90,30555.80,31739.85,16,7213709,7767283,10394398720,38735249408
2025-05-14 07:27:14,40.440,3.790,0,0,59.90,30555.80,31739.85,16,7213910,7767484,10394398720,38735249408
2025-05-14 07:27:14,40.484,3.761,0,0,59.90,30555.80,31739.85,16,7214111,7767685,10394398720,38735249408
2025-05-14 07:27:14,40.496,3.778,0,0,59.90,30555.80,31739.85,16,7214311,7767885,10394398720,38735249408
2025-05-14 07:27:14,40.525,3.806,0,0,59.90,30555.80,31739.85,16,7214513,7768087,10394398720,38735249408
2025-05-14 07:27:15,40.608,3.843,0,0,69.90,30555.80,31739.85,16,7214714,7768288,10394398720,38735249408
2025-05-14 07:27:15,40.751,3.924,0,0,59.90,30555.80,31739.85,16,7214915,7768489,10394398720,38735249408
2025-05-14 07:27:15,40.327,3.786,0,0,49.90,30555.80,31739.85,16,7215116,7768690,10394398720,38735249408
2025-05-14 07:27:15,40.261,3.790,0,0,59.90,30555.82,31739.85,12,7215318,7768892,10394398720,38735249408
2025-05-14 07:27:15,40.406,3.760,0,0,49.90,30555.82,31739.85,12,7215519,7769093,10394398720,38735249408
2025-05-14 07:27:16,41.212,3.798,0,0,49.90,30555.82,31739.85,12,7215720,7769294,10394398720,38735249408
2025-05-14 07:27:16,40.463,3.811,0,0,49.90,30555.82,31739.85,12,7215921,7769495,10394398720,38735249408
2025-05-14 07:27:16,40.396,3.828,0,0,39.90,30555.82,31739.85,12,7216122,7769696,10394398720,38735249408
2025-05-14 07:27:16,40.300,3.807,0,0,49.90,30555.82,31739.85,12,7216322,7769897,10394398720,38735249408
2025-05-14 07:27:16,40.183,3.808,0,0,59.90,30555.82,31739.85,12,7216524,7770098,10394398720,38735249408
2025-05-14 07:27:17,40.804,3.832,0,0,69.90,30555.82,31739.85,12,7216725,7770299,10394398720,38735249408
2025-05-14 07:27:17,40.227,3.816,0,0,89.80,30555.82,31739.85,12,7216926,7770500,10394398720,38735249408
2025-05-14 07:27:17,41.214,3.863,0,0,49.90,30555.82,31739.85,12,7217127,7770701,10394398720,38735249408
2025-05-14 07:27:17,40.560,3.799,0,0,69.90,30555.82,31739.85,12,7217328,7770902,10394398720,38735249408
2025-05-14 07:27:17,40.257,3.816,0,0,59.90,30555.82,31739.85,12,7217527,7771101,10394398720,38735249408
2025-05-14 07:27:18,40.517,3.795,0,0,59.90,30555.82,31739.85,12,7217728,7771302,10394398720,38735249408
2025-05-14 07:27:18,40.143,3.775,0,0,49.90,30555.82,31739.85,12,7217930,7771504,10394398720,38735249408
2025-05-14 07:27:18,42.760,3.955,0,0,69.90,30555.82,31739.85,12,7218131,7771705,10394398720,38735249408
2025-05-14 07:27:18,40.299,3.838,0,0,69.90,30555.82,31739.85,12,7218331,7771905,10394398720,38735249408
2025-05-14 07:27:18,40.510,3.859,0,0,49.90,30555.82,31739.85,12,7218532,7772106,10394398720,38735249408
2025-05-14 07:27:19,40.429,3.822,0,0,49.90,30555.82,31739.85,12,7218733,7772307,10394398720,38735249408
2025-05-14 07:27:19,40.222,3.837,0,0,39.90,30555.82,31739.85,12,7218934,7772508,10394398720,38735249408
2025-05-14 07:27:19,40.631,3.811,0,0,39.90,30555.82,31739.85,12,7219136,7772710,10394398720,38735249408
2025-05-14 07:27:19,40.293,3.740,0,0,49.90,30555.82,31739.85,12,7219337,7772911,10394398720,38735249408
2025-05-14 07:27:19,41.095,3.792,0,0,59.90,30555.82,31739.85,12,7219538,7773112,10394398720,38735249408
2025-05-14 07:27:20,40.180,3.752,0,0,59.90,30555.82,31739.85,12,7219739,7773313,10394398720,38735249408
2025-05-14 07:27:20,40.568,3.821,0,0,49.90,30555.82,31739.85,12,7219941,7773515,10394398720,38735249408
2025-05-14 07:27:20,40.357,3.836,0,0,59.90,30555.82,31739.85,12,7220143,7773717,10394398720,38735249408
2025-05-14 07:27:20,40.185,3.851,0,0,59.90,30555.82,31739.85,12,7220343,7773917,10394398720,38735249408
2025-05-14 07:27:20,40.568,3.876,0,0,49.90,30555.82,31739.85,12,7220544,7774118,10394398720,38735249408
2025-05-14 07:27:21,40.447,3.829,0,0,49.90,30555.80,31731.85,11,7220745,7774319,10394398720,38735249408
2025-05-14 07:27:21,40.533,3.860,0,0,69.90,30555.80,31731.85,11,7220947,7774521,10394398720,38735249408
2025-05-14 07:27:21,40.363,3.873,0,0,49.90,30555.80,31731.85,11,7221148,7774722,10394398720,38735249408
2025-05-14 07:27:21,40.749,3.859,0,0,49.90,30555.80,31731.85,11,7221349,7774923,10394398720,38735249408
2025-05-14 07:27:21,39.998,3.754,0,0,59.90,30555.80,31731.85,11,7221550,7775124,10394398720,38735249408
2025-05-14 07:27:22,40.389,3.809,0,0,59.90,30555.80,31731.85,11,7221751,7775325,10394398720,38735249408
2025-05-14 07:27:22,40.407,3.905,0,0,49.90,30555.80,31731.85,11,7221952,7775526,10394398720,38735249408
2025-05-14 07:27:22,40.069,3.851,0,0,49.90,30555.80,31731.85,11,7222153,7775727,10394398720,38735249408
2025-05-14 07:27:22,40.648,3.842,0,0,49.90,30555.80,31731.85,11,7222354,7775928,10394398720,38735249408
2025-05-14 07:27:22,39.957,3.773,0,0,69.90,30555.80,31731.85,11,7222555,7776129,10394398720,38735249408
2025-05-14 07:27:23,40.607,3.813,0,0,49.90,30555.80,31731.85,11,7222756,7776330,10394398720,38735249408
2025-05-14 07:27:23,40.163,3.830,0,0,59.90,30555.80,31731.85,11,7222957,7776531,10394398720,38735249408
2025-05-14 07:27:23,40.141,3.722,0,0,49.90,30555.80,31731.85,11,7223158,7776732,10394398720,38735249408
2025-05-14 07:27:23,40.300,3.815,0,0,39.90,30555.80,31731.85,11,7223359,7776933,10394398720,38735249408
2025-05-14 07:27:24,40.095,3.810,0,0,49.90,30555.80,31731.85,11,7223560,7777134,10394398720,38735249408
2025-05-14 07:27:24,40.767,3.829,0,0,49.90,30555.80,31731.85,11,7223761,7777335,10394398720,38735249408
2025-05-14 07:27:24,40.302,3.796,0,0,49.90,30555.80,31731.85,11,7223962,7777536,10394398720,38735249408
2025-05-14 07:27:24,40.053,3.772,0,0,59.90,30555.80,31731.85,11,7224163,7777737,10394398720,38735249408
2025-05-14 07:27:24,40.345,3.834,0,0,49.90,30555.80,31731.85,11,7224364,7777938,10394398720,38735249408
2025-05-14 07:27:25,40.336,3.841,0,0,39.90,30555.80,31731.85,11,7224565,7778139,10394398720,38735249408
2025-05-14 07:27:25,41.119,3.842,0,0,59.90,30555.80,31731.85,11,7224766,7778340,10394398720,38735249408
2025-05-14 07:27:25,40.335,3.785,0,0,49.90,30555.80,31731.85,11,7224967,7778541,10394398720,38735249408
2025-05-14 07:27:25,40.416,3.840,0,0,59.90,30555.80,31731.85,11,7225168,7778742,10394398720,38735249408
2025-05-14 07:27:25,40.314,3.861,0,0,59.90,30555.80,31731.85,11,7225369,7778943,10394398720,38735249408
2025-05-14 07:27:26,39.908,3.828,0,0,49.90,30555.80,31731.85,11,7225571,7779145,10394398720,38735249408
2025-05-14 07:27:26,40.576,3.886,0,0,59.90,30555.80,31731.85,11,7225772,7779346,10394398720,38735249408
2025-05-14 07:27:26,39.735,3.819,0,0,59.90,30555.80,31731.85,11,7225973,7779547,10394398720,38735249408
2025-05-14 07:27:26,40.568,3.863,0,0,59.90,30555.80,31731.85,11,7226173,7779747,10394398720,38735249408
2025-05-14 07:27:26,40.475,3.841,0,0,69.90,30555.80,31731.85,11,7226374,7779948,10394398720,38735249408
2025-05-14 07:27:27,40.949,3.830,0,0,59.90,30555.80,31731.85,11,7226576,7780150,10394398720,38735249408
2025-05-14 07:27:27,40.595,3.858,0,0,79.90,30555.80,31731.85,11,7226776,7780350,10394398720,38735249408
2025-05-14 07:27:27,40.481,3.843,0,0,109.80,30555.80,31731.85,11,7226977,7780551,10394398720,38735249408
2025-05-14 07:27:27,40.744,3.946,0,0,59.90,30555.80,31731.85,11,7227178,7780752,10394398720,38735249408
2025-05-14 07:27:27,40.448,3.796,0,0,59.90,30555.80,31731.85,11,7227379,7780953,10394398720,38735249408
2025-05-14 07:27:28,40.793,3.840,0,0,59.90,30555.80,31731.85,11,7227580,7781154,10394398720,38735249408
2025-05-14 07:27:28,40.757,3.872,0,0,79.90,30555.80,31731.85,11,7227782,7781356,10394398720,38735249408
2025-05-14 07:27:28,40.309,3.949,0,0,49.90,30555.80,31731.85,11,7227983,7781557,10394398720,38735249408
2025-05-14 07:27:28,41.072,3.824,0,0,49.90,30555.80,31731.85,11,7228183,7781757,10394398720,38735249408
2025-05-14 07:27:28,40.184,3.811,0,0,49.90,30555.80,31731.85,11,7228384,7781958,10394398720,38735249408
2025-05-14 07:27:29,41.023,3.836,0,0,39.90,30555.80,31731.85,11,7228586,7782160,10394398720,38735249408
2025-05-14 07:27:29,40.401,3.825,0,0,59.90,30555.80,31731.85,11,7228787,7782361,10394398720,38735249408
2025-05-14 07:27:29,40.482,3.891,0,0,69.90,30555.80,31731.85,13,7229001,7782583,10394398720,38735282176
2025-05-14 07:27:29,39.891,3.829,0,32768,49.90,30555.80,31731.85,13,7229202,7782784,10394398720,38735282176
2025-05-14 07:27:29,40.210,3.854,0,0,59.90,30555.80,31731.85,13,7229403,7782985,10394398720,38735282176
2025-05-14 07:27:30,40.514,3.861,0,0,59.90,30555.80,31731.85,13,7229605,7783187,10394398720,38735282176
2025-05-14 07:27:30,40.109,3.831,0,0,59.90,30555.80,31731.85,13,7229806,7783388,10394398720,38735282176
2025-05-14 07:27:30,40.704,3.862,0,0,59.90,30555.80,31731.85,13,7230007,7783589,10394398720,38735282176
2025-05-14 07:27:30,40.454,3.830,0,0,59.90,30555.80,31731.85,13,7230211,7783793,10394398720,38735282176
2025-05-14 07:27:30,41.419,3.860,0,0,59.90,30555.80,31731.85,13,7230412,7783994,10394398720,38735282176
2025-05-14 07:27:31,40.442,3.878,0,0,59.90,30555.80,31731.85,13,7230613,7784195,10394398720,38735282176
2025-05-14 07:27:31,40.275,3.865,0,0,49.90,30555.80,31731.85,13,7230815,7784397,10394398720,38735282176
2025-05-14 07:27:31,40.729,3.937,0,0,59.90,30555.80,31731.85,13,7231016,7784598,10394398720,38735282176
2025-05-14 07:27:31,40.222,3.916,0,0,59.90,30555.80,31731.85,13,7231217,7784799,10394398720,38735282176
2025-05-14 07:27:31,41.382,3.981,0,0,59.90,30555.80,31731.85,13,7231419,7785001,10394398720,38735282176
2025-05-14 07:27:32,40.165,3.844,0,0,49.90,30555.80,31731.85,13,7231620,7785202,10394398720,38735282176
2025-05-14 07:27:32,40.837,3.942,0,0,59.90,30555.80,31731.85,13,7231821,7785403,10394398720,38735282176
2025-05-14 07:27:32,40.680,3.885,0,0,49.90,30555.80,31731.85,13,7232022,7785604,10394398720,38735282176
2025-05-14 07:27:32,40.474,3.784,0,0,49.90,30555.80,31731.85,13,7232222,7785804,10394398720,38735282176
2025-05-14 07:27:32,40.523,3.898,0,0,49.90,30555.80,31731.85,13,7232423,7786005,10394398720,38735282176
2025-05-14 07:27:33,40.177,3.806,0,0,59.90,30555.80,31731.85,13,7232625,7786207,10394398720,38735282176
2025-05-14 07:27:33,40.488,3.796,0,0,69.80,30555.80,31731.85,13,7232826,7786408,10394398720,38735282176
2025-05-14 07:27:33,39.863,3.839,0,0,69.90,30555.80,31731.85,13,7233027,7786609,10394398720,38735282176
2025-05-14 07:27:33,40.280,3.828,0,0,59.90,30555.80,31731.85,13,7233228,7786810,10394398720,38735282176
2025-05-14 07:27:33,40.351,3.824,0,0,59.90,30555.80,31731.85,13,7233429,7787012,10394398720,38735282176
2025-05-14 07:27:34,40.327,3.824,0,12288,39.90,30555.80,31731.85,13,7233635,7787219,10394398720,38735294464
2025-05-14 07:27:34,40.288,3.826,0,0,49.90,30555.80,31731.85,13,7233836,7787420,10394398720,38735294464
2025-05-14 07:27:34,40.514,3.797,0,0,59.90,30555.80,31731.85,13,7234037,7787621,10394398720,38735294464
2025-05-14 07:27:34,40.612,3.803,0,16384,49.90,30555.80,31731.85,13,7234245,7787832,10394398720,38735310848
2025-05-14 07:27:34,40.093,3.768,0,0,49.90,30555.80,31731.85,13,7234446,7788033,10394398720,38735310848
2025-05-14 07:27:35,40.598,3.813,0,0,59.90,30555.80,31731.85,13,7234647,7788234,10394398720,38735310848
2025-05-14 07:27:35,40.527,3.777,0,0,79.90,30555.80,31731.85,13,7234848,7788435,10394398720,38735310848
2025-05-14 07:27:35,40.492,3.818,0,0,59.90,30555.80,31731.85,13,7235049,7788636,10394398720,38735310848
2025-05-14 07:27:35,40.743,3.809,0,0,249.50,30555.80,31731.85,13,7235252,7788839,10394398720,38735310848
2025-05-14 07:27:35,46.525,4.196,0,0,99.80,30555.80,31731.85,13,7235453,7789040,10394398720,38735310848
2025-05-14 07:27:36,40.625,3.803,0,0,49.90,30555.80,31731.85,13,7235654,7789241,10394398720,38735310848
2025-05-14 07:27:36,40.326,3.753,0,0,49.90,30555.80,31731.85,13,7235855,7789442,10394398720,38735310848
2025-05-14 07:27:36,40.172,3.783,0,0,59.90,30555.80,31731.85,13,7236057,7789644,10394398720,38735310848
2025-05-14 07:27:36,40.393,3.800,0,0,49.90,30555.80,31731.85,13,7236257,7789844,10394398720,38735310848
2025-05-14 07:27:36,40.386,3.787,0,0,59.90,30555.80,31731.85,13,7236458,7790045,10394398720,38735310848
2025-05-14 07:27:37,41.070,3.792,0,0,49.90,30555.80,31731.85,13,7236659,7790246,10394398720,38735310848
2025-05-14 07:27:37,40.683,3.833,0,0,69.90,30555.80,31731.85,13,7236860,7790447,10394398720,38735310848
2025-05-14 07:27:37,41.099,3.889,0,0,39.90,30555.80,31731.85,13,7237061,7790648,10394398720,38735310848
2025-05-14 07:27:37,40.388,3.777,0,0,49.90,30555.80,31731.85,13,7237263,7790850,10394398720,38735310848
2025-05-14 07:27:37,40.279,3.778,0,0,59.90,30555.80,31731.85,13,7237464,7791051,10394398720,38735310848
2025-05-14 07:27:38,41.017,3.867,0,0,59.90,30555.80,31731.85,13,7237665,7791252,10394398720,38735310848
2025-05-14 07:27:38,40.438,3.815,0,0,59.90,30555.80,31731.85,13,7237866,7791453,10394398720,38735310848
2025-05-14 07:27:38,41.259,3.833,0,0,59.90,30555.80,31731.85,13,7238068,7791655,10394398720,38735310848
2025-05-14 07:27:38,40.831,3.779,0,0,49.90,30555.80,31731.85,13,7238268,7791855,10394398720,38735310848
2025-05-14 07:27:38,40.346,3.821,0,0,49.90,30555.80,31731.85,13,7238469,7792056,10394398720,38735310848
2025-05-14 07:27:39,40.475,3.865,0,0,59.90,30555.80,31731.85,13,7238670,7792257,10394398720,38735310848
2025-05-14 07:27:39,40.303,3.831,0,0,59.90,30555.80,31731.85,13,7238872,7792459,10394398720,38735310848
2025-05-14 07:27:39,40.961,3.889,0,0,49.90,30555.80,31731.85,13,7239076,7792663,10394398720,38735310848
2025-05-14 07:27:39,40.243,3.815,0,0,59.90,30555.80,31731.85,13,7239281,7792869,10394398720,38735314944
2025-05-14 07:27:39,40.290,3.861,0,4096,49.90,30555.80,31731.85,13,7239482,7793070,10394398720,38735314944
2025-05-14 07:27:40,40.660,3.799,0,0,59.90,30555.80,31731.85,13,7239683,7793271,10394398720,38735314944
2025-05-14 07:27:40,40.254,3.837,0,0,59.90,30555.80,31731.85,13,7239884,7793472,10394398720,38735314944
2025-05-14 07:27:40,40.429,3.867,0,0,59.90,30555.80,31731.85,13,7240086,7793674,10394398720,38735314944
2025-05-14 07:27:40,40.076,3.790,0,0,69.90,30555.80,31731.85,13,7240287,7793875,10394398720,38735314944
2025-05-14 07:27:40,41.226,3.887,0,0,59.90,30555.80,31731.85,13,7240488,7794076,10394398720,38735314944
2025-05-14 07:27:41,39.911,3.809,0,0,49.90,30555.80,31731.85,13,7240689,7794277,10394398720,38735314944
2025-05-14 07:27:41,40.326,3.842,0,0,49.90,30555.80,31731.85,13,7240890,7794478,10394398720,38735314944
2025-05-14 07:27:41,40.408,3.874,0,0,59.90,30555.80,31731.85,13,7241092,7794680,10394398720,38735314944
2025-05-14 07:27:41,39.868,3.812,0,0,59.90,30555.80,31731.85,13,7241293,7794881,10394398720,38735314944
2025-05-14 07:27:41,41.566,4.007,0,0,59.90,30555.80,31731.85,13,7241494,7795082,10394398720,38735314944
2025-05-14 07:27:42,40.113,3.800,0,0,49.90,30555.80,31731.85,13,7241695,7795283,10394398720,38735314944
2025-05-14 07:27:42,41.306,3.866,0,0,39.90,30555.80,31731.85,13,7241896,7795484,10394398720,38735314944
2025-05-14 07:27:42,40.542,3.785,0,0,49.90,30555.80,31731.85,13,7242097,7795685,10394398720,38735314944
2025-05-14 07:27:42,40.119,3.795,0,0,59.90,30555.80,31731.85,13,7242297,7795885,10394398720,38735314944
2025-05-14 07:27:42,40.401,3.838,0,0,59.90,30555.80,31731.85,13,7242499,7796087,10394398720,38735314944
2025-05-14 07:27:43,39.859,3.810,0,0,39.90,30555.80,31731.85,13,7242700,7796288,10394398720,38735314944
2025-05-14 07:27:43,40.716,3.827,0,0,49.90,30555.80,31731.85,13,7242901,7796489,10394398720,38735314944
2025-05-14 07:27:43,40.239,3.850,0,0,59.90,30555.80,31731.85,13,7243102,7796690,10394398720,38735314944
2025-05-14 07:27:43,40.267,3.810,0,0,59.90,30555.80,31731.85,13,7243304,7796892,10394398720,38735314944
2025-05-14 07:27:43,40.471,3.820,0,0,59.90,30555.80,31731.85,13,7243505,7797093,10394398720,38735314944
2025-05-14 07:27:44,40.452,3.799,0,0,49.90,30555.80,31731.85,13,7243706,7797294,10394398720,38735314944
2025-05-14 07:27:44,40.215,3.831,0,0,49.90,30555.80,31731.85,13,7243907,7797495,10394398720,38735314944
2025-05-14 07:27:44,40.373,3.822,0,0,59.90,30555.80,31731.85,13,7244109,7797697,10394398720,38735314944
2025-05-14 07:27:44,40.893,3.841,0,0,49.90,30555.80,31731.85,13,7244309,7797897,10394398720,38735314944
2025-05-14 07:27:44,40.556,3.874,0,12288,59.90,30555.80,31731.85,13,7244518,7798109,10394398720,38735327232
2025-05-14 07:27:45,40.496,3.833,0,0,49.90,30555.80,31731.85,13,7244719,7798310,10394398720,38735327232
2025-05-14 07:27:45,40.572,3.813,0,0,99.80,30555.80,31731.85,13,7244921,7798512,10394398720,38735327232
2025-05-14 07:27:45,40.579,3.861,0,0,59.90,30555.80,31731.85,13,7245122,7798713,10394398720,38735327232
2025-05-14 07:27:45,40.626,3.820,0,0,59.90,30555.80,31731.85,13,7245323,7798914,10394398720,38735327232
2025-05-14 07:27:45,40.587,3.859,0,0,59.90,30555.80,31731.85,13,7245524,7799115,10394398720,38735327232
2025-05-14 07:27:46,40.291,3.836,0,0,59.90,30555.80,31731.85,13,7245725,7799316,10394398720,38735327232
2025-05-14 07:27:46,40.576,3.856,0,0,59.90,30555.80,31731.85,13,7245926,7799517,10394398720,38735327232
2025-05-14 07:27:46,40.413,3.875,0,0,59.90,30555.80,31731.85,13,7246127,7799718,10394398720,38735327232
2025-05-14 07:27:46,40.617,3.856,0,0,59.90,30555.80,31731.85,13,7246327,7799918,10394398720,38735327232
2025-05-14 07:27:46,40.338,3.820,0,0,49.90,30555.80,31731.85,13,7246529,7800120,10394398720,38735327232
2025-05-14 07:27:47,41.749,3.923,0,0,59.90,30555.80,31731.85,13,7246730,7800321,10394398720,38735327232
2025-05-14 07:27:47,40.548,3.826,0,0,49.90,30555.80,31731.85,13,7246931,7800522,10394398720,38735327232
2025-05-14 07:27:47,40.725,3.902,0,0,59.90,30555.80,31731.85,13,7247132,7800723,10394398720,38735327232
2025-05-14 07:27:47,40.719,3.858,0,0,59.90,30555.80,31731.85,13,7247333,7800924,10394398720,38735327232
2025-05-14 07:27:47,40.416,3.765,0,0,59.90,30555.80,31731.85,13,7247534,7801125,10394398720,38735327232
2025-05-14 07:27:48,40.679,3.822,0,0,59.90,30555.80,31731.85,13,7247736,7801327,10394398720,38735327232
2025-05-14 07:27:48,40.361,3.844,0,0,59.90,30555.80,31731.85,13,7247937,7801528,10394398720,38735327232
2025-05-14 07:27:48,40.056,3.867,0,0,60.00,30555.80,31731.85,13,7248138,7801729,10394398720,38735327232
2025-05-14 07:27:48,41.435,3.905,0,0,59.90,30555.80,31731.85,13,7248338,7801929,10394398720,38735327232
2025-05-14 07:27:48,40.063,3.866,0,0,49.90,30555.80,31731.85,13,7248539,7802130,10394398720,38735327232
2025-05-14 07:27:49,40.887,3.931,0,0,69.90,30555.80,31731.85,13,7248741,7802332,10394398720,38735327232
2025-05-14 07:27:49,39.868,3.849,0,0,59.90,30555.80,31731.85,13,7248942,7802533,10394398720,38735327232
2025-05-14 07:27:49,41.196,3.921,0,0,49.90,30555.80,31731.85,13,7249143,7802734,10394398720,38735327232
2025-05-14 07:27:49,40.392,3.864,0,0,39.90,30555.80,31731.85,13,7249344,7802935,10394398720,38735327232
2025-05-14 07:27:49,40.058,3.823,0,0,39.90,30555.80,31731.85,13,7249545,7803136,10394398720,38735327232
2025-05-14 07:27:50,40.631,3.846,0,0,59.90,30555.80,31731.85,13,7249746,7803337,10394398720,38735327232
2025-05-14 07:27:50,40.177,3.811,0,0,59.90,30555.80,31731.85,13,7249947,7803538,10394398720,38735327232
2025-05-14 07:27:50,40.607,3.855,0,0,39.90,30555.80,31731.85,13,7250148,7803739,10394398720,38735327232
2025-05-14 07:27:50,40.457,3.810,0,0,39.90,30555.80,31731.85,13,7250348,7803939,10394398720,38735327232
2025-05-14 07:27:50,40.744,3.840,0,0,49.90,30555.80,31731.85,13,7250551,7804142,10394398720,38735327232
2025-05-14 07:27:51,41.033,3.910,0,0,59.90,30555.80,31731.85,13,7250752,7804343,10394398720,38735327232
2025-05-14 07:27:51,40.077,3.804,0,0,59.90,30555.80,31731.85,13,7250954,7804545,10394398720,38735327232
2025-05-14 07:27:51,40.368,3.915,0,0,50.00,30555.80,31731.85,13,7251155,7804746,10394398720,38735327232
2025-05-14 07:27:51,40.261,3.866,0,0,59.90,30555.80,31731.85,13,7251356,7804947,10394398720,38735327232
2025-05-14 07:27:51,40.972,3.982,0,0,59.90,30555.80,31731.85,13,7251557,7805148,10394398720,38735327232
2025-05-14 07:27:52,40.002,3.815,0,0,59.90,30555.80,31731.85,13,7251758,7805349,10394398720,38735327232
2025-05-14 07:27:52,40.388,3.868,0,0,49.90,30555.80,31731.85,13,7251959,7805550,10394398720,38735327232
2025-05-14 07:27:52,40.078,3.869,0,0,59.90,30555.80,31731.85,13,7252160,7805751,10394398720,38735327232
2025-05-14 07:27:52,40.082,3.842,0,0,69.90,30555.80,31731.85,13,7252360,7805951,10394398720,38735327232
2025-05-14 07:27:52,40.148,3.855,0,0,59.90,30555.80,31731.85,13,7252562,7806153,10394398720,38735327232
2025-05-14 07:27:53,40.251,3.879,0,0,39.90,30555.80,31731.85,13,7252763,7806354,10394398720,38735327232
2025-05-14 07:27:53,40.288,3.844,0,0,39.90,30555.80,31731.85,13,7252964,7806555,10394398720,38735327232
2025-05-14 07:27:53,40.182,3.866,0,0,59.90,30555.80,31731.85,13,7253165,7806756,10394398720,38735327232
2025-05-14 07:27:53,39.958,3.868,0,0,59.90,30555.80,31731.85,13,7253366,7806957,10394398720,38735327232
2025-05-14 07:27:53,41.496,3.880,0,0,49.90,30555.80,31731.85,13,7253569,7807160,10394398720,38735327232
2025-05-14 07:27:54,40.849,3.931,0,0,49.90,30555.80,31731.85,13,7253770,7807361,10394398720,38735327232
2025-05-14 07:27:54,40.110,3.856,0,0,59.90,30555.80,31731.85,13,7253971,7807562,10394398720,38735327232
2025-05-14 07:27:54,40.199,3.884,0,0,59.90,30555.80,31731.85,13,7254172,7807763,10394398720,38735327232
2025-05-14 07:27:54,39.974,3.851,0,0,39.90,30555.80,31731.85,13,7254373,7807964,10394398720,38735327232
2025-05-14 07:27:54,40.229,3.827,0,0,49.90,30555.80,31731.85,11,7254574,7808165,10394398720,38735327232
2025-05-14 07:27:55,40.102,3.887,0,0,59.90,30555.80,31731.85,11,7254775,7808366,10394398720,38735327232
2025-05-14 07:27:55,40.512,3.933,0,0,49.90,30555.80,31731.85,11,7254976,7808567,10394398720,38735327232
2025-05-14 07:27:55,39.674,3.834,0,0,59.90,30555.80,31731.85,11,7255177,7808768,10394398720,38735327232
2025-05-14 07:27:55,40.741,3.838,0,0,59.90,30555.80,31731.85,11,7255378,7808969,10394398720,38735327232
2025-05-14 07:27:55,39.944,3.812,0,0,59.90,30555.80,31731.85,11,7255579,7809170,10394398720,38735327232
2025-05-14 07:27:56,40.380,3.855,0,0,49.90,30555.80,31731.85,11,7255780,7809371,10394398720,38735327232
2025-05-14 07:27:56,40.374,3.864,0,0,69.90,30555.80,31731.85,11,7255981,7809572,10394398720,38735327232
2025-05-14 07:27:56,39.912,3.856,0,0,59.90,30555.80,31731.85,11,7256182,7809774,10394398720,38735327232
2025-05-14 07:27:56,40.493,3.872,0,0,59.90,30555.80,31731.85,11,7256383,7809974,10394398720,38735327232
2025-05-14 07:27:56,39.862,3.841,0,0,49.90,30555.80,31731.85,11,7256584,7810175,10394398720,38735327232
2025-05-14 07:27:57,40.598,3.882,0,0,59.90,30555.80,31731.85,11,7256785,7810376,10394398720,38735327232
2025-05-14 07:27:57,40.594,3.860,0,0,59.90,30555.80,31731.85,11,7256986,7810577,10394398720,38735327232
2025-05-14 07:27:57,40.671,3.923,0,0,59.90,30555.80,31731.85,11,7257187,7810778,10394398720,38735327232
2025-05-14 07:27:57,40.549,3.881,0,0,49.90,30555.80,31731.85,11,7257389,7810980,10394398720,38735327232
2025-05-14 07:27:58,40.519,3.852,0,0,39.90,30555.80,31731.85,11,7257590,7811181,10394398720,38735327232
2025-05-14 07:27:58,40.485,3.919,0,0,49.90,30555.80,31731.85,11,7257791,7811382,10394398720,38735327232
2025-05-14 07:27:58,40.147,3.857,0,0,69.90,30555.80,31731.85,11,7257993,7811584,10394398720,38735327232
2025-05-14 07:27:58,40.199,3.893,0,0,59.90,30555.80,31731.85,11,7258193,7811784,10394398720,38735327232
2025-05-14 07:27:58,40.083,3.824,0,0,49.90,30555.80,31731.85,11,7258394,7811985,10394398720,38735327232
2025-05-14 07:27:59,40.303,3.868,0,0,59.90,30555.80,31731.85,11,7258596,7812187,10394398720,38735327232
2025-05-14 07:27:59,40.654,3.900,0,0,59.90,30555.80,31731.85,11,7258797,7812388,10394398720,38735327232
2025-05-14 07:27:59,40.430,3.838,0,0,49.90,30555.80,31731.85,11,7258998,7812589,10394398720,38735327232
2025-05-14 07:27:59,40.212,3.895,0,0,39.90,30555.80,31731.85,11,7259199,7812790,10394398720,38735327232
2025-05-14 07:27:59,40.362,3.870,0,0,49.90,30555.80,31731.85,11,7259401,7812992,10394398720,38735327232
2025-05-14 07:28:00,40.335,3.873,0,0,69.90,30555.80,31731.85,11,7259605,7813196,10394398720,38735327232
2025-05-14 07:28:00,40.479,3.892,0,0,49.90,30555.80,31731.85,11,7259808,7813399,10394398720,38735327232
2025-05-14 07:28:00,40.950,3.953,0,0,49.90,30555.80,31731.85,11,7260009,7813600,10394398720,38735327232
2025-05-14 07:28:00,40.469,3.926,0,0,49.90,30555.80,31731.85,11,7260209,7813800,10394398720,38735327232
2025-05-14 07:28:00,40.267,3.863,0,0,49.90,30555.80,31731.85,11,7260410,7814001,10394398720,38735327232
2025-05-14 07:28:01,41.100,3.879,0,0,59.90,30555.80,31731.85,11,7260611,7814202,10394398720,38735327232
2025-05-14 07:28:01,42.013,3.929,0,0,59.90,30555.80,31731.85,11,7260813,7814404,10394398720,38735327232
2025-05-14 07:28:01,40.513,3.838,0,0,59.90,30555.80,31731.85,11,7261014,7814605,10394398720,38735327232
2025-05-14 07:28:01,40.414,3.874,0,0,49.90,30555.80,31731.85,11,7261215,7814806,10394398720,38735327232
2025-05-14 07:28:01,40.746,3.886,0,0,49.90,30555.80,31731.85,11,7261416,7815007,10394398720,38735327232
2025-05-14 07:28:02,41.629,4.033,0,0,59.90,30555.80,31731.85,11,7261617,7815208,10394398720,38735327232
2025-05-14 07:28:02,40.690,3.800,0,0,69.90,30555.80,31731.85,12,7261824,7815417,10394398720,38735335424
2025-05-14 07:28:02,41.984,4.122,0,8192,59.90,30555.80,31731.85,12,7262024,7815617,10394398720,38735335424
2025-05-14 07:28:02,40.278,3.827,0,0,59.90,30555.80,31731.85,12,7262224,7815817,10394398720,38735335424
2025-05-14 07:28:02,40.634,3.866,0,0,59.90,30555.80,31731.85,12,7262425,7816018,10394398720,38735335424
2025-05-14 07:28:03,41.089,3.870,0,0,39.90,30555.80,31731.85,12,7262626,7816219,10394398720,38735335424
2025-05-14 07:28:03,40.212,3.847,0,0,49.90,30555.80,31731.85,12,7262827,7816420,10394398720,38735335424
2025-05-14 07:28:03,40.601,3.868,0,0,59.90,30555.80,31731.85,12,7263028,7816621,10394398720,38735335424
2025-05-14 07:28:03,40.699,3.854,0,0,39.90,30555.80,31731.85,12,7263229,7816822,10394398720,38735335424
2025-05-14 07:28:03,40.301,3.831,0,0,49.90,30555.80,31731.85,12,7263430,7817023,10394398720,38735335424
2025-05-14 07:28:04,40.588,3.845,0,0,59.90,30555.80,31731.85,12,7263632,7817225,10394398720,38735335424
2025-05-14 07:28:04,40.399,3.839,0,0,69.90,30555.80,31731.85,12,7263833,7817426,10394398720,38735335424
2025-05-14 07:28:04,40.295,3.874,0,0,69.90,30555.80,31731.85,12,7264034,7817627,10394398720,38735335424
2025-05-14 07:28:04,40.451,3.841,0,0,49.90,30555.80,31731.85,12,7264234,7817827,10394398720,38735335424
2025-05-14 07:28:04,40.478,3.808,0,0,69.90,30555.80,31731.85,12,7264435,7818028,10394398720,38735335424
2025-05-14 07:28:05,40.917,3.878,0,0,69.90,30555.80,31731.85,12,7264636,7818229,10394398720,38735335424
2025-05-14 07:28:05,40.236,3.885,0,0,49.90,30555.80,31731.85,12,7264838,7818431,10394398720,38735335424
2025-05-14 07:28:05,41.284,3.940,0,0,59.90,30555.80,31731.85,12,7265039,7818632,10394398720,38735335424
2025-05-14 07:28:05,40.406,3.850,0,0,139.80,30555.80,31755.86,18,7265270,7818884,10394398720,38737256448
2025-05-14 07:28:05,41.050,4.004,0,1921024,49.90,30555.80,31755.86,18,7265471,7819085,10394398720,38737256448
2025-05-14 07:28:06,40.620,3.871,0,0,59.90,30555.80,31755.86,18,7265672,7819286,10394398720,38737256448
2025-05-14 07:28:06,40.447,3.856,0,0,59.90,30555.80,31755.86,18,7265874,7819488,10394398720,38737256448
2025-05-14 07:28:06,41.778,3.836,0,0,49.90,30555.80,31755.86,18,7266075,7819689,10394398720,38737256448
2025-05-14 07:28:06,40.233,3.772,0,0,59.90,30555.80,31755.86,18,7266275,7819889,10394398720,38737256448
2025-05-14 07:28:06,40.250,3.820,0,0,60.00,30555.80,31755.86,18,7266476,7820090,10394398720,38737256448
2025-05-14 07:28:07,40.844,3.841,0,0,59.90,30555.80,31755.86,18,7266677,7820291,10394398720,38737256448
2025-05-14 07:28:07,41.145,3.867,0,0,69.90,30555.80,31755.86,18,7266878,7820492,10394398720,38737256448
2025-05-14 07:28:07,40.800,3.849,0,0,119.80,30555.80,31755.86,18,7267078,7820692,10394398720,38737256448
2025-05-14 07:28:07,40.558,3.895,0,0,59.90,30555.80,31755.86,18,7267279,7820893,10394398720,38737256448
2025-05-14 07:28:07,41.263,3.885,0,0,39.90,30555.80,31755.86,18,7267480,7821094,10394398720,38737256448
2025-05-14 07:28:08,40.117,3.797,0,0,59.90,30555.80,31755.86,18,7267681,7821295,10394398720,38737256448
2025-05-14 07:28:08,40.709,3.877,0,0,69.90,30555.80,31755.86,18,7267882,7821496,10394398720,38737256448
2025-05-14 07:28:08,40.650,3.837,0,0,69.90,30555.80,31755.86,18,7268083,7821697,10394398720,38737256448
2025-05-14 07:28:08,40.523,3.818,0,0,49.90,30555.80,31755.86,18,7268284,7821898,10394398720,38737256448
2025-05-14 07:28:08,41.176,3.798,0,0,59.90,30555.80,31755.86,18,7268485,7822099,10394398720,38737256448
2025-05-14 07:28:09,40.325,3.803,0,0,49.90,30555.80,31755.86,18,7268686,7822300,10394398720,38737256448
2025-05-14 07:28:09,40.561,3.846,0,0,49.90,30555.80,31755.86,18,7268887,7822501,10394398720,38737256448
2025-05-14 07:28:09,40.660,3.907,0,0,59.90,30555.80,31755.86,18,7269088,7822702,10394398720,38737256448
2025-05-14 07:28:09,41.138,3.911,0,0,59.90,30555.80,31755.86,18,7269289,7822903,10394398720,38737256448
2025-05-14 07:28:09,40.728,3.877,0,0,59.90,30555.80,31755.86,18,7269490,7823104,10394398720,38737256448
2025-05-14 07:28:10,40.540,3.832,0,0,59.90,30555.80,31755.86,18,7269692,7823306,10394398720,38737256448
2025-05-14 07:28:10,41.174,3.847,0,0,59.90,30555.80,31755.86,18,7269893,7823507,10394398720,38737256448
2025-05-14 07:28:10,40.222,3.784,0,0,39.90,30555.80,31755.86,18,7270094,7823708,10394398720,38737256448
2025-05-14 07:28:10,41.333,3.901,0,0,59.90,30555.80,31755.86,18,7270298,7823912,10394398720,38737256448
2025-05-14 07:28:10,41.018,3.962,0,0,59.90,30555.80,31755.86,18,7270499,7824113,10394398720,38737256448
2025-05-14 07:28:11,40.436,3.838,0,0,49.90,30555.80,31755.86,18,7270701,7824315,10394398720,38737256448
2025-05-14 07:28:11,40.430,3.818,0,0,69.90,30555.80,31755.86,18,7270906,7824522,10394398720,38737285120
2025-05-14 07:28:11,40.265,3.849,0,28672,69.90,30555.80,31755.86,18,7271107,7824723,10394398720,38737285120
2025-05-14 07:28:11,41.088,3.829,0,0,59.90,30555.80,31755.86,18,7271308,7824924,10394398720,38737285120
2025-05-14 07:28:11,40.087,3.808,0,0,49.90,30555.80,31755.86,18,7271509,7825125,10394398720,38737285120
2025-05-14 07:28:12,40.950,3.989,0,0,59.90,30555.80,31755.86,18,7271710,7825326,10394398720,38737285120
2025-05-14 07:28:12,40.374,3.858,0,0,49.90,30555.80,31755.86,18,7271912,7825528,10394398720,38737285120
2025-05-14 07:28:12,41.322,3.981,0,0,39.90,30555.80,31755.86,18,7272113,7825729,10394398720,38737285120
2025-05-14 07:28:12,40.606,3.863,0,0,59.90,30555.80,31755.86,18,7272313,7825929,10394398720,38737285120
2025-05-14 07:28:12,40.381,3.780,0,0,59.90,30555.80,31755.86,18,7272514,7826130,10394398720,38737285120
2025-05-14 07:28:13,40.612,3.810,0,0,49.90,30555.80,31755.86,18,7272715,7826331,10394398720,38737285120
2025-05-14 07:28:13,40.313,3.791,0,0,39.90,30555.80,31755.86,18,7272917,7826533,10394398720,38737285120
2025-05-14 07:28:13,40.416,3.832,0,0,59.90,30555.80,31755.86,18,7273118,7826734,10394398720,38737285120
2025-05-14 07:28:13,40.339,3.807,0,0,59.90,30555.80,31755.86,18,7273319,7826935,10394398720,38737285120
2025-05-14 07:28:13,40.427,3.816,0,0,49.90,30555.80,31755.86,18,7273520,7827136,10394398720,38737285120
2025-05-14 07:28:14,40.410,3.852,0,0,59.90,30555.80,31755.86,18,7273722,7827338,10394398720,38737285120
2025-05-14 07:28:14,40.583,3.833,0,0,59.90,30555.80,31755.86,18,7273923,7827539,10394398720,38737285120
2025-05-14 07:28:14,41.223,3.839,0,0,59.90,30555.80,31755.86,18,7274124,7827740,10394398720,38737285120
2025-05-14 07:28:14,40.170,3.808,0,0,39.90,30555.80,31755.86,18,7274324,7827940,10394398720,38737285120
2025-05-14 07:28:14,40.645,3.799,0,0,49.90,30555.80,31755.86,18,7274525,7828141,10394398720,38737285120
2025-05-14 07:28:15,40.180,3.806,0,0,69.90,30555.80,31755.86,18,7274727,7828343,10394398720,38737285120
2025-05-14 07:28:15,40.368,3.841,0,0,89.90,30555.80,31755.86,18,7274928,7828544,10394398720,38737285120
2025-05-14 07:28:15,40.373,3.810,0,0,59.90,30555.80,31755.86,18,7275129,7828745,10394398720,38737285120
2025-05-14 07:28:15,40.218,3.776,0,0,39.90,30555.80,31747.86,13,7275330,7828946,10394398720,38737285120
2025-05-14 07:28:15,40.239,3.785,0,0,39.90,30555.80,31747.86,13,7275531,7829147,10394398720,38737285120
2025-05-14 07:28:16,40.273,3.808,0,0,39.90,30555.80,31747.86,13,7275732,7829348,10394398720,38737285120
2025-05-14 07:28:16,40.314,3.811,0,0,49.90,30555.80,31747.86,13,7275934,7829550,10394398720,38737285120
2025-05-14 07:28:16,41.891,3.946,0,0,59.90,30555.80,31747.86,13,7276135,7829751,10394398720,38737285120
2025-05-14 07:28:16,40.297,3.804,0,0,59.90,30555.80,31747.86,13,7276335,7829951,10394398720,38737285120
2025-05-14 07:28:16,40.165,3.768,0,0,49.90,30555.80,31747.86,13,7276537,7830153,10394398720,38737285120
2025-05-14 07:28:17,40.617,3.777,0,0,49.90,30555.80,31747.86,13,7276738,7830354,10394398720,38737285120
2025-05-14 07:28:17,40.280,3.804,0,0,59.90,30555.80,31747.86,13,7276939,7830555,10394398720,38737285120
2025-05-14 07:28:17,40.589,3.841,0,0,99.80,30555.80,31747.86,13,7277140,7830756,10394398720,38737285120
2025-05-14 07:28:17,41.122,3.911,0,0,59.90,30555.80,31747.86,13,7277341,7830957,10394398720,38737285120
2025-05-14 07:28:17,40.728,3.824,0,0,49.90,30555.80,31747.86,13,7277543,7831159,10394398720,38737285120
2025-05-14 07:28:18,40.165,3.789,0,0,59.90,30555.80,31747.86,13,7277744,7831360,10394398720,38737285120
2025-05-14 07:28:18,40.666,3.805,0,0,39.90,30555.80,31747.86,13,7277945,7831561,10394398720,38737285120
2025-05-14 07:28:18,40.454,3.793,0,0,39.90,30555.80,31747.86,13,7278146,7831762,10394398720,38737285120
2025-05-14 07:28:18,40.357,3.789,0,0,49.90,30555.80,31747.86,13,7278346,7831962,10394398720,38737285120
2025-05-14 07:28:18,41.189,3.810,0,0,39.90,30555.80,31747.86,13,7278547,7832163,10394398720,38737285120
2025-05-14 07:28:19,40.225,3.798,0,0,39.90,30555.80,31747.86,13,7278749,7832365,10394398720,38737285120
2025-05-14 07:28:19,40.247,3.800,0,0,39.90,30555.80,31747.86,13,7278950,7832566,10394398720,38737285120
2025-05-14 07:28:19,40.231,3.768,0,0,40.00,30555.80,31747.86,13,7279151,7832767,10394398720,38737285120
2025-05-14 07:28:19,39.946,3.818,0,0,69.90,30555.80,31747.86,13,7279352,7832968,10394398720,38737285120
2025-05-14 07:28:19,40.203,3.771,0,0,59.90,30555.80,31747.86,13,7279553,7833169,10394398720,38737285120
2025-05-14 07:28:20,40.115,3.777,0,0,59.90,30555.80,31747.86,13,7279754,7833370,10394398720,38737285120
2025-05-14 07:28:20,40.455,3.820,0,0,69.90,30555.80,31747.86,13,7279955,7833571,10394398720,38737285120
2025-05-14 07:28:20,39.982,3.845,0,0,59.90,30555.80,31747.86,13,7280156,7833772,10394398720,38737285120
2025-05-14 07:28:20,40.636,3.863,0,0,59.90,30555.80,31747.86,13,7280361,7833977,10394398720,38737285120
2025-05-14 07:28:20,40.706,3.827,0,0,39.90,30555.80,31747.86,13,7280560,7834176,10394398720,38737285120
2025-05-14 07:28:21,41.025,3.771,0,0,49.90,30555.80,31747.86,13,7280761,7834377,10394398720,38737285120
2025-05-14 07:28:21,40.345,3.787,0,0,49.90,30555.78,31731.85,11,7280962,7834578,10394398720,38737285120
2025-05-14 07:28:21,40.315,3.788,0,0,59.90,30555.78,31731.85,11,7281164,7834780,10394398720,38737285120
2025-05-14 07:28:21,41.242,3.752,0,0,49.90,30555.78,31731.85,11,7281365,7834981,10394398720,38737285120
2025-05-14 07:28:21,40.321,3.720,0,0,59.90,30555.78,31731.85,11,7281566,7835182,10394398720,38737285120
2025-05-14 07:28:22,41.158,3.923,0,0,49.90,30555.78,31731.85,11,7281767,7835383,10394398720,38737285120
2025-05-14 07:28:22,40.269,3.880,0,0,59.90,30555.78,31731.85,11,7281968,7835584,10394398720,38737285120
2025-05-14 07:28:22,40.773,3.807,0,0,59.90,30555.78,31731.85,11,7282169,7835785,10394398720,38737285120
2025-05-14 07:28:22,40.776,3.843,0,0,69.90,30555.78,31731.85,11,7282370,7835986,10394398720,38737285120
2025-05-14 07:28:22,39.911,3.775,0,0,49.90,30555.78,31731.85,11,7282571,7836187,10394398720,38737285120
2025-05-14 07:28:23,40.376,3.838,0,0,59.90,30555.78,31731.85,11,7282772,7836388,10394398720,38737285120
2025-05-14 07:28:23,40.133,3.823,0,0,59.90,30555.78,31731.85,11,7282973,7836589,10394398720,38737285120
2025-05-14 07:28:23,40.525,3.822,0,0,49.90,30555.78,31731.85,11,7283174,7836790,10394398720,38737285120
2025-05-14 07:28:23,40.095,3.744,0,0,49.90,30555.78,31731.85,11,7283376,7836992,10394398720,38737285120
2025-05-14 07:28:23,40.383,3.714,0,0,59.90,30555.78,31731.85,11,7283576,7837192,10394398720,38737285120
2025-05-14 07:28:24,40.279,3.717,0,0,69.90,30555.78,31731.85,11,7283777,7837393,10394398720,38737285120
2025-05-14 07:28:24,40.188,3.760,0,0,49.90,30555.78,31731.85,11,7283978,7837594,10394398720,38737285120
2025-05-14 07:28:24,41.015,3.775,0,0,59.90,30555.78,31731.85,11,7284180,7837796,10394398720,38737285120
2025-05-14 07:28:24,40.190,3.744,0,0,49.90,30555.78,31731.85,11,7284380,7837996,10394398720,38737285120
2025-05-14 07:28:24,40.406,3.763,0,0,59.90,30555.78,31731.85,11,7284581,7838197,10394398720,38737285120
2025-05-14 07:28:25,40.656,3.760,0,0,69.90,30555.78,31731.85,11,7284782,7838398,10394398720,38737285120
2025-05-14 07:28:25,40.310,3.757,0,0,79.90,30555.78,31731.85,11,7284983,7838599,10394398720,38737285120
2025-05-14 07:28:25,40.620,3.842,0,0,59.90,30555.78,31731.85,11,7285185,7838801,10394398720,38737285120
2025-05-14 07:28:25,40.414,3.766,0,0,49.90,30555.78,31731.85,11,7285386,7839002,10394398720,38737285120
2025-05-14 07:28:25,40.365,3.751,0,0,49.90,30555.78,31731.85,11,7285587,7839203,10394398720,38737285120
2025-05-14 07:28:26,40.433,3.753,0,0,59.90,30555.78,31731.85,11,7285788,7839404,10394398720,38737285120
2025-05-14 07:28:26,40.325,3.730,0,0,59.90,30555.78,31731.85,11,7285989,7839605,10394398720,38737285120
2025-05-14 07:28:26,40.399,3.787,0,0,49.90,30555.78,31731.85,11,7286191,7839807,10394398720,38737285120
2025-05-14 07:28:26,40.292,3.763,0,0,49.90,30555.78,31731.85,11,7286391,7840007,10394398720,38737285120
2025-05-14 07:28:26,40.293,3.773,0,0,59.90,30555.78,31731.85,11,7286592,7840208,10394398720,38737285120
2025-05-14 07:28:27,40.287,3.693,0,0,49.90,30555.78,31731.85,11,7286793,7840409,10394398720,38737285120
2025-05-14 07:28:27,40.419,3.750,0,0,59.90,30555.78,31731.85,11,7286995,7840611,10394398720,38737285120
2025-05-14 07:28:27,40.517,3.854,0,4096,49.90,30555.78,31731.85,12,7287198,7840815,10394398720,38737289216
2025-05-14 07:28:27,40.221,3.782,0,0,69.90,30555.78,31731.85,12,7287399,7841016,10394398720,38737289216
2025-05-14 07:28:27,42.479,3.846,0,0,59.90,30555.78,31731.85,12,7287600,7841217,10394398720,38737289216
2025-05-14 07:28:28,40.513,3.755,0,0,49.90,30555.78,31731.85,12,7287801,7841418,10394398720,38737289216
2025-05-14 07:28:28,41.037,3.867,0,8192,69.90,30555.78,31731.85,12,7288008,7841627,10394398720,38737297408
2025-05-14 07:28:28,40.694,3.765,0,0,49.90,30555.78,31731.85,12,7288209,7841828,10394398720,38737297408
2025-05-14 07:28:28,40.279,3.782,0,0,59.90,30555.78,31731.85,12,7288410,7842029,10394398720,38737297408
2025-05-14 07:28:28,40.313,3.816,0,0,49.90,30555.78,31731.85,12,7288611,7842230,10394398720,38737297408
2025-05-14 07:28:29,39.998,3.739,0,0,39.90,30555.78,31731.85,12,7288812,7842431,10394398720,38737297408
2025-05-14 07:28:29,40.563,3.796,0,0,69.90,30555.78,31731.85,12,7289013,7842632,10394398720,38737297408
2025-05-14 07:28:29,40.282,3.816,0,0,49.90,30555.78,31731.85,12,7289217,7842836,10394398720,38737297408
2025-05-14 07:28:29,40.555,3.848,0,0,49.90,30555.78,31731.85,12,7289419,7843038,10394398720,38737297408
2025-05-14 07:28:29,40.569,3.788,0,12288,49.90,30555.78,31731.85,12,7289625,7843246,10394398720,38737309696
2025-05-14 07:28:30,40.462,3.724,0,0,59.90,30555.78,31731.85,12,7289826,7843447,10394398720,38737309696
2025-05-14 07:28:30,40.468,3.770,0,0,59.90,30555.78,31731.85,12,7290028,7843649,10394398720,38737309696
2025-05-14 07:28:30,40.211,3.710,0,0,39.90,30555.78,31731.85,12,7290229,7843850,10394398720,38737309696
2025-05-14 07:28:30,41.172,3.796,0,0,59.90,30555.78,31731.85,12,7290429,7844050,10394398720,38737309696
2025-05-14 07:28:30,40.386,3.774,0,0,59.90,30555.78,31731.85,12,7290634,7844255,10394398720,38737309696
2025-05-14 07:28:31,41.805,3.791,0,0,49.90,30555.78,31731.85,12,7290835,7844456,10394398720,38737309696
2025-05-14 07:28:31,41.287,3.943,0,0,79.90,30555.78,31731.85,12,7291036,7844657,10394398720,38737309696
2025-05-14 07:28:31,40.840,3.842,0,0,49.90,30555.78,31731.85,12,7291238,7844859,10394398720,38737309696
2025-05-14 07:28:31,40.793,3.811,0,0,69.90,30555.78,31731.85,12,7291439,7845060,10394398720,38737309696
2025-05-14 07:28:32,40.366,3.800,0,0,49.90,30555.78,31731.85,12,7291640,7845261,10394398720,38737309696
2025-05-14 07:28:32,40.826,3.803,0,0,69.90,30555.78,31731.85,12,7291841,7845462,10394398720,38737309696
2025-05-14 07:28:32,40.220,3.809,0,0,59.90,30555.78,31731.85,12,7292042,7845663,10394398720,38737309696
2025-05-14 07:28:32,40.510,3.778,0,0,59.90,30555.78,31731.85,12,7292242,7845863,10394398720,38737309696
2025-05-14 07:28:32,40.662,3.768,0,0,39.90,30555.78,31731.85,12,7292444,7846065,10394398720,38737309696
2025-05-14 07:28:33,40.037,3.745,0,8192,49.90,30555.78,31731.85,12,7292649,7846272,10394398720,38737317888
2025-05-14 07:28:33,40.381,3.836,0,16384,59.90,30555.78,31731.85,12,7292859,7846485,10394398720,38737334272
2025-05-14 07:28:33,40.156,3.807,0,0,59.90,30555.78,31731.85,12,7293060,7846686,10394398720,38737334272
2025-05-14 07:28:33,40.510,3.804,0,0,59.90,30555.78,31731.85,12,7293261,7846887,10394398720,38737334272
2025-05-14 07:28:33,40.169,3.850,0,0,69.90,30555.78,31731.85,12,7293462,7847088,10394398720,38737334272
2025-05-14 07:28:34,40.583,3.782,0,0,49.90,30555.78,31731.85,12,7293664,7847290,10394398720,38737334272
2025-05-14 07:28:34,40.635,3.858,0,0,49.90,30555.78,31731.85,12,7293865,7847491,10394398720,38737334272
2025-05-14 07:28:34,40.507,3.813,0,0,59.90,30555.78,31731.85,12,7294066,7847692,10394398720,38737334272
2025-05-14 07:28:34,40.643,3.787,0,0,59.90,30555.78,31731.85,12,7294266,7847892,10394398720,38737334272
2025-05-14 07:28:34,40.238,3.750,0,0,49.90,30555.78,31731.85,12,7294468,7848094,10394398720,38737334272
2025-05-14 07:28:35,40.375,3.791,0,0,49.90,30555.78,31731.85,12,7294669,7848295,10394398720,38737334272
2025-05-14 07:28:35,40.341,3.785,0,0,59.90,30555.78,31731.85,12,7294870,7848496,10394398720,38737334272
2025-05-14 07:28:35,40.680,3.806,0,0,59.90,30555.78,31731.85,12,7295071,7848697,10394398720,38737334272
2025-05-14 07:28:35,40.416,3.852,0,0,69.90,30555.78,31731.85,12,7295272,7848898,10394398720,38737334272
2025-05-14 07:28:35,42.088,4.058,0,0,49.90,30555.78,31731.85,12,7295472,7849098,10394398720,38737334272
2025-05-14 07:28:36,40.219,3.752,0,0,49.90,30555.78,31731.85,12,7295673,7849299,10394398720,38737334272
2025-05-14 07:28:36,40.354,3.715,0,131072,59.90,30555.78,31731.85,12,7295878,7849506,10394398720,38737465344
2025-05-14 07:28:36,40.989,3.804,0,0,79.90,30555.78,31731.85,12,7296083,7849712,10394398720,38737477632
2025-05-14 07:28:36,40.709,3.814,0,12288,59.90,30555.78,31731.85,12,7296284,7849913,10394398720,38737477632
2025-05-14 07:28:36,40.513,3.799,0,0,49.90,30555.78,31731.85,12,7296486,7850115,10394398720,38737477632
2025-05-14 07:28:37,40.339,3.790,0,0,59.90,30555.78,31731.85,12,7296687,7850316,10394398720,38737477632
2025-05-14 07:28:37,40.372,3.801,0,0,59.90,30555.78,31731.85,12,7296888,7850517,10394398720,38737477632
2025-05-14 07:28:37,40.458,3.770,0,0,49.90,30555.78,31731.85,12,7297089,7850718,10394398720,38737477632
2025-05-14 07:28:37,40.614,3.819,0,0,59.90,30555.78,31731.85,12,7297290,7850919,10394398720,38737477632
2025-05-14 07:28:37,40.662,3.875,0,0,49.90,30555.78,31731.85,12,7297491,7851121,10394398720,38737477632
2025-05-14 07:28:38,40.663,3.831,0,0,69.90,30555.78,31731.85,12,7297693,7851322,10394398720,38737477632
2025-05-14 07:28:38,40.450,3.809,0,0,59.90,30555.78,31731.85,12,7297896,7851526,10394398720,38737481728
2025-05-14 07:28:38,40.226,3.780,0,4096,49.90,30555.78,31731.85,12,7298097,7851727,10394398720,38737481728
2025-05-14 07:28:38,40.352,3.796,0,0,49.90,30555.78,31731.85,12,7298297,7851927,10394398720,38737481728
2025-05-14 07:28:38,40.681,3.823,0,0,49.90,30555.78,31731.85,12,7298498,7852128,10394398720,38737481728
2025-05-14 07:28:39,40.352,3.821,0,0,39.90,30555.78,31731.85,12,7298699,7852329,10394398720,38737481728
2025-05-14 07:28:39,40.335,3.753,0,0,49.90,30555.78,31731.85,12,7298900,7852530,10394398720,38737481728
2025-05-14 07:28:39,40.445,3.856,0,0,49.90,30555.78,31731.85,12,7299102,7852732,10394398720,38737481728
2025-05-14 07:28:39,40.596,3.857,0,0,60.00,30555.78,31731.85,12,7299303,7852933,10394398720,38737481728
2025-05-14 07:28:39,40.327,3.847,0,0,49.90,30555.78,31731.85,12,7299504,7853134,10394398720,38737481728
2025-05-14 07:28:40,40.526,3.816,0,0,39.90,30555.78,31731.85,12,7299705,7853335,10394398720,38737481728
2025-05-14 07:28:40,40.577,3.841,0,0,59.90,30555.78,31731.85,12,7299906,7853536,10394398720,38737481728
2025-05-14 07:28:40,40.581,3.812,0,0,59.90,30555.78,31731.85,12,7300110,7853740,10394398720,38737481728
2025-05-14 07:28:40,40.671,3.816,0,0,59.90,30555.78,31731.85,12,7300310,7853940,10394398720,38737481728
2025-05-14 07:28:40,40.512,3.827,0,0,49.90,30555.78,31731.85,12,7300512,7854142,10394398720,38737481728
2025-05-14 07:28:41,40.214,3.775,0,0,59.90,30555.78,31731.85,12,7300713,7854343,10394398720,38737481728
2025-05-14 07:28:41,39.911,3.763,0,0,59.90,30555.78,31731.85,12,7300914,7854544,10394398720,38737481728
2025-05-14 07:28:41,40.467,3.920,0,0,59.90,30555.78,31731.85,12,7301115,7854745,10394398720,38737481728
2025-05-14 07:28:41,40.342,3.837,0,0,49.90,30555.78,31731.85,12,7301317,7854947,10394398720,38737481728
2025-05-14 07:28:41,40.027,3.836,0,0,59.90,30555.78,31731.85,12,7301518,7855148,10394398720,38737481728
2025-05-14 07:28:42,40.389,3.831,0,0,59.90,30555.78,31731.85,12,7301719,7855349,10394398720,38737481728
2025-05-14 07:28:42,40.495,3.777,0,0,59.90,30555.78,31731.85,12,7301920,7855550,10394398720,38737481728
2025-05-14 07:28:42,40.046,3.788,0,0,49.90,30555.78,31731.85,12,7302121,7855751,10394398720,38737481728
2025-05-14 07:28:42,41.344,3.793,0,0,59.90,30555.78,31731.85,12,7302321,7855951,10394398720,38737481728
2025-05-14 07:28:42,40.073,3.796,0,0,59.90,30555.78,31731.85,12,7302523,7856153,10394398720,38737481728
2025-05-14 07:28:43,40.591,3.799,0,0,59.90,30555.78,31731.85,12,7302724,7856354,10394398720,38737481728
2025-05-14 07:28:43,40.209,3.739,0,0,40.00,30555.78,31731.85,12,7302925,7856555,10394398720,38737481728
2025-05-14 07:28:43,40.419,3.820,0,12288,39.90,30555.78,31731.85,12,7303134,7856767,10394398720,38737494016
2025-05-14 07:28:43,40.309,3.794,0,0,59.90,30555.78,31731.85,12,7303335,7856968,10394398720,38737494016
2025-05-14 07:28:43,40.111,3.752,0,0,59.90,30555.78,31731.85,12,7303536,7857169,10394398720,38737494016
2025-05-14 07:28:44,40.445,3.803,0,0,49.90,30555.78,31731.85,12,7303738,7857371,10394398720,38737494016
2025-05-14 07:28:44,39.973,3.789,0,0,39.90,30555.78,31731.85,12,7303939,7857572,10394398720,38737494016
2025-05-14 07:28:44,40.509,3.821,0,0,49.90,30555.78,31731.85,12,7304140,7857773,10394398720,38737494016
2025-05-14 07:28:44,40.161,3.820,0,0,49.90,30555.78,31731.85,12,7304340,7857973,10394398720,38737494016
2025-05-14 07:28:44,40.540,3.859,0,0,59.90,30555.78,31731.85,12,7304541,7858174,10394398720,38737494016
2025-05-14 07:28:45,42.649,4.011,0,0,49.90,30555.78,31731.85,12,7304742,7858375,10394398720,38737494016
2025-05-14 07:28:45,40.357,3.832,0,0,69.90,30555.78,31731.85,12,7304949,7858587,10394398720,38737514496
2025-05-14 07:28:45,41.416,3.910,0,20480,59.90,30555.78,31731.85,12,7305150,7858788,10394398720,38737514496
2025-05-14 07:28:45,40.185,3.867,0,0,49.90,30555.78,31731.85,12,7305352,7858990,10394398720,38737514496
2025-05-14 07:28:45,40.274,3.856,0,0,49.90,30555.78,31731.85,12,7305553,7859191,10394398720,38737514496
2025-05-14 07:28:46,42.107,3.839,0,0,59.90,30555.78,31731.85,12,7305754,7859392,10394398720,38737514496
2025-05-14 07:28:46,39.770,3.798,0,0,69.90,30555.78,31731.85,12,7305955,7859593,10394398720,38737514496
2025-05-14 07:28:46,41.047,3.828,0,0,69.90,30555.78,31731.85,12,7306156,7859794,10394398720,38737514496
2025-05-14 07:28:46,40.409,3.792,0,0,59.90,30555.78,31731.85,12,7306356,7859994,10394398720,38737514496
2025-05-14 07:28:46,40.773,3.809,0,0,49.90,30555.78,31731.85,12,7306557,7860195,10394398720,38737514496
2025-05-14 07:28:47,40.144,3.779,0,0,49.90,30555.78,31731.85,12,7306759,7860397,10394398720,38737514496
2025-05-14 07:28:47,40.277,3.773,0,0,59.90,30555.78,31731.85,12,7306960,7860598,10394398720,38737514496
2025-05-14 07:28:47,40.650,3.778,0,0,99.80,30555.78,31731.85,12,7307161,7860799,10394398720,38737514496
2025-05-14 07:28:47,40.517,3.845,0,0,59.90,30555.78,31731.85,12,7307362,7861000,10394398720,38737514496
2025-05-14 07:28:47,40.580,3.872,0,0,59.90,30555.78,31731.85,12,7307564,7861202,10394398720,38737514496
2025-05-14 07:28:48,40.422,3.819,0,0,59.90,30555.78,31731.85,12,7307765,7861403,10394398720,38737514496
2025-05-14 07:28:48,40.367,3.824,0,0,49.90,30555.78,31731.85,12,7307966,7861604,10394398720,38737514496
2025-05-14 07:28:48,40.470,3.836,0,12288,49.90,30555.78,31731.85,12,7308176,7861817,10394398720,38737526784
2025-05-14 07:28:48,40.257,3.792,0,0,49.90,30555.78,31731.85,12,7308376,7862017,10394398720,38737526784
2025-05-14 07:28:48,40.384,3.826,0,0,59.90,30555.78,31731.85,12,7308577,7862218,10394398720,38737526784
2025-05-14 07:28:49,40.694,3.823,0,0,59.90,30555.78,31731.85,12,7308778,7862419,10394398720,38737526784
2025-05-14 07:28:49,41.152,3.821,0,0,59.90,30555.78,31731.85,12,7308980,7862621,10394398720,38737526784
2025-05-14 07:28:49,40.463,3.781,0,0,49.90,30555.78,31731.85,12,7309181,7862822,10394398720,38737526784
2025-05-14 07:28:49,40.152,3.787,0,0,59.90,30555.78,31731.85,12,7309382,7863023,10394398720,38737526784
2025-05-14 07:28:49,40.443,3.822,0,0,49.90,30555.78,31731.85,12,7309584,7863225,10394398720,38737526784
2025-05-14 07:28:50,40.809,3.877,0,0,59.90,30555.78,31731.85,12,7309785,7863426,10394398720,38737526784
2025-05-14 07:28:50,40.280,3.826,0,0,49.90,30555.78,31731.85,12,7309986,7863627,10394398720,38737526784
2025-05-14 07:28:50,40.871,3.864,0,0,59.90,30555.78,31731.85,12,7310187,7863828,10394398720,38737526784
2025-05-14 07:28:50,40.583,3.806,0,0,59.90,30555.78,31731.85,12,7310387,7864028,10394398720,38737526784
2025-05-14 07:28:50,39.630,3.931,0,0,59.90,30555.78,31731.85,12,7310591,7864232,10394398720,38737526784
2025-05-14 07:28:51,37.976,3.908,0,0,59.90,30555.78,31731.85,12,7310792,7864433,10394398720,38737526784
2025-05-14 07:28:51,37.689,3.928,0,0,79.80,30555.78,31731.85,12,7310993,7864634,10394398720,38737526784
2025-05-14 07:28:51,38.714,4.018,0,0,49.90,30555.78,31731.85,12,7311194,7864835,10394398720,38737526784
2025-05-14 07:28:51,38.188,3.903,0,0,69.90,30555.78,31731.85,12,7311395,7865036,10394398720,38737526784
2025-05-14 07:28:51,37.220,3.906,0,0,89.90,30555.78,31731.85,12,7311597,7865238,10394398720,38737526784
2025-05-14 07:28:52,36.645,3.880,0,0,79.90,30555.78,31731.85,12,7311798,7865439,10394398720,38737526784
2025-05-14 07:28:52,38.204,3.925,0,0,89.90,30555.78,31731.85,12,7311999,7865640,10394398720,38737526784
2025-05-14 07:28:52,38.255,3.964,0,0,79.90,30555.78,31731.85,12,7312200,7865841,10394398720,38737526784
2025-05-14 07:28:52,37.921,3.886,0,0,69.90,30555.78,31731.85,12,7312400,7866041,10394398720,38737526784
2025-05-14 07:28:52,37.184,3.956,0,0,69.90,30555.78,31731.85,12,7312601,7866242,10394398720,38737526784
2025-05-14 07:28:53,37.366,3.866,0,0,59.90,30555.78,31731.85,12,7312803,7866444,10394398720,38737526784
2025-05-14 07:28:53,37.905,3.911,0,0,99.80,30555.78,31731.85,12,7313004,7866645,10394398720,38737526784
2025-05-14 07:28:53,36.247,3.871,0,0,89.90,30555.78,31731.85,12,7313205,7866846,10394398720,38737526784
2025-05-14 07:28:53,38.418,3.884,0,0,79.90,30555.78,31731.85,12,7313406,7867047,10394398720,38737526784
2025-05-14 07:28:53,36.426,3.874,0,0,79.90,30555.78,31731.85,12,7313607,7867248,10394398720,38737526784
2025-05-14 07:28:54,37.690,3.917,0,0,59.90,30555.78,31731.85,12,7313808,7867449,10394398720,38737526784
2025-05-14 07:28:54,38.619,3.913,0,0,69.90,30555.78,31731.85,12,7314010,7867651,10394398720,38737526784
2025-05-14 07:28:54,36.544,3.920,0,0,79.90,30555.78,31731.85,12,7314211,7867852,10394398720,38737526784
2025-05-14 07:28:54,37.862,3.919,0,0,79.90,30555.78,31731.85,12,7314411,7868052,10394398720,38737526784
2025-05-14 07:28:54,36.994,3.950,0,0,79.90,30555.78,31731.85,12,7314612,7868253,10394398720,38737526784
2025-05-14 07:28:55,37.524,3.939,0,0,59.90,30555.78,31731.85,12,7314813,7868454,10394398720,38737526784
2025-05-14 07:28:55,37.389,3.956,0,0,99.80,30555.78,31731.85,12,7315014,7868655,10394398720,38737526784
2025-05-14 07:28:55,37.117,3.949,0,0,59.90,30555.78,31731.85,12,7315215,7868856,10394398720,38737526784
2025-05-14 07:28:55,38.986,3.945,0,0,79.90,30555.78,31731.85,12,7315416,7869057,10394398720,38737526784
2025-05-14 07:28:55,36.796,3.890,0,0,69.90,30555.78,31731.85,12,7315618,7869259,10394398720,38737526784
2025-05-14 07:28:56,39.145,3.908,0,0,59.90,30555.78,31731.85,12,7315819,7869460,10394398720,38737526784
2025-05-14 07:28:56,37.746,3.979,0,0,69.90,30555.78,31731.85,12,7316020,7869661,10394398720,38737526784
2025-05-14 07:28:56,36.611,3.933,0,0,59.90,30555.78,31731.85,12,7316221,7869862,10394398720,38737526784
2025-05-14 07:28:56,37.189,3.902,0,0,79.90,30555.78,31731.85,12,7316421,7870062,10394398720,38737526784
2025-05-14 07:28:56,36.376,3.884,0,0,69.90,30555.78,31731.85,12,7316622,7870263,10394398720,38737526784
2025-05-14 07:28:57,39.368,3.950,0,0,79.90,30555.78,31731.85,12,7316823,7870464,10394398720,38737526784
2025-05-14 07:28:57,36.489,3.896,0,0,99.80,30555.78,31731.85,12,7317025,7870666,10394398720,38737526784
2025-05-14 07:28:57,36.900,3.863,0,0,99.80,30555.78,31731.85,12,7317226,7870867,10394398720,38737526784
2025-05-14 07:28:57,37.293,3.909,0,0,79.80,30555.78,31731.85,12,7317427,7871068,10394398720,38737526784
2025-05-14 07:28:57,37.271,3.917,0,0,79.90,30555.78,31731.85,12,7317628,7871269,10394398720,38737526784
2025-05-14 07:28:58,38.348,3.923,0,0,99.80,30555.78,31731.85,12,7317829,7871470,10394398720,38737526784
2025-05-14 07:28:58,36.512,3.894,0,0,79.90,30555.78,31731.85,11,7318030,7871671,10394398720,38737526784
2025-05-14 07:28:58,37.317,3.909,0,0,49.90,30555.78,31731.85,11,7318232,7871873,10394398720,38737526784
2025-05-14 07:28:58,40.266,3.810,0,0,49.90,30555.78,31731.85,11,7318432,7872073,10394398720,38737526784
2025-05-14 07:28:58,39.632,3.790,0,0,59.90,30555.78,31731.85,11,7318633,7872274,10394398720,38737526784
2025-05-14 07:28:59,40.713,3.871,0,0,59.90,30555.78,31731.85,11,7318834,7872475,10394398720,38737526784
2025-05-14 07:28:59,39.821,3.790,0,0,49.90,30555.78,31731.85,11,7319035,7872676,10394398720,38737526784
2025-05-14 07:28:59,41.578,3.800,0,0,59.90,30555.78,31731.85,11,7319237,7872878,10394398720,38737526784
2025-05-14 07:28:59,40.669,3.760,0,0,59.90,30555.78,31731.85,11,7319438,7873079,10394398720,38737526784
2025-05-14 07:28:59,39.945,3.761,0,0,59.90,30555.78,31731.85,11,7319639,7873280,10394398720,38737526784
2025-05-14 07:29:00,40.990,3.842,0,0,49.90,30555.78,31731.85,11,7319846,7873487,10394398720,38737526784
2025-05-14 07:29:00,40.242,3.850,0,0,69.90,30555.78,31731.85,11,7320047,7873688,10394398720,38737526784
2025-05-14 07:29:00,41.071,3.826,0,0,59.90,30555.78,31731.85,11,7320248,7873889,10394398720,38737526784
2025-05-14 07:29:00,40.195,3.810,0,0,49.90,30555.78,31731.85,11,7320448,7874089,10394398720,38737526784
2025-05-14 07:29:00,40.768,3.776,0,0,39.90,30555.78,31731.85,11,7320650,7874291,10394398720,38737526784
2025-05-14 07:29:01,40.820,3.825,0,0,49.90,30555.78,31731.85,11,7320851,7874492,10394398720,38737526784
2025-05-14 07:29:01,40.067,3.831,0,0,59.90,30555.78,31731.85,11,7321052,7874693,10394398720,38737526784
2025-05-14 07:29:01,41.944,3.968,0,0,59.90,30555.78,31731.85,11,7321253,7874894,10394398720,38737526784
2025-05-14 07:29:01,40.136,3.841,0,0,49.90,30555.78,31731.85,11,7321455,7875096,10394398720,38737526784
2025-05-14 07:29:01,41.621,3.837,0,0,39.90,30555.78,31731.85,11,7321656,7875297,10394398720,38737526784
2025-05-14 07:29:02,41.874,3.739,0,0,49.90,30555.78,31731.85,11,7321857,7875498,10394398720,38737526784
2025-05-14 07:29:02,40.250,3.770,0,8192,49.90,30555.78,31731.85,12,7322063,7875707,10394398720,38737534976
2025-05-14 07:29:02,39.842,3.746,0,0,59.90,30555.78,31731.85,12,7322264,7875908,10394398720,38737534976
2025-05-14 07:29:02,40.248,3.751,0,0,59.90,30555.78,31731.85,12,7322464,7876108,10394398720,38737534976
2025-05-14 07:29:02,41.105,3.839,0,0,49.90,30555.78,31731.85,12,7322665,7876309,10394398720,38737534976
2025-05-14 07:29:03,40.468,3.749,0,0,59.90,30555.78,31731.85,12,7322867,7876511,10394398720,38737534976
2025-05-14 07:29:03,40.476,3.763,0,0,59.90,30555.78,31731.85,12,7323068,7876712,10394398720,38737534976
2025-05-14 07:29:03,40.121,3.738,0,0,49.90,30555.78,31731.85,12,7323269,7876913,10394398720,38737534976
2025-05-14 07:29:03,40.327,3.732,0,0,49.90,30555.78,31731.85,12,7323470,7877114,10394398720,38737534976
2025-05-14 07:29:03,40.335,3.772,0,0,39.90,30555.78,31731.85,12,7323671,7877316,10394398720,38737534976
2025-05-14 07:29:04,40.702,3.745,0,0,59.90,30555.78,31731.85,12,7323873,7877517,10394398720,38737534976
2025-05-14 07:29:04,41.004,3.799,0,0,59.90,30555.78,31731.85,12,7324074,7877718,10394398720,38737534976
2025-05-14 07:29:04,40.565,3.769,0,0,49.90,30555.78,31731.85,12,7324278,7877922,10394398720,38737534976
2025-05-14 07:29:04,40.430,3.804,0,0,59.90,30555.78,31731.85,12,7324478,7878122,10394398720,38737534976
2025-05-14 07:29:04,40.548,3.809,0,0,69.90,30555.78,31731.85,12,7324679,7878323,10394398720,38737534976
2025-05-14 07:29:05,40.873,3.780,0,0,49.90,30555.78,31731.85,12,7324880,7878524,10394398720,38737534976
2025-05-14 07:29:05,40.729,3.817,0,0,79.90,30555.78,31731.85,12,7325081,7878725,10394398720,38737534976
2025-05-14 07:29:05,40.892,3.859,0,65536,59.90,30555.78,31731.85,12,7325284,7878929,10394398720,38737600512
2025-05-14 07:29:05,42.271,3.988,0,1589248,89.80,30555.78,31739.85,16,7325514,7879184,10394398720,38739648512
2025-05-14 07:29:06,40.758,3.839,0,458752,59.90,30555.78,31739.85,16,7325715,7879385,10394398720,38739648512
2025-05-14 07:29:06,40.179,3.799,0,0,49.90,30555.78,31739.85,16,7325916,7879586,10394398720,38739648512
2025-05-14 07:29:06,40.691,3.796,0,0,59.90,30555.78,31739.85,16,7326117,7879787,10394398720,38739648512
2025-05-14 07:29:06,40.390,3.713,0,0,49.90,30555.78,31739.85,16,7326317,7879987,10394398720,38739648512
2025-05-14 07:29:06,40.654,3.810,0,0,49.90,30555.78,31739.85,16,7326518,7880188,10394398720,38739648512
2025-05-14 07:29:07,40.221,3.797,0,0,69.90,30555.78,31739.85,16,7326719,7880389,10394398720,38739648512
2025-05-14 07:29:07,40.408,3.832,0,0,59.90,30555.78,31739.85,16,7326921,7880591,10394398720,38739648512
2025-05-14 07:29:07,40.647,3.853,0,0,49.90,30555.78,31739.85,16,7327122,7880792,10394398720,38739648512
2025-05-14 07:29:07,40.278,3.831,0,0,39.90,30555.78,31739.85,16,7327323,7880993,10394398720,38739648512
2025-05-14 07:29:07,40.450,3.860,0,0,59.90,30555.78,31739.85,16,7327524,7881194,10394398720,38739648512
2025-05-14 07:29:08,40.301,3.850,0,0,59.90,30555.78,31739.85,16,7327725,7881395,10394398720,38739648512
2025-05-14 07:29:08,41.081,3.864,0,0,59.90,30555.78,31739.85,16,7327926,7881596,10394398720,38739648512
2025-05-14 07:29:08,40.462,3.810,0,0,49.90,30555.78,31739.85,16,7328127,7881797,10394398720,38739648512
2025-05-14 07:29:08,40.561,3.875,0,0,59.90,30555.78,31739.85,16,7328328,7881998,10394398720,38739648512
2025-05-14 07:29:08,40.018,3.843,0,0,59.90,30555.78,31739.85,16,7328528,7882198,10394398720,38739648512
2025-05-14 07:29:09,40.914,3.863,0,0,39.90,30555.78,31739.85,16,7328730,7882400,10394398720,38739648512
2025-05-14 07:29:09,41.365,3.763,0,0,49.90,30555.78,31739.85,16,7328931,7882601,10394398720,38739648512
2025-05-14 07:29:09,40.219,3.803,0,0,39.90,30555.78,31739.85,16,7329132,7882802,10394398720,38739648512
2025-05-14 07:29:09,42.086,3.825,0,0,59.90,30555.78,31739.85,16,7329334,7883004,10394398720,38739648512
2025-05-14 07:29:09,40.207,3.779,0,0,69.90,30555.78,31739.85,16,7329535,7883205,10394398720,38739648512
2025-05-14 07:29:10,40.301,3.785,0,0,49.90,30555.78,31739.85,16,7329736,7883406,10394398720,38739648512
2025-05-14 07:29:10,40.414,3.780,0,0,49.90,30555.78,31739.85,16,7329937,7883607,10394398720,38739648512
2025-05-14 07:29:10,40.180,3.762,0,0,49.90,30555.78,31739.85,16,7330138,7883808,10394398720,38739648512
2025-05-14 07:29:10,40.992,3.857,0,0,59.90,30555.78,31739.85,16,7330339,7884009,10394398720,38739648512
2025-05-14 07:29:10,40.427,3.841,0,0,69.90,30555.78,31739.85,16,7330540,7884210,10394398720,38739648512
2025-05-14 07:29:11,41.170,3.846,0,0,59.90,30555.78,31739.85,16,7330741,7884411,10394398720,38739648512
2025-05-14 07:29:11,38.861,3.873,0,0,59.90,30555.78,31739.85,16,7330942,7884612,10394398720,38739648512
2025-05-14 07:29:11,40.330,3.786,0,0,69.90,30555.78,31739.85,16,7331143,7884813,10394398720,38739648512
2025-05-14 07:29:11,42.446,3.945,0,0,69.90,30555.78,31739.85,16,7331344,7885014,10394398720,38739648512
2025-05-14 07:29:11,40.470,3.729,0,0,59.90,30555.78,31739.85,16,7331545,7885215,10394398720,38739648512
2025-05-14 07:29:12,41.088,3.792,0,0,69.90,30555.78,31739.85,16,7331747,7885417,10394398720,38739648512
2025-05-14 07:29:12,40.225,3.772,0,0,59.90,30555.78,31739.85,16,7331947,7885617,10394398720,38739648512
2025-05-14 07:29:12,40.800,3.792,0,0,49.90,30555.78,31739.85,16,7332148,7885818,10394398720,38739648512
2025-05-14 07:29:12,40.358,3.768,0,0,59.90,30555.78,31739.85,16,7332348,7886018,10394398720,38739648512
2025-05-14 07:29:12,40.189,3.791,0,0,49.90,30555.78,31739.85,16,7332550,7886220,10394398720,38739648512
2025-05-14 07:29:13,40.707,3.794,0,0,49.90,30555.78,31739.85,16,7332751,7886421,10394398720,38739648512
2025-05-14 07:29:13,40.023,3.752,0,0,59.90,30555.78,31739.85,16,7332952,7886622,10394398720,38739648512
2025-05-14 07:29:13,42.138,3.819,0,0,59.90,30555.78,31739.85,16,7333154,7886824,10394398720,38739648512
2025-05-14 07:29:13,40.797,3.771,0,0,49.90,30555.78,31739.85,16,7333355,7887025,10394398720,38739648512
2025-05-14 07:29:13,40.320,3.810,0,0,39.90,30555.78,31739.85,16,7333556,7887226,10394398720,38739648512
2025-05-14 07:29:14,40.827,3.850,0,0,69.90,30555.78,31739.85,16,7333757,7887427,10394398720,38739648512
2025-05-14 07:29:14,39.656,3.787,0,0,59.90,30555.78,31739.85,16,7333958,7887628,10394398720,38739648512
2025-05-14 07:29:14,39.679,4.006,0,0,69.90,30555.78,31739.85,16,7334160,7887830,10394398720,38739648512
2025-05-14 07:29:14,37.295,3.814,0,0,59.90,30555.78,31739.85,16,7334360,7888030,10394398720,38739648512
2025-05-14 07:29:14,38.032,3.846,0,0,59.90,30555.78,31739.85,16,7334561,7888231,10394398720,38739648512
2025-05-14 07:29:15,39.405,3.844,0,0,59.90,30555.78,31739.85,16,7334762,7888432,10394398720,38739648512
2025-05-14 07:29:15,37.792,3.736,0,0,39.90,30555.78,31739.85,16,7334963,7888633,10394398720,38739648512
2025-05-14 07:29:15,38.342,3.831,0,0,59.90,30555.78,31739.85,16,7335164,7888834,10394398720,38739648512
2025-05-14 07:29:15,38.165,3.793,0,0,59.90,30555.78,31739.85,16,7335366,7889036,10394398720,38739648512
2025-05-14 07:29:15,38.029,3.847,0,0,49.90,30555.77,31731.85,11,7335567,7889237,10394398720,38739648512
2025-05-14 07:29:16,38.662,3.881,0,0,69.90,30555.77,31731.85,11,7335768,7889438,10394398720,38739648512
2025-05-14 07:29:16,37.933,3.832,0,0,59.90,30555.77,31731.85,11,7335969,7889639,10394398720,38739648512
2025-05-14 07:29:16,38.954,3.856,0,0,59.90,30555.77,31731.85,11,7336170,7889840,10394398720,38739648512
2025-05-14 07:29:16,38.249,3.819,0,0,49.90,30555.77,31731.85,11,7336370,7890040,10394398720,38739648512
2025-05-14 07:29:16,38.475,3.857,0,0,59.90,30555.77,31731.85,11,7336571,7890242,10394398720,38739648512
2025-05-14 07:29:17,38.233,3.776,0,0,69.90,30555.77,31731.85,11,7336773,7890443,10394398720,38739648512
2025-05-14 07:29:17,37.814,3.810,0,0,69.90,30555.77,31731.85,11,7336974,7890644,10394398720,38739648512
2025-05-14 07:29:17,38.884,3.861,0,0,39.90,30555.77,31731.85,11,7337175,7890845,10394398720,38739648512
2025-05-14 07:29:17,38.419,3.849,0,0,49.90,30555.77,31731.85,11,7337376,7891046,10394398720,38739648512
2025-05-14 07:29:17,38.631,3.895,0,0,59.90,30555.77,31731.85,11,7337577,7891247,10394398720,38739648512
2025-05-14 07:29:18,37.972,3.868,0,0,49.90,30555.77,31731.85,11,7337778,7891448,10394398720,38739648512
2025-05-14 07:29:18,38.181,3.901,0,0,59.90,30555.77,31731.85,11,7337979,7891650,10394398720,38739648512
2025-05-14 07:29:18,38.110,3.868,0,0,59.90,30555.77,31731.85,11,7338181,7891851,10394398720,38739648512
2025-05-14 07:29:18,39.101,3.855,0,0,59.90,30555.77,31731.85,11,7338381,7892051,10394398720,38739648512
2025-05-14 07:29:18,38.200,3.833,0,0,59.90,30555.77,31731.85,11,7338582,7892252,10394398720,38739648512
2025-05-14 07:29:19,37.796,3.829,0,0,59.90,30555.77,31731.85,11,7338783,7892453,10394398720,38739648512
2025-05-14 07:29:19,39.567,3.822,0,0,59.90,30555.77,31731.85,11,7338984,7892654,10394398720,38739648512
2025-05-14 07:29:19,38.057,3.853,0,0,79.80,30555.77,31731.85,11,7339185,7892855,10394398720,38739648512
2025-05-14 07:29:19,37.542,3.823,0,0,59.90,30555.77,31731.85,11,7339387,7893057,10394398720,38739648512
2025-05-14 07:29:19,37.918,3.888,0,0,49.90,30555.77,31731.85,11,7339589,7893259,10394398720,38739648512
2025-05-14 07:29:20,37.823,3.902,0,0,59.90,30555.77,31731.85,11,7339790,7893460,10394398720,38739648512
2025-05-14 07:29:20,38.557,3.901,0,0,49.90,30555.77,31731.85,11,7339991,7893661,10394398720,38739648512
2025-05-14 07:29:20,38.407,3.862,0,0,59.90,30555.77,31731.85,11,7340195,7893865,10394398720,38739648512
2025-05-14 07:29:20,38.330,3.866,0,0,69.90,30555.77,31731.85,11,7340395,7894065,10394398720,38739648512
2025-05-14 07:29:20,37.238,3.848,0,0,89.90,30555.77,31731.85,11,7340596,7894266,10394398720,38739648512
2025-05-14 07:29:21,36.932,3.868,0,0,59.90,30555.77,31731.85,11,7340797,7894467,10394398720,38739648512
2025-05-14 07:29:21,38.679,3.852,0,0,79.90,30555.77,31731.85,11,7340998,7894668,10394398720,38739648512
2025-05-14 07:29:21,37.161,3.897,0,0,79.90,30555.77,31731.85,11,7341200,7894870,10394398720,38739648512
2025-05-14 07:29:21,38.561,4.040,0,0,59.90,30555.77,31731.85,11,7341401,7895071,10394398720,38739648512
2025-05-14 07:29:21,38.749,3.976,0,0,69.90,30555.77,31731.85,11,7341602,7895272,10394398720,38739648512
2025-05-14 07:29:22,37.224,3.877,0,0,69.90,30555.77,31731.85,11,7341803,7895473,10394398720,38739648512
2025-05-14 07:29:22,39.421,3.898,0,0,49.90,30555.77,31731.85,11,7342005,7895675,10394398720,38739648512
2025-05-14 07:29:22,38.459,3.870,0,0,69.90,30555.77,31731.85,11,7342206,7895876,10394398720,38739648512
2025-05-14 07:29:22,38.631,3.911,0,0,59.90,30555.77,31731.85,11,7342406,7896076,10394398720,38739648512
2025-05-14 07:29:22,38.216,3.910,0,0,59.90,30555.77,31731.85,11,7342607,7896277,10394398720,38739648512
2025-05-14 07:29:23,37.620,3.878,0,0,69.90,30555.77,31731.85,11,7342808,7896478,10394398720,38739648512
2025-05-14 07:29:23,38.125,3.932,0,0,49.90,30555.77,31731.85,11,7343009,7896679,10394398720,38739648512
2025-05-14 07:29:23,37.659,3.921,0,0,79.90,30555.77,31731.85,11,7343210,7896880,10394398720,38739648512
2025-05-14 07:29:23,37.887,3.902,0,0,59.90,30555.77,31731.85,11,7343411,7897081,10394398720,38739648512
2025-05-14 07:29:23,37.952,3.924,0,0,69.90,30555.77,31731.85,11,7343613,7897283,10394398720,38739648512
2025-05-14 07:29:24,37.412,3.920,0,0,60.00,30555.77,31731.85,11,7343814,7897484,10394398720,38739648512
2025-05-14 07:29:24,38.606,3.939,0,0,69.90,30555.77,31731.85,11,7344015,7897685,10394398720,38739648512
2025-05-14 07:29:24,37.009,3.881,0,0,69.90,30555.77,31731.85,11,7344216,7897886,10394398720,38739648512
2025-05-14 07:29:24,38.176,3.870,0,0,59.90,30555.77,31731.85,11,7344416,7898086,10394398720,38739648512
2025-05-14 07:29:24,37.514,3.888,0,0,59.90,30555.77,31731.85,11,7344618,7898288,10394398720,38739648512
2025-05-14 07:29:25,38.118,3.884,0,0,49.90,30555.77,31731.85,11,7344819,7898489,10394398720,38739648512
2025-05-14 07:29:25,38.919,3.870,0,0,79.90,30555.77,31731.85,11,7345020,7898690,10394398720,38739648512
2025-05-14 07:29:25,37.470,3.877,0,0,49.90,30555.77,31731.85,11,7345221,7898891,10394398720,38739648512
2025-05-14 07:29:25,39.859,3.825,0,0,49.90,30555.77,31731.85,11,7345422,7899092,10394398720,38739648512
2025-05-14 07:29:25,37.691,3.834,0,0,59.90,30555.77,31731.85,11,7345623,7899293,10394398720,38739648512
2025-05-14 07:29:26,39.264,3.930,0,0,59.90,30555.77,31731.85,11,7345825,7899495,10394398720,38739648512
2025-05-14 07:29:26,37.889,3.856,0,0,69.90,30555.77,31731.85,11,7346026,7899696,10394398720,38739648512
2025-05-14 07:29:26,37.438,3.872,0,0,59.90,30555.77,31731.85,11,7346227,7899897,10394398720,38739648512
2025-05-14 07:29:26,38.549,3.938,0,0,59.90,30555.77,31731.85,11,7346427,7900097,10394398720,38739648512
2025-05-14 07:29:26,38.234,3.891,0,0,59.90,30555.77,31731.85,11,7346628,7900298,10394398720,38739648512
2025-05-14 07:29:27,38.983,3.874,0,0,39.90,30555.77,31731.85,11,7346830,7900500,10394398720,38739648512
2025-05-14 07:29:27,38.216,3.891,0,0,59.90,30555.77,31731.85,11,7347031,7900701,10394398720,38739648512
2025-05-14 07:29:27,38.468,3.889,0,0,99.80,30555.77,31731.85,11,7347232,7900902,10394398720,38739648512
2025-05-14 07:29:27,39.028,3.962,0,0,69.90,30555.77,31731.85,11,7347433,7901103,10394398720,38739648512
2025-05-14 07:29:27,38.782,3.891,0,0,49.90,30555.77,31731.85,11,7347634,7901304,10394398720,38739648512
2025-05-14 07:29:28,38.721,3.927,0,0,49.90,30555.77,31731.85,11,7347835,7901505,10394398720,38739648512
2025-05-14 07:29:28,38.360,3.877,0,0,69.90,30555.77,31731.85,11,7348036,7901706,10394398720,38739648512
2025-05-14 07:29:28,38.603,3.932,0,0,59.90,30555.77,31731.85,11,7348238,7901908,10394398720,38739648512
2025-05-14 07:29:28,38.327,3.892,0,0,50.00,30555.77,31731.85,11,7348438,7902108,10394398720,38739648512
2025-05-14 07:29:28,38.042,3.916,0,0,59.90,30555.77,31731.85,11,7348639,7902309,10394398720,38739648512
2025-05-14 07:29:29,38.435,3.901,0,0,59.90,30555.77,31731.85,11,7348840,7902510,10394398720,38739648512
2025-05-14 07:29:29,37.885,3.879,0,0,59.90,30555.77,31731.85,11,7349041,7902711,10394398720,38739648512
2025-05-14 07:29:29,38.288,3.857,0,0,49.90,30555.77,31731.85,11,7349242,7902912,10394398720,38739648512
2025-05-14 07:29:29,38.286,3.829,0,0,49.90,30555.77,31731.85,13,7349457,7903135,10394398720,38739681280
2025-05-14 07:29:29,38.552,3.857,0,32768,49.90,30555.77,31731.85,13,7349658,7903336,10394398720,38739681280
2025-05-14 07:29:30,39.041,3.892,0,0,59.90,30555.77,31731.85,13,7349859,7903537,10394398720,38739681280
2025-05-14 07:29:30,38.058,3.845,0,0,59.90,30555.77,31731.85,13,7350060,7903738,10394398720,38739681280
2025-05-14 07:29:30,38.361,3.900,0,0,39.90,30555.77,31731.85,13,7350261,7903939,10394398720,38739681280
2025-05-14 07:29:30,38.962,3.936,0,0,59.90,30555.77,31731.85,13,7350464,7904142,10394398720,38739681280
2025-05-14 07:29:30,38.744,3.895,0,0,69.90,30555.77,31731.85,13,7350664,7904342,10394398720,38739681280
2025-05-14 07:29:31,38.234,3.956,0,0,49.90,30555.77,31731.85,13,7350865,7904543,10394398720,38739681280
2025-05-14 07:29:31,38.029,3.911,0,0,69.90,30555.77,31731.85,13,7351066,7904744,10394398720,38739681280
2025-05-14 07:29:31,38.241,3.858,0,0,39.90,30555.77,31731.85,13,7351267,7904945,10394398720,38739681280
2025-05-14 07:29:31,38.342,3.926,0,0,59.90,30555.77,31731.85,13,7351468,7905146,10394398720,38739681280
2025-05-14 07:29:31,38.434,3.936,0,0,59.90,30555.77,31731.85,13,7351669,7905347,10394398720,38739681280
2025-05-14 07:29:32,38.510,3.846,0,0,59.90,30555.77,31731.85,13,7351870,7905548,10394398720,38739681280
2025-05-14 07:29:32,37.989,3.850,0,0,59.90,30555.77,31731.85,13,7352071,7905749,10394398720,38739681280
2025-05-14 07:29:32,38.876,3.939,0,0,59.90,30555.77,31731.85,13,7352272,7905950,10394398720,38739681280
2025-05-14 07:29:32,38.441,3.909,0,0,49.90,30555.77,31731.85,13,7352476,7906157,10394398720,38739693568
2025-05-14 07:29:32,38.029,3.866,0,12288,69.90,30555.77,31731.85,13,7352678,7906359,10394398720,38739693568
2025-05-14 07:29:33,37.829,3.853,0,0,59.90,30555.77,31731.85,13,7352879,7906560,10394398720,38739693568
2025-05-14 07:29:33,38.126,3.836,0,0,49.90,30555.77,31731.85,13,7353080,7906761,10394398720,38739693568
2025-05-14 07:29:33,39.106,3.908,0,0,69.90,30555.77,31731.85,13,7353281,7906962,10394398720,38739693568
2025-05-14 07:29:33,38.129,3.820,0,0,59.90,30555.77,31731.85,13,7353482,7907163,10394398720,38739693568
2025-05-14 07:29:33,38.671,3.886,0,0,59.90,30555.77,31731.85,13,7353683,7907364,10394398720,38739693568
2025-05-14 07:29:34,38.137,3.899,0,0,49.90,30555.77,31731.85,13,7353884,7907565,10394398720,38739693568
2025-05-14 07:29:34,38.189,3.908,0,0,59.90,30555.77,31731.85,13,7354086,7907767,10394398720,38739693568
2025-05-14 07:29:34,38.306,3.868,0,16384,69.90,30555.77,31731.85,13,7354295,7907979,10394398720,38739709952
2025-05-14 07:29:34,37.743,3.841,0,0,59.90,30555.77,31731.85,13,7354495,7908179,10394398720,38739709952
2025-05-14 07:29:34,39.350,3.887,0,0,59.90,30555.77,31731.85,13,7354696,7908380,10394398720,38739709952
2025-05-14 07:29:35,38.075,3.837,0,0,49.90,30555.77,31731.85,13,7354897,7908581,10394398720,38739709952
2025-05-14 07:29:35,37.827,3.925,0,0,79.90,30555.77,31731.85,13,7355097,7908781,10394398720,38739709952
2025-05-14 07:29:35,38.213,3.909,0,0,69.90,30555.77,31731.85,13,7355298,7908982,10394398720,38739709952
2025-05-14 07:29:35,39.913,4.083,0,0,129.80,30555.77,31731.85,14,7355520,7909213,10394398720,38740766720
2025-05-14 07:29:35,40.606,4.021,0,1187840,69.90,30555.77,31731.85,14,7355724,7909418,10394398720,38740897792
2025-05-14 07:29:36,37.815,3.888,0,0,69.90,30555.77,31731.85,14,7355925,7909619,10394398720,38740897792
2025-05-14 07:29:36,38.873,3.928,0,0,49.90,30555.77,31731.85,14,7356126,7909820,10394398720,38740897792
2025-05-14 07:29:36,38.546,3.907,0,0,49.90,30555.77,31731.85,14,7356327,7910021,10394398720,38740897792
2025-05-14 07:29:36,37.754,3.899,0,0,59.90,30555.77,31731.85,14,7356527,7910221,10394398720,38740897792
2025-05-14 07:29:36,37.673,3.889,0,0,69.90,30555.77,31731.85,14,7356729,7910423,10394398720,38740897792
2025-05-14 07:29:37,38.013,3.855,0,0,49.90,30555.77,31731.85,14,7356930,7910624,10394398720,38740897792
2025-05-14 07:29:37,39.655,3.847,0,0,79.80,30555.77,31731.85,14,7357131,7910825,10394398720,38740897792
2025-05-14 07:29:37,40.268,3.822,0,0,89.90,30555.77,31731.85,14,7357332,7911026,10394398720,38740897792
2025-05-14 07:29:37,40.718,3.837,0,0,59.90,30555.77,31731.85,14,7357533,7911227,10394398720,38740897792
2025-05-14 07:29:37,40.452,3.811,0,0,69.90,30555.77,31731.85,14,7357735,7911429,10394398720,38740897792
2025-05-14 07:29:38,40.205,3.763,0,0,49.90,30555.77,31731.85,14,7357936,7911630,10394398720,38740897792
2025-05-14 07:29:38,40.598,3.830,0,0,49.90,30555.77,31731.85,14,7358137,7911831,10394398720,38740897792
2025-05-14 07:29:38,40.126,3.795,0,0,49.90,30555.77,31731.85,14,7358338,7912032,10394398720,38740897792
2025-05-14 07:29:38,40.808,3.816,0,0,49.90,30555.77,31731.85,14,7358538,7912232,10394398720,38740897792
2025-05-14 07:29:38,40.242,3.827,0,0,59.90,30555.77,31731.85,14,7358740,7912434,10394398720,38740897792
2025-05-14 07:29:39,40.668,3.803,0,0,59.90,30555.77,31731.85,14,7358941,7912635,10394398720,38740897792
2025-05-14 07:29:39,40.520,3.765,0,0,59.90,30555.77,31731.85,14,7359142,7912836,10394398720,38740897792
2025-05-14 07:29:39,40.480,3.776,0,4096,59.90,30555.77,31731.85,14,7359346,7913041,10394398720,38740901888
2025-05-14 07:29:39,41.512,3.790,0,0,69.90,30555.77,31731.85,14,7359547,7913242,10394398720,38740901888
2025-05-14 07:29:40,39.988,3.750,0,0,69.90,30555.77,31731.85,14,7359751,7913446,10394398720,38740901888
2025-05-14 07:29:40,40.991,3.765,0,0,59.90,30555.77,31731.85,14,7359953,7913648,10394398720,38740901888
2025-05-14 07:29:40,40.598,3.777,0,0,69.90,30555.77,31731.85,14,7360154,7913849,10394398720,38740901888
2025-05-14 07:29:40,40.511,3.743,0,0,49.90,30555.77,31731.85,14,7360354,7914049,10394398720,38740901888
2025-05-14 07:29:40,41.012,3.777,0,0,39.90,30555.77,31731.85,14,7360559,7914254,10394398720,38740901888
2025-05-14 07:29:41,40.459,3.792,0,0,49.90,30555.77,31731.85,14,7360760,7914455,10394398720,38740901888
2025-05-14 07:29:41,41.305,3.784,0,0,49.90,30555.77,31731.85,14,7360961,7914656,10394398720,38740901888
2025-05-14 07:29:41,40.285,3.850,0,0,59.90,30555.77,31731.85,14,7361163,7914858,10394398720,38740901888
2025-05-14 07:29:41,40.447,3.815,0,0,49.90,30555.77,31731.85,14,7361364,7915059,10394398720,38740901888
2025-05-14 07:29:41,40.429,3.846,0,0,49.90,30555.77,31731.85,14,7361565,7915260,10394398720,38740901888
2025-05-14 07:29:42,40.562,3.877,0,0,59.90,30555.77,31731.85,14,7361766,7915461,10394398720,38740901888
2025-05-14 07:29:42,40.534,3.825,0,0,59.90,30555.77,31731.85,14,7361967,7915662,10394398720,38740901888
2025-05-14 07:29:42,40.435,3.848,0,0,49.90,30555.77,31731.85,14,7362169,7915864,10394398720,38740901888
2025-05-14 07:29:42,41.023,3.787,0,12288,39.90,30555.77,31731.85,14,7362373,7916069,10394398720,38740914176
2025-05-14 07:29:42,40.342,3.799,0,0,39.90,30555.77,31731.85,14,7362574,7916270,10394398720,38740914176
2025-05-14 07:29:43,40.431,3.809,0,0,59.90,30555.77,31731.85,14,7362774,7916470,10394398720,38740914176
2025-05-14 07:29:43,40.418,3.870,0,0,49.90,30555.77,31731.85,14,7362975,7916671,10394398720,38740914176
2025-05-14 07:29:43,40.204,3.758,0,0,79.90,30555.77,31731.85,14,7363176,7916872,10394398720,38740914176
2025-05-14 07:29:43,40.710,3.815,0,0,59.90,30555.77,31731.85,14,7363377,7917073,10394398720,38740914176
2025-05-14 07:29:43,40.383,3.755,0,0,59.90,30555.77,31731.85,14,7363579,7917275,10394398720,38740914176
2025-05-14 07:29:44,40.557,3.805,0,0,59.90,30555.77,31731.85,14,7363780,7917476,10394398720,38740914176
2025-05-14 07:29:44,40.169,3.854,0,0,59.90,30555.77,31731.85,14,7363981,7917677,10394398720,38740914176
2025-05-14 07:29:44,40.482,3.797,0,0,49.90,30555.77,31731.85,14,7364182,7917878,10394398720,38740914176
2025-05-14 07:29:44,41.129,3.823,0,0,69.90,30555.77,31731.85,14,7364390,7918089,10394398720,38740926464
2025-05-14 07:29:44,40.456,3.816,0,12288,59.90,30555.77,31731.85,14,7364592,7918291,10394398720,38740926464
2025-05-14 07:29:45,40.915,3.820,0,0,59.90,30555.77,31731.85,14,7364793,7918492,10394398720,38740926464
2025-05-14 07:29:45,40.069,3.818,0,0,59.90,30555.77,31731.85,14,7364994,7918693,10394398720,38740926464
2025-05-14 07:29:45,40.868,3.836,0,0,69.90,30555.77,31731.85,14,7365195,7918894,10394398720,38740926464
2025-05-14 07:29:45,40.465,3.822,0,0,49.90,30555.77,31731.85,14,7365396,7919095,10394398720,38740926464
2025-05-14 07:29:45,40.454,3.771,0,0,39.90,30555.77,31731.85,14,7365598,7919297,10394398720,38740926464
2025-05-14 07:29:46,40.146,3.814,0,0,69.90,30555.77,31731.85,14,7365799,7919498,10394398720,38740926464
2025-05-14 07:29:46,40.566,3.820,0,0,59.90,30555.77,31731.85,14,7366000,7919699,10394398720,38740926464
2025-05-14 07:29:46,40.140,3.796,0,0,59.90,30555.77,31731.85,14,7366201,7919900,10394398720,38740926464
2025-05-14 07:29:46,40.510,3.776,0,0,49.90,30555.77,31731.85,14,7366401,7920100,10394398720,38740926464
2025-05-14 07:29:46,40.793,3.783,0,0,59.90,30555.77,31731.85,14,7366603,7920302,10394398720,38740926464
2025-05-14 07:29:47,40.176,3.787,0,0,69.90,30555.77,31731.85,14,7366804,7920503,10394398720,38740926464
2025-05-14 07:29:47,40.299,3.805,0,0,59.90,30555.77,31731.85,14,7367005,7920704,10394398720,38740926464
2025-05-14 07:29:47,41.918,3.860,0,0,59.90,30555.77,31731.85,14,7367206,7920905,10394398720,38740926464
2025-05-14 07:29:47,40.676,3.795,0,0,79.90,30555.77,31731.85,14,7367407,7921106,10394398720,38740926464
2025-05-14 07:29:47,40.544,3.831,0,0,69.90,30555.77,31731.85,14,7367608,7921307,10394398720,38740926464
2025-05-14 07:29:48,40.353,3.801,0,0,59.90,30555.77,31731.85,14,7367809,7921508,10394398720,38740926464
2025-05-14 07:29:48,40.382,3.844,0,0,59.90,30555.77,31731.85,14,7368010,7921709,10394398720,38740926464
2025-05-14 07:29:48,41.667,3.777,0,0,59.90,30555.77,31731.85,14,7368212,7921911,10394398720,38740926464
2025-05-14 07:29:48,40.425,3.785,0,0,49.90,30555.77,31731.85,14,7368412,7922111,10394398720,38740926464
2025-05-14 07:29:48,39.982,3.821,0,0,49.90,30555.77,31731.85,14,7368613,7922312,10394398720,38740926464
2025-05-14 07:29:49,40.202,3.799,0,0,59.90,30555.77,31731.85,14,7368814,7922513,10394398720,38740926464
2025-05-14 07:29:49,40.073,3.846,0,0,59.90,30555.77,31731.85,14,7369015,7922714,10394398720,38740926464
2025-05-14 07:29:49,40.410,3.803,0,0,59.90,30555.77,31731.85,14,7369216,7922915,10394398720,38740926464
2025-05-14 07:29:49,39.975,3.790,0,0,49.90,30555.77,31731.85,14,7369418,7923117,10394398720,38740926464
2025-05-14 07:29:49,40.830,3.819,0,0,59.90,30555.77,31731.85,14,7369619,7923318,10394398720,38740926464
2025-05-14 07:29:50,40.489,3.786,0,0,59.90,30555.77,31731.85,14,7369820,7923519,10394398720,38740926464
2025-05-14 07:29:50,40.550,3.824,0,0,49.90,30555.77,31731.85,14,7370021,7923720,10394398720,38740926464
2025-05-14 07:29:50,40.311,3.770,0,0,50.00,30555.77,31731.85,14,7370222,7923921,10394398720,38740926464
2025-05-14 07:29:50,40.138,3.781,0,0,59.90,30555.77,31731.85,14,7370422,7924121,10394398720,38740926464
2025-05-14 07:29:50,40.846,3.823,0,0,59.90,30555.77,31731.85,14,7370627,7924326,10394398720,38740926464
2025-05-14 07:29:51,40.186,3.827,0,0,49.90,30555.77,31731.85,14,7370828,7924527,10394398720,38740926464
2025-05-14 07:29:51,40.548,3.807,0,0,49.90,30555.77,31731.85,14,7371029,7924728,10394398720,38740926464
2025-05-14 07:29:51,40.296,3.827,0,0,59.90,30555.77,31731.85,14,7371230,7924929,10394398720,38740926464
2025-05-14 07:29:51,41.293,3.900,0,0,59.90,30555.77,31731.85,14,7371431,7925130,10394398720,38740926464
2025-05-14 07:29:51,40.668,3.831,0,0,49.90,30555.77,31731.85,14,7371632,7925331,10394398720,38740926464
2025-05-14 07:29:52,40.525,3.890,0,0,49.90,30555.77,31731.85,14,7371834,7925533,10394398720,38740926464
2025-05-14 07:29:52,40.896,3.810,0,0,59.90,30555.77,31731.85,14,7372035,7925734,10394398720,38740926464
2025-05-14 07:29:52,39.714,3.870,0,0,59.90,30555.77,31731.85,14,7372236,7925935,10394398720,38740926464
2025-05-14 07:29:52,40.932,3.878,0,0,49.90,30555.77,31731.85,14,7372436,7926135,10394398720,38740926464
2025-05-14 07:29:52,40.253,3.755,0,0,49.90,30555.77,31731.85,14,7372638,7926337,10394398720,38740926464
2025-05-14 07:29:53,40.536,3.800,0,0,59.90,30555.77,31731.85,14,7372839,7926538,10394398720,38740926464
2025-05-14 07:29:53,41.112,3.875,0,0,59.90,30555.77,31731.85,14,7373040,7926739,10394398720,38740926464
2025-05-14 07:29:53,40.247,3.801,0,0,49.90,30555.77,31731.85,14,7373241,7926940,10394398720,38740926464
2025-05-14 07:29:53,40.789,3.799,0,0,49.90,30555.77,31731.85,14,7373442,7927141,10394398720,38740926464
2025-05-14 07:29:53,40.209,3.788,0,0,59.90,30555.77,31731.85,14,7373644,7927343,10394398720,38740926464
2025-05-14 07:29:54,41.336,3.800,0,0,59.90,30555.77,31731.85,14,7373845,7927544,10394398720,38740926464
2025-05-14 07:29:54,40.549,3.828,0,0,59.90,30555.77,31731.85,14,7374046,7927745,10394398720,38740926464
2025-05-14 07:29:54,39.901,3.781,0,0,59.90,30555.77,31731.85,14,7374247,7927946,10394398720,38740926464
2025-05-14 07:29:54,40.887,3.787,0,0,49.90,30555.77,31731.85,11,7374447,7928146,10394398720,38740926464
2025-05-14 07:29:54,40.067,3.746,0,0,39.90,30555.77,31731.85,11,7374648,7928347,10394398720,38740926464
2025-05-14 07:29:55,40.791,3.769,0,0,49.90,30555.77,31731.85,11,7374850,7928549,10394398720,38740926464
2025-05-14 07:29:55,40.332,3.804,0,0,59.90,30555.77,31731.85,11,7375051,7928750,10394398720,38740926464
2025-05-14 07:29:55,40.640,3.845,0,0,59.90,30555.77,31731.85,11,7375251,7928950,10394398720,38740926464
2025-05-14 07:29:55,40.646,3.901,0,0,49.90,30555.77,31731.85,11,7375452,7929151,10394398720,38740926464
2025-05-14 07:29:55,40.415,3.811,0,0,59.90,30555.77,31731.85,11,7375654,7929353,10394398720,38740926464
2025-05-14 07:29:56,40.107,3.855,0,0,69.90,30555.77,31731.85,11,7375855,7929554,10394398720,38740926464
2025-05-14 07:29:56,37.911,3.907,0,0,59.90,30555.77,31731.85,11,7376056,7929755,10394398720,38740926464
2025-05-14 07:29:56,39.527,3.852,0,0,69.90,30555.77,31731.85,11,7376257,7929956,10394398720,38740926464
2025-05-14 07:29:56,38.437,3.828,0,0,69.90,30555.77,31731.85,11,7376457,7930156,10394398720,38740926464
2025-05-14 07:29:56,37.365,3.872,0,0,49.90,30555.77,31731.85,11,7376659,7930358,10394398720,38740926464
2025-05-14 07:29:57,39.057,3.873,0,0,59.90,30555.77,31731.85,11,7376860,7930559,10394398720,38740926464
2025-05-14 07:29:57,37.837,3.868,0,0,59.90,30555.77,31731.85,11,7377061,7930760,10394398720,38740926464
2025-05-14 07:29:57,38.743,3.947,0,0,69.90,30555.77,31731.85,11,7377262,7930961,10394398720,38740926464
2025-05-14 07:29:57,38.520,3.871,0,0,49.90,30555.77,31731.85,11,7377463,7931162,10394398720,38740926464
2025-05-14 07:29:57,38.031,3.910,0,0,59.90,30555.77,31731.85,11,7377664,7931363,10394398720,38740926464
2025-05-14 07:29:58,38.188,3.862,0,0,69.90,30555.77,31731.85,11,7377868,7931567,10394398720,38740926464
2025-05-14 07:29:58,37.967,3.883,0,0,59.90,30555.77,31731.85,11,7378070,7931769,10394398720,38740926464
2025-05-14 07:29:58,38.277,3.899,0,0,69.90,30555.77,31731.85,11,7378271,7931970,10394398720,38740926464
2025-05-14 07:29:58,37.826,3.870,0,0,69.90,30555.77,31731.85,11,7378471,7932170,10394398720,38740926464
2025-05-14 07:29:58,37.378,3.806,0,0,49.90,30555.77,31731.85,11,7378672,7932371,10394398720,38740926464
2025-05-14 07:29:59,37.816,3.856,0,0,79.90,30555.77,31731.85,11,7378873,7932572,10394398720,38740926464
2025-05-14 07:29:59,37.520,3.867,0,0,49.90,30555.77,31731.85,11,7379075,7932774,10394398720,38740926464
2025-05-14 07:29:59,38.787,3.877,0,0,59.90,30555.77,31731.85,11,7379276,7932975,10394398720,38740926464
2025-05-14 07:29:59,37.806,3.854,0,0,59.90,30555.77,31731.85,11,7379477,7933176,10394398720,38740926464
2025-05-14 07:29:59,38.453,3.865,0,0,69.90,30555.77,31731.85,11,7379678,7933377,10394398720,38740926464
2025-05-14 07:30:00,38.137,3.855,0,0,69.90,30555.77,31731.85,11,7379886,7933585,10394398720,38740926464
2025-05-14 07:30:00,39.374,3.917,0,0,59.90,30555.77,31731.85,11,7380087,7933786,10394398720,38740926464
2025-05-14 07:30:00,38.787,3.909,0,0,49.90,30555.77,31731.85,11,7380288,7933988,10394398720,38740926464
2025-05-14 07:30:00,39.489,3.880,0,0,49.90,30555.77,31731.85,11,7380489,7934188,10394398720,38740926464
2025-05-14 07:30:00,43.425,3.959,0,0,49.90,30555.77,31731.85,11,7380690,7934389,10394398720,38740926464
2025-05-14 07:30:01,41.753,4.033,0,0,49.90,30555.77,31731.85,11,7380891,7934590,10394398720,38740926464
2025-05-14 07:30:01,38.888,3.915,0,0,49.90,30555.77,31731.85,11,7381092,7934791,10394398720,38740926464
2025-05-14 07:30:01,38.373,3.861,0,0,59.90,30555.77,31731.85,11,7381293,7934992,10394398720,38740926464
2025-05-14 07:30:01,38.926,3.926,0,0,59.90,30555.77,31731.85,11,7381494,7935193,10394398720,38740926464
2025-05-14 07:30:01,38.528,3.927,0,0,59.90,30555.77,31731.85,11,7381695,7935394,10394398720,38740926464
2025-05-14 07:30:02,39.159,4.048,0,0,69.90,30555.77,31731.85,11,7381897,7935596,10394398720,38740926464
2025-05-14 07:30:02,39.425,3.929,0,0,59.90,30555.77,31731.85,12,7382104,7935805,10394398720,38740934656
2025-05-14 07:30:02,38.248,3.888,0,8192,59.90,30555.77,31731.85,12,7382305,7936006,10394398720,38740934656
2025-05-14 07:30:02,38.469,3.851,0,0,49.90,30555.77,31731.85,12,7382506,7936207,10394398720,38740934656
2025-05-14 07:30:02,38.497,3.876,0,0,59.90,30555.77,31731.85,12,7382707,7936408,10394398720,38740934656
2025-05-14 07:30:03,38.424,3.924,0,0,59.90,30555.77,31731.85,12,7382909,7936610,10394398720,38740934656
2025-05-14 07:30:03,39.573,3.965,0,0,59.90,30555.77,31731.85,12,7383109,7936810,10394398720,38740934656
2025-05-14 07:30:03,37.749,3.870,0,0,69.90,30555.77,31731.85,12,7383311,7937012,10394398720,38740934656
2025-05-14 07:30:03,37.986,3.867,0,0,59.90,30555.77,31731.85,12,7383512,7937213,10394398720,38740934656
2025-05-14 07:30:03,38.700,3.854,0,0,49.90,30555.77,31731.85,12,7383713,7937414,10394398720,38740934656
2025-05-14 07:30:04,38.353,3.894,0,0,59.90,30555.77,31731.85,12,7383914,7937615,10394398720,38740934656
2025-05-14 07:30:04,40.250,3.878,0,0,59.90,30555.77,31731.85,12,7384115,7937816,10394398720,38740934656
2025-05-14 07:30:04,37.958,3.808,0,0,59.90,30555.77,31731.85,12,7384316,7938017,10394398720,38740934656
2025-05-14 07:30:04,38.436,3.835,0,0,49.90,30555.77,31731.85,12,7384517,7938218,10394398720,38740934656
2025-05-14 07:30:04,38.850,3.833,0,0,59.90,30555.77,31731.85,12,7384718,7938419,10394398720,38740934656
2025-05-14 07:30:05,38.274,3.893,0,0,59.90,30555.77,31731.85,12,7384919,7938620,10394398720,38740934656
2025-05-14 07:30:05,38.156,3.836,0,0,59.90,30555.77,31731.85,12,7385120,7938821,10394398720,38740934656
2025-05-14 07:30:05,38.168,3.870,0,0,69.90,30555.77,31731.85,12,7385321,7939022,10394398720,38740934656
2025-05-14 07:30:05,40.477,4.227,0,1069056,379.40,30555.77,31731.85,14,7385551,7939266,10394398720,38742134784
2025-05-14 07:30:05,41.699,4.177,0,131072,59.90,30555.77,31731.85,14,7385752,7939467,10394398720,38742134784
2025-05-14 07:30:06,38.631,3.859,0,0,69.90,30555.77,31731.85,14,7385954,7939669,10394398720,38742134784
2025-05-14 07:30:06,38.547,3.875,0,0,59.90,30555.77,31731.85,14,7386155,7939870,10394398720,38742134784
2025-05-14 07:30:06,37.979,3.879,0,0,59.90,30555.77,31731.85,14,7386354,7940069,10394398720,38742134784
2025-05-14 07:30:06,38.646,3.941,0,0,59.90,30555.77,31731.85,14,7386554,7940269,10394398720,38742134784
2025-05-14 07:30:06,38.290,3.828,0,0,49.90,30555.77,31731.85,14,7386756,7940471,10394398720,38742134784
2025-05-14 07:30:07,38.589,3.884,0,0,59.90,30555.77,31731.85,14,7386957,7940672,10394398720,38742134784
2025-05-14 07:30:07,39.030,3.799,0,0,69.90,30555.77,31731.85,14,7387158,7940873,10394398720,38742134784
2025-05-14 07:30:07,38.194,3.824,0,0,59.90,30555.77,31731.85,14,7387359,7941074,10394398720,38742134784
2025-05-14 07:30:07,38.801,3.909,0,0,50.00,30555.77,31731.85,14,7387560,7941275,10394398720,38742134784
2025-05-14 07:30:07,38.392,3.905,0,0,59.90,30555.77,31731.85,14,7387761,7941476,10394398720,38742134784
2025-05-14 07:30:08,38.834,3.894,0,0,59.90,30555.77,31731.85,14,7387962,7941677,10394398720,38742134784
2025-05-14 07:30:08,39.008,3.852,0,0,59.90,30555.77,31731.85,14,7388164,7941879,10394398720,38742134784
2025-05-14 07:30:08,37.939,3.834,0,0,59.90,30555.77,31731.85,14,7388365,7942080,10394398720,38742134784
2025-05-14 07:30:08,38.904,3.812,0,0,59.90,30555.77,31731.85,14,7388565,7942280,10394398720,38742134784
2025-05-14 07:30:08,37.991,3.822,0,0,49.90,30555.77,31731.85,14,7388766,7942481,10394398720,38742134784
2025-05-14 07:30:09,39.083,3.886,0,0,69.90,30555.77,31731.85,14,7388967,7942682,10394398720,38742134784
2025-05-14 07:30:09,38.439,3.903,0,0,59.90,30555.77,31731.85,14,7389168,7942883,10394398720,38742134784
2025-05-14 07:30:09,38.589,3.875,0,0,59.90,30555.77,31731.85,14,7389370,7943085,10394398720,38742134784
2025-05-14 07:30:09,40.357,3.858,0,0,39.90,30555.77,31731.85,14,7389571,7943286,10394398720,38742134784
2025-05-14 07:30:09,38.322,3.843,0,0,39.90,30555.77,31731.85,14,7389772,7943487,10394398720,38742134784
2025-05-14 07:30:10,38.428,3.844,0,0,59.90,30555.77,31731.85,14,7389973,7943688,10394398720,38742134784
2025-05-14 07:30:10,38.146,3.867,0,0,49.90,30555.77,31731.85,14,7390174,7943889,10394398720,38742134784
2025-05-14 07:30:10,39.095,3.866,0,0,49.90,30555.77,31731.85,14,7390375,7944090,10394398720,38742134784
2025-05-14 07:30:10,38.542,3.961,0,0,69.90,30555.77,31731.85,14,7390578,7944293,10394398720,38742134784
2025-05-14 07:30:10,37.262,3.918,0,0,69.90,30555.77,31731.85,14,7390779,7944494,10394398720,38742134784
2025-05-14 07:30:11,37.691,3.888,0,0,79.90,30555.77,31731.85,14,7390980,7944695,10394398720,38742134784
2025-05-14 07:30:11,36.896,3.868,0,0,69.90,30555.77,31731.85,14,7391181,7944896,10394398720,38742134784
2025-05-14 07:30:11,37.939,3.911,0,0,79.90,30555.77,31731.85,14,7391382,7945097,10394398720,38742134784
2025-05-14 07:30:11,37.056,3.899,0,0,79.90,30555.77,31731.85,14,7391583,7945298,10394398720,38742134784
2025-05-14 07:30:11,37.424,3.955,0,28672,59.90,30555.77,31731.85,14,7391787,7945503,10394398720,38742163456
2025-05-14 07:30:12,39.238,4.096,0,0,79.90,30555.77,31731.85,14,7391988,7945704,10394398720,38742163456
2025-05-14 07:30:12,37.728,3.945,0,0,69.90,30555.77,31731.85,14,7392189,7945905,10394398720,38742163456
2025-05-14 07:30:12,38.363,3.918,0,0,59.90,30555.77,31731.85,14,7392390,7946106,10394398720,38742163456
2025-05-14 07:30:12,38.704,4.023,0,0,69.90,30555.77,31731.85,14,7392590,7946306,10394398720,38742163456
2025-05-14 07:30:12,37.139,3.809,0,0,59.90,30555.77,31731.85,14,7392792,7946508,10394398720,38742163456
2025-05-14 07:30:13,37.948,3.892,0,0,69.90,30555.77,31731.85,14,7392993,7946709,10394398720,38742163456
2025-05-14 07:30:13,37.492,3.911,0,0,49.90,30555.77,31731.85,14,7393194,7946910,10394398720,38742163456
2025-05-14 07:30:13,39.458,3.886,0,0,59.90,30555.77,31731.85,14,7393395,7947111,10394398720,38742163456
2025-05-14 07:30:13,37.803,3.843,0,0,69.90,30555.77,31731.85,14,7393596,7947312,10394398720,38742163456
2025-05-14 07:30:13,38.574,3.927,0,0,49.90,30555.77,31731.85,14,7393798,7947514,10394398720,38742163456
2025-05-14 07:30:14,38.468,3.890,0,0,79.90,30555.77,31731.85,14,7393999,7947715,10394398720,38742163456
2025-05-14 07:30:14,37.459,3.900,0,0,59.90,30555.77,31731.85,14,7394200,7947916,10394398720,38742163456
2025-05-14 07:30:14,38.713,3.997,0,0,59.90,30555.77,31731.85,14,7394400,7948116,10394398720,38742163456
2025-05-14 07:30:14,37.700,3.945,0,0,59.90,30555.77,31731.85,14,7394601,7948317,10394398720,38742163456
2025-05-14 07:30:15,39.588,3.911,0,0,49.90,30555.77,31731.85,14,7394802,7948518,10394398720,38742163456
2025-05-14 07:30:15,37.661,3.885,0,0,69.90,30555.77,31731.85,14,7395004,7948720,10394398720,38742163456
2025-05-14 07:30:15,39.315,3.974,0,0,59.90,30555.77,31731.85,14,7395205,7948921,10394398720,38742163456
2025-05-14 07:30:15,38.949,3.966,0,0,89.80,30555.77,31731.85,14,7395406,7949122,10394398720,38742163456
2025-05-14 07:30:15,36.994,3.908,0,0,79.90,30555.77,31731.85,12,7395607,7949323,10394398720,38742163456
2025-05-14 07:30:16,37.600,3.886,0,0,69.90,30555.77,31731.85,12,7395809,7949525,10394398720,38742163456
2025-05-14 07:30:16,36.768,3.906,0,0,69.90,30555.77,31731.85,12,7396010,7949726,10394398720,38742163456
2025-05-14 07:30:16,37.974,3.909,0,0,59.90,30555.77,31731.85,12,7396211,7949927,10394398720,38742163456
2025-05-14 07:30:16,39.788,3.915,0,0,69.90,30555.77,31731.85,12,7396411,7950127,10394398720,38742163456
2025-05-14 07:30:16,37.167,3.865,0,0,59.90,30555.77,31731.85,12,7396612,7950328,10394398720,38742163456
2025-05-14 07:30:17,39.327,3.916,0,0,59.90,30555.77,31731.85,12,7396813,7950529,10394398720,38742163456
2025-05-14 07:30:17,38.154,3.873,0,0,59.90,30555.77,31731.85,12,7397015,7950731,10394398720,38742163456
2025-05-14 07:30:17,38.609,3.941,0,0,69.90,30555.77,31731.85,12,7397216,7950932,10394398720,38742163456
2025-05-14 07:30:17,38.840,3.944,0,0,109.80,30555.77,31731.85,12,7397416,7951132,10394398720,38742163456
2025-05-14 07:30:17,39.042,3.936,0,0,49.90,30555.77,31731.85,12,7397617,7951333,10394398720,38742163456
2025-05-14 07:30:18,38.535,3.844,0,0,49.90,30555.77,31731.85,12,7397818,7951534,10394398720,38742163456
2025-05-14 07:30:18,38.277,3.872,0,0,69.90,30555.77,31731.85,12,7398020,7951736,10394398720,38742163456
2025-05-14 07:30:18,38.192,3.915,0,0,59.90,30555.77,31731.85,12,7398221,7951937,10394398720,38742163456
2025-05-14 07:30:18,38.803,3.874,0,0,49.90,30555.77,31731.85,12,7398421,7952137,10394398720,38742163456
2025-05-14 07:30:18,38.758,3.856,0,0,59.90,30555.77,31731.85,12,7398622,7952338,10394398720,38742163456
2025-05-14 07:30:19,39.045,3.903,0,0,49.90,30555.77,31731.85,12,7398823,7952539,10394398720,38742163456
2025-05-14 07:30:19,38.171,3.891,0,0,59.90,30555.77,31731.85,12,7399025,7952741,10394398720,38742163456
2025-05-14 07:30:19,39.426,3.941,0,0,49.90,30555.77,31731.85,12,7399226,7952942,10394398720,38742163456
2025-05-14 07:30:19,38.015,3.959,0,0,59.90,30555.77,31731.85,12,7399427,7953143,10394398720,38742163456
2025-05-14 07:30:19,37.985,3.907,0,0,59.90,30555.77,31731.85,12,7399628,7953344,10394398720,38742163456
2025-05-14 07:30:20,38.492,3.886,0,0,59.90,30555.77,31731.85,12,7399829,7953545,10394398720,38742163456
2025-05-14 07:30:20,38.350,3.903,0,0,49.90,30555.77,31731.85,12,7400031,7953747,10394398720,38742163456
2025-05-14 07:30:20,38.301,3.920,0,0,59.90,30555.77,31731.85,12,7400232,7953948,10394398720,38742163456
2025-05-14 07:30:20,38.086,3.857,0,0,69.90,30555.77,31731.85,12,7400432,7954148,10394398720,38742163456
2025-05-14 07:30:20,38.002,3.928,0,0,49.90,30555.77,31731.85,12,7400635,7954351,10394398720,38742163456
2025-05-14 07:30:21,39.146,3.913,0,0,49.90,30555.77,31731.85,12,7400836,7954552,10394398720,38742163456
2025-05-14 07:30:21,39.244,3.994,0,0,59.90,30555.77,31731.85,12,7401037,7954753,10394398720,38742163456
2025-05-14 07:30:21,39.865,3.892,0,0,59.90,30555.77,31731.85,12,7401238,7954954,10394398720,38742163456
2025-05-14 07:30:21,38.155,3.865,0,0,39.90,30555.77,31731.85,12,7401440,7955156,10394398720,38742163456
2025-05-14 07:30:21,38.260,3.919,0,0,59.90,30555.77,31731.85,11,7401641,7955357,10394398720,38742163456
2025-05-14 07:30:22,37.822,3.912,0,0,49.90,30555.77,31731.85,11,7401842,7955558,10394398720,38742163456
2025-05-14 07:30:22,38.389,3.903,0,0,69.90,30555.77,31731.85,11,7402043,7955759,10394398720,38742163456
2025-05-14 07:30:22,38.682,3.936,0,0,69.90,30555.77,31731.85,11,7402244,7955960,10394398720,38742163456
2025-05-14 07:30:22,37.585,3.903,0,0,69.90,30555.77,31731.85,11,7402444,7956160,10394398720,38742163456
2025-05-14 07:30:22,38.907,3.923,0,0,49.90,30555.77,31731.85,11,7402646,7956362,10394398720,38742163456
2025-05-14 07:30:23,38.196,3.880,0,0,59.90,30555.77,31731.85,11,7402847,7956563,10394398720,38742163456
2025-05-14 07:30:23,37.921,3.882,0,0,69.90,30555.77,31731.85,11,7403048,7956764,10394398720,38742163456
2025-05-14 07:30:23,37.602,3.874,0,0,49.90,30555.77,31731.85,11,7403249,7956965,10394398720,38742163456
2025-05-14 07:30:23,37.960,3.884,0,0,69.90,30555.77,31731.85,11,7403450,7957166,10394398720,38742163456
2025-05-14 07:30:23,38.273,3.871,0,0,59.90,30555.77,31731.85,11,7403651,7957367,10394398720,38742163456
2025-05-14 07:30:24,37.683,3.802,0,0,39.90,30555.77,31731.85,11,7403852,7957569,10394398720,38742163456
2025-05-14 07:30:24,38.859,3.860,0,0,69.90,30555.77,31731.85,11,7404054,7957770,10394398720,38742163456
2025-05-14 07:30:24,37.769,3.872,0,0,59.90,30555.77,31731.85,11,7404255,7957971,10394398720,38742163456
2025-05-14 07:30:24,37.770,3.850,0,0,49.90,30555.77,31731.85,11,7404455,7958171,10394398720,38742163456
2025-05-14 07:30:24,39.516,3.913,0,0,69.90,30555.77,31731.85,11,7404656,7958372,10394398720,38742163456
2025-05-14 07:30:25,37.523,3.839,0,0,59.90,30555.77,31731.85,11,7404857,7958573,10394398720,38742163456
2025-05-14 07:30:25,39.437,3.888,0,0,49.90,30555.77,31731.85,11,7405059,7958775,10394398720,38742163456
2025-05-14 07:30:25,37.795,3.899,0,0,79.90,30555.77,31731.85,11,7405260,7958976,10394398720,38742163456
2025-05-14 07:30:25,38.186,3.921,0,0,49.90,30555.77,31731.85,11,7405461,7959177,10394398720,38742163456
2025-05-14 07:30:25,37.617,3.867,0,0,49.90,30555.77,31731.85,11,7405662,7959378,10394398720,38742163456
2025-05-14 07:30:26,38.051,3.859,0,0,69.90,30555.77,31731.85,11,7405863,7959579,10394398720,38742163456
2025-05-14 07:30:26,38.635,3.902,0,0,69.90,30555.77,31731.85,11,7406064,7959780,10394398720,38742163456
2025-05-14 07:30:26,37.699,3.949,0,0,49.90,30555.77,31731.85,11,7406266,7959982,10394398720,38742163456
2025-05-14 07:30:26,38.172,3.866,0,0,69.90,30555.77,31731.85,11,7406466,7960182,10394398720,38742163456
2025-05-14 07:30:26,38.080,3.838,0,0,49.90,30555.77,31731.85,11,7406667,7960383,10394398720,38742163456
2025-05-14 07:30:27,38.054,3.819,0,0,59.90,30555.77,31731.85,11,7406868,7960584,10394398720,38742163456
2025-05-14 07:30:27,38.834,3.887,0,0,59.90,30555.77,31731.85,11,7407069,7960785,10394398720,38742163456
2025-05-14 07:30:27,38.100,3.915,0,0,49.90,30555.77,31731.85,12,7407272,7960989,10394402816,38742179840
2025-05-14 07:30:27,39.925,3.924,4096,16384,99.80,30555.77,31731.85,12,7407473,7961190,10394402816,38742179840
2025-05-14 07:30:27,40.442,3.935,0,0,59.90,30555.77,31731.85,12,7407674,7961391,10394402816,38742179840
2025-05-14 07:30:28,38.217,3.906,0,0,59.90,30555.77,31731.85,12,7407875,7961592,10394402816,38742179840
2025-05-14 07:30:28,38.092,3.900,0,0,99.80,30555.77,31731.85,14,7408169,7961923,10394402816,38743625728
2025-05-14 07:30:28,38.664,3.964,0,1515520,49.90,30555.77,31731.85,14,7408376,7962132,10394402816,38743695360
2025-05-14 07:30:28,39.394,3.915,0,0,59.90,30555.77,31731.85,14,7408582,7962340,10394402816,38743703552
2025-05-14 07:30:28,37.804,3.916,0,8192,59.90,30555.77,31731.85,14,7408783,7962541,10394402816,38743703552
2025-05-14 07:30:29,39.122,3.933,0,0,59.90,30555.77,31731.85,14,7408984,7962742,10394402816,38743703552
2025-05-14 07:30:29,37.831,3.948,0,0,69.90,30555.77,31731.85,14,7409185,7962943,10394402816,38743703552
2025-05-14 07:30:29,38.157,3.917,0,0,49.90,30555.77,31731.85,14,7409387,7963145,10394402816,38743703552
2025-05-14 07:30:29,39.054,3.913,0,0,69.90,30555.77,31731.85,14,7409588,7963346,10394402816,38743703552
2025-05-14 07:30:29,37.566,3.851,0,0,59.90,30555.77,31731.85,14,7409789,7963547,10394402816,38743703552
2025-05-14 07:30:30,39.754,3.907,0,0,59.90,30555.77,31731.85,14,7409993,7963751,10394402816,38743703552
2025-05-14 07:30:30,38.627,3.915,0,12288,59.90,30555.77,31731.85,14,7410199,7963959,10394402816,38743715840
2025-05-14 07:30:30,38.980,3.906,0,0,59.90,30555.77,31731.85,14,7410401,7964161,10394402816,38743715840
2025-05-14 07:30:30,39.809,3.932,0,0,59.90,30555.77,31731.85,14,7410601,7964361,10394402816,38743715840
2025-05-14 07:30:30,38.250,3.840,0,0,59.90,30555.77,31731.85,14,7410802,7964562,10394402816,38743715840
2025-05-14 07:30:31,39.405,3.891,0,0,59.90,30555.77,31731.85,14,7411003,7964763,10394402816,38743715840
2025-05-14 07:30:31,38.592,3.982,0,0,69.90,30555.77,31731.85,14,7411204,7964964,10394402816,38743715840
2025-05-14 07:30:31,38.268,3.948,0,0,79.90,30555.77,31731.85,14,7411405,7965165,10394402816,38743715840
2025-05-14 07:30:31,37.083,3.869,0,0,49.90,30555.77,31731.85,14,7411607,7965367,10394402816,38743715840
2025-05-14 07:30:31,37.360,3.882,0,0,69.90,30555.77,31731.85,14,7411808,7965568,10394402816,38743715840
2025-05-14 07:30:32,37.520,3.909,0,0,69.90,30555.77,31731.85,14,7412009,7965769,10394402816,38743715840
2025-05-14 07:30:32,36.875,3.857,0,0,59.90,30555.77,31731.85,14,7412210,7965970,10394402816,38743715840
2025-05-14 07:30:32,38.761,3.945,0,0,69.90,30555.77,31731.85,14,7412411,7966171,10394402816,38743715840
2025-05-14 07:30:32,36.984,3.872,0,0,59.90,30555.77,31731.85,14,7412611,7966371,10394402816,38743715840
2025-05-14 07:30:32,38.587,3.852,0,0,39.90,30555.77,31731.85,14,7412813,7966573,10394402816,38743715840
2025-05-14 07:30:33,40.711,3.791,0,8192,49.90,30555.77,31731.85,14,7413025,7966789,10394402816,38743736320
2025-05-14 07:30:33,40.398,3.805,0,12288,59.90,30555.77,31731.85,14,7413226,7966990,10394402816,38743736320
2025-05-14 07:30:33,40.346,3.819,0,0,49.90,30555.77,31731.85,14,7413427,7967191,10394402816,38743736320
2025-05-14 07:30:33,40.078,3.794,0,0,39.90,30555.77,31731.85,14,7413628,7967392,10394402816,38743736320
2025-05-14 07:30:33,40.320,3.758,0,0,49.90,30555.77,31731.85,14,7413830,7967594,10394402816,38743736320
2025-05-14 07:30:34,40.866,3.782,0,0,59.90,30555.77,31731.85,14,7414031,7967795,10394402816,38743736320
2025-05-14 07:30:34,40.527,3.748,0,0,59.90,30555.77,31731.85,14,7414232,7967996,10394402816,38743736320
2025-05-14 07:30:34,40.791,3.822,0,0,59.90,30555.77,31731.85,14,7414433,7968197,10394402816,38743736320
2025-05-14 07:30:34,40.255,3.743,0,0,49.90,30555.77,31731.85,14,7414633,7968397,10394402816,38743736320
2025-05-14 07:30:34,40.727,3.783,0,0,59.90,30555.77,31731.85,14,7414834,7968598,10394402816,38743736320
2025-05-14 07:30:35,40.211,3.773,0,0,49.90,30555.77,31731.85,14,7415035,7968799,10394402816,38743736320
2025-05-14 07:30:35,40.365,3.833,0,0,59.90,30555.77,31731.85,14,7415237,7969001,10394402816,38743736320
2025-05-14 07:30:35,40.390,3.833,0,0,79.80,30555.77,31731.85,14,7415438,7969202,10394402816,38743736320
2025-05-14 07:30:35,40.668,3.871,0,0,49.90,30555.77,31731.85,14,7415639,7969403,10394402816,38743736320
2025-05-14 07:30:35,40.638,3.852,0,0,49.90,30555.77,31731.85,14,7415845,7969610,10394402816,38743748608
2025-05-14 07:30:36,40.235,3.785,0,12288,59.90,30555.77,31731.85,14,7416046,7969811,10394402816,38743748608
2025-05-14 07:30:36,40.696,3.794,0,0,59.90,30555.77,31731.85,14,7416247,7970012,10394402816,38743748608
2025-05-14 07:30:36,40.342,3.742,0,0,59.90,30555.77,31731.85,14,7416448,7970213,10394402816,38743748608
2025-05-14 07:30:36,40.428,3.859,0,0,49.90,30555.77,31731.85,14,7416648,7970413,10394402816,38743748608
2025-05-14 07:30:36,41.867,3.965,0,0,59.90,30555.77,31731.85,14,7416850,7970615,10394402816,38743748608
2025-05-14 07:30:37,40.419,3.826,0,0,59.90,30555.77,31731.85,14,7417051,7970816,10394402816,38743748608
2025-05-14 07:30:37,40.846,3.850,0,0,59.90,30555.77,31731.85,14,7417252,7971017,10394402816,38743748608
2025-05-14 07:30:37,40.431,3.869,0,0,49.90,30555.77,31731.85,14,7417453,7971218,10394402816,38743748608
2025-05-14 07:30:37,40.902,3.880,0,0,59.90,30555.77,31731.85,14,7417655,7971420,10394402816,38743748608
2025-05-14 07:30:37,40.219,3.835,0,0,89.90,30555.77,31731.85,14,7417856,7971621,10394402816,38743748608
2025-05-14 07:30:38,40.871,3.821,0,0,49.90,30555.77,31731.85,14,7418057,7971822,10394402816,38743748608
2025-05-14 07:30:38,40.753,3.812,0,4096,69.90,30555.77,31731.85,14,7418260,7972026,10394402816,38743752704
2025-05-14 07:30:38,40.480,3.826,0,0,49.90,30555.77,31731.85,14,7418461,7972227,10394402816,38743752704
2025-05-14 07:30:38,41.662,3.864,0,0,69.90,30555.77,31731.85,14,7418661,7972427,10394402816,38743752704
2025-05-14 07:30:38,40.055,3.837,0,0,59.90,30555.77,31731.85,14,7418863,7972629,10394402816,38743752704
2025-05-14 07:30:39,40.577,3.853,0,0,49.90,30555.77,31731.85,14,7419064,7972830,10394402816,38743752704
2025-05-14 07:30:39,40.127,3.818,0,0,49.90,30555.77,31731.85,14,7419265,7973031,10394402816,38743752704
2025-05-14 07:30:39,40.558,3.840,0,0,59.90,30555.77,31731.85,14,7419466,7973232,10394402816,38743752704
2025-05-14 07:30:39,40.802,3.838,0,0,49.90,30555.77,31731.85,14,7419668,7973434,10394402816,38743752704
2025-05-14 07:30:39,40.427,3.780,0,0,49.90,30555.77,31731.85,14,7419869,7973635,10394402816,38743752704
2025-05-14 07:30:40,40.629,3.855,0,0,49.90,30555.77,31731.85,14,7420070,7973836,10394402816,38743752704
2025-05-14 07:30:40,40.326,3.803,0,0,79.90,30555.77,31731.85,14,7420274,7974040,10394402816,38743752704
2025-05-14 07:30:40,41.458,3.856,0,0,59.90,30555.77,31731.85,14,7420475,7974241,10394402816,38743752704
2025-05-14 07:30:40,40.387,3.826,0,0,59.90,30555.77,31731.85,14,7420676,7974442,10394402816,38743752704
2025-05-14 07:30:40,40.505,3.817,0,0,49.90,30555.77,31731.85,14,7420877,7974643,10394402816,38743752704
2025-05-14 07:30:41,40.354,3.821,0,0,69.90,30555.77,31731.85,14,7421078,7974844,10394402816,38743752704
2025-05-14 07:30:41,40.662,3.845,0,0,69.90,30555.77,31731.85,14,7421279,7975045,10394402816,38743752704
2025-05-14 07:30:41,41.435,3.961,0,0,59.90,30555.77,31731.85,14,7421480,7975246,10394402816,38743752704
2025-05-14 07:30:41,40.727,3.856,0,0,59.90,30555.77,31731.85,14,7421682,7975448,10394402816,38743752704
2025-05-14 07:30:41,40.476,3.806,0,0,49.90,30555.77,31731.85,14,7421883,7975649,10394402816,38743752704
2025-05-14 07:30:42,40.298,3.809,0,0,59.90,30555.77,31731.85,14,7422084,7975850,10394402816,38743752704
2025-05-14 07:30:42,40.232,3.780,0,0,79.90,30555.77,31731.85,14,7422285,7976051,10394402816,38743752704
2025-05-14 07:30:42,40.754,3.829,0,0,49.90,30555.77,31731.85,14,7422487,7976253,10394402816,38743752704
2025-05-14 07:30:42,40.310,3.812,0,0,49.90,30555.77,31731.85,14,7422687,7976453,10394402816,38743752704
2025-05-14 07:30:42,40.941,3.827,0,0,59.90,30555.77,31731.85,14,7422888,7976654,10394402816,38743752704
2025-05-14 07:30:43,40.346,3.855,0,0,59.90,30555.77,31731.85,14,7423089,7976855,10394402816,38743752704
2025-05-14 07:30:43,40.284,3.860,0,0,99.80,30555.77,31731.85,14,7423296,7977064,10394402816,38743773184
2025-05-14 07:30:43,41.481,3.896,0,20480,69.90,30555.77,31731.85,14,7423498,7977266,10394402816,38743773184
2025-05-14 07:30:43,40.086,3.803,0,0,59.90,30555.77,31731.85,14,7423699,7977467,10394402816,38743773184
2025-05-14 07:30:43,40.335,3.815,0,0,49.90,30555.77,31731.85,14,7423900,7977668,10394402816,38743773184
2025-05-14 07:30:44,40.547,3.772,0,0,59.90,30555.77,31731.85,14,7424101,7977869,10394402816,38743773184
2025-05-14 07:30:44,41.086,3.772,0,0,49.90,30555.77,31731.85,14,7424302,7978070,10394402816,38743773184
2025-05-14 07:30:44,40.505,3.803,0,0,39.90,30555.77,31731.85,14,7424504,7978272,10394402816,38743773184
2025-05-14 07:30:44,40.201,3.864,0,0,39.90,30555.77,31731.85,14,7424704,7978472,10394402816,38743773184
2025-05-14 07:30:44,40.439,3.867,0,0,49.90,30555.77,31731.85,14,7424905,7978673,10394402816,38743773184
2025-05-14 07:30:45,40.199,3.820,0,0,59.90,30555.77,31731.85,14,7425106,7978874,10394402816,38743773184
2025-05-14 07:30:45,41.411,3.830,0,0,59.90,30555.77,31731.85,14,7425307,7979075,10394402816,38743773184
2025-05-14 07:30:45,40.813,3.870,0,0,39.90,30555.77,31731.85,14,7425508,7979276,10394402816,38743773184
2025-05-14 07:30:45,40.451,3.798,0,0,39.90,30555.77,31731.85,14,7425710,7979478,10394402816,38743773184
2025-05-14 07:30:45,41.285,3.835,0,0,39.90,30555.77,31731.85,14,7425912,7979680,10394402816,38743773184
2025-05-14 07:30:46,40.476,3.788,0,20480,49.90,30555.77,31731.85,14,7426124,7979897,10394402816,38743793664
2025-05-14 07:30:46,40.510,3.819,0,0,59.90,30555.77,31731.85,14,7426325,7980098,10394402816,38743793664
2025-05-14 07:30:46,40.310,3.788,0,0,59.90,30555.77,31731.85,14,7426525,7980298,10394402816,38743793664
2025-05-14 07:30:46,40.480,3.871,0,0,59.90,30555.77,31731.85,14,7426725,7980498,10394402816,38743793664
2025-05-14 07:30:46,40.362,3.786,0,0,59.90,30555.77,31731.85,14,7426927,7980700,10394402816,38743793664
2025-05-14 07:30:47,40.675,3.824,0,0,49.90,30555.77,31731.85,14,7427128,7980901,10394402816,38743793664
2025-05-14 07:30:47,40.738,3.779,0,0,89.90,30555.77,31731.85,14,7427329,7981102,10394402816,38743793664
2025-05-14 07:30:47,40.438,3.862,0,0,59.90,30555.77,31731.85,14,7427530,7981303,10394402816,38743793664
2025-05-14 07:30:47,40.789,4.014,0,0,59.90,30555.77,31731.85,14,7427731,7981504,10394402816,38743793664
2025-05-14 07:30:47,38.025,3.859,0,0,49.90,30555.77,31731.85,14,7427932,7981705,10394402816,38743793664
2025-05-14 07:30:48,38.126,3.875,0,0,59.90,30555.77,31731.85,14,7428133,7981906,10394402816,38743793664
2025-05-14 07:30:48,39.083,3.892,0,0,59.90,30555.77,31731.85,14,7428334,7982107,10394402816,38743793664
2025-05-14 07:30:48,37.980,3.917,0,8192,49.90,30555.77,31731.85,14,7428542,7982317,10394402816,38743801856
2025-05-14 07:30:48,40.847,4.177,0,0,59.90,30555.77,31731.85,14,7428743,7982518,10394402816,38743801856
2025-05-14 07:30:49,42.540,4.395,0,0,59.90,30555.77,31731.85,14,7428944,7982719,10394402816,38743801856
2025-05-14 07:30:49,40.954,4.454,0,0,169.70,30555.77,31731.85,14,7429145,7982920,10394402816,38743801856
2025-05-14 07:30:49,45.254,4.730,0,0,109.80,30555.77,31731.85,14,7429347,7983122,10394402816,38743801856
2025-05-14 07:30:49,42.331,4.518,0,0,89.90,30555.77,31731.85,14,7429548,7983323,10394402816,38743801856
2025-05-14 07:30:49,40.890,4.320,0,0,59.90,30555.77,31731.85,14,7429749,7983524,10394402816,38743801856
2025-05-14 07:30:50,43.884,4.493,0,0,39.90,30555.77,31731.85,14,7429951,7983726,10394402816,38743801856
2025-05-14 07:30:50,42.789,4.204,0,0,79.90,30555.77,31731.85,14,7430152,7983927,10394402816,38743801856
2025-05-14 07:30:50,41.963,4.231,0,0,69.90,30555.77,31731.85,14,7430353,7984128,10394402816,38743801856
2025-05-14 07:30:50,44.559,4.145,0,0,49.90,30555.77,31731.85,14,7430557,7984332,10394402816,38743801856
2025-05-14 07:30:50,44.964,4.079,0,0,59.90,30555.77,31731.85,14,7430758,7984533,10394402816,38743801856
2025-05-14 07:30:51,42.637,4.119,0,0,109.80,30555.77,31731.85,14,7430965,7984742,10394402816,38743830528
2025-05-14 07:30:51,43.034,4.215,0,28672,69.90,30555.77,31731.85,14,7431167,7984944,10394402816,38743830528
2025-05-14 07:30:51,42.853,4.189,0,0,59.90,30555.77,31731.85,14,7431368,7985145,10394402816,38743830528
2025-05-14 07:30:51,43.820,4.358,0,0,49.90,30555.77,31731.85,14,7431569,7985346,10394402816,38743830528
2025-05-14 07:30:51,43.053,4.120,0,0,59.90,30555.77,31731.85,14,7431771,7985548,10394402816,38743830528
2025-05-14 07:30:52,44.246,4.190,0,0,59.90,30555.77,31731.85,14,7431972,7985749,10394402816,38743830528
2025-05-14 07:30:52,42.078,4.185,0,0,59.90,30555.77,31731.85,14,7432173,7985950,10394402816,38743830528
2025-05-14 07:30:52,44.964,4.101,0,0,59.90,30555.77,31731.85,14,7432374,7986151,10394402816,38743830528
2025-05-14 07:30:52,44.800,3.992,0,0,49.90,30555.77,31731.85,14,7432574,7986351,10394402816,38743830528
2025-05-14 07:30:52,45.674,4.072,0,0,49.90,30555.77,31731.85,14,7432772,7986549,10394402816,38743830528
2025-05-14 07:30:53,42.325,4.051,0,0,49.90,30555.77,31731.85,14,7432979,7986758,10394402816,38743842816
2025-05-14 07:30:53,42.089,4.066,0,12288,69.90,30555.77,31731.85,14,7433180,7986959,10394402816,38743842816
2025-05-14 07:30:53,42.148,4.111,0,0,69.90,30555.77,31731.85,14,7433381,7987160,10394402816,38743842816
2025-05-14 07:30:53,41.044,4.098,0,0,69.90,30555.77,31731.85,14,7433582,7987361,10394402816,38743842816
2025-05-14 07:30:53,42.753,4.609,0,0,159.70,30555.77,31731.85,14,7433784,7987563,10394402816,38743842816
2025-05-14 07:30:54,45.231,4.656,0,0,159.70,30555.77,31731.85,14,7433984,7987763,10394402816,38743842816
2025-05-14 07:30:54,43.236,4.585,0,0,149.70,30555.77,31731.85,14,7434185,7987964,10394402816,38743842816
2025-05-14 07:30:54,45.569,4.797,0,0,329.40,30555.77,31731.85,14,7434386,7988165,10394402816,38743842816
2025-05-14 07:30:54,49.703,5.195,0,0,359.30,30555.77,31731.85,14,7434590,7988369,10394402816,38743842816
2025-05-14 07:30:54,48.453,5.026,0,0,139.80,30555.77,31731.85,14,7434791,7988570,10394402816,38743842816
2025-05-14 07:30:55,48.431,5.125,0,0,189.80,30555.77,31731.85,14,7434989,7988768,10394402816,38743842816
2025-05-14 07:30:55,47.145,4.532,0,0,199.60,30555.77,31731.85,14,7435190,7988969,10394402816,38743842816
2025-05-14 07:30:55,45.499,4.898,0,0,59.90,30555.77,31731.85,14,7435391,7989170,10394402816,38743842816
2025-05-14 07:30:55,46.946,4.496,0,0,109.80,30555.77,31731.85,14,7435620,7989408,10394402816,38743961600
2025-05-14 07:30:55,43.478,4.322,0,118784,49.90,30555.77,31731.85,14,7435820,7989608,10394402816,38743961600
2025-05-14 07:30:56,46.192,4.295,0,0,39.90,30555.77,31731.85,14,7436022,7989810,10394402816,38743961600
2025-05-14 07:30:56,45.282,4.208,0,0,119.80,30555.77,31731.85,14,7436223,7990011,10394402816,38743961600
2025-05-14 07:30:56,44.821,4.258,0,0,59.90,30555.77,31731.85,14,7436424,7990212,10394402816,38743961600
2025-05-14 07:30:56,41.823,4.254,0,0,89.80,30555.77,31731.85,14,7436625,7990413,10394402816,38743961600
2025-05-14 07:30:56,44.574,4.467,0,0,239.60,30555.77,31731.85,14,7436828,7990616,10394402816,38743961600
2025-05-14 07:30:57,48.300,5.004,0,0,229.60,30555.77,31731.85,14,7437029,7990817,10394402816,38743961600
2025-05-14 07:30:57,47.713,4.811,0,0,239.60,30555.77,31731.85,14,7437231,7991019,10394402816,38743961600
2025-05-14 07:30:57,45.805,4.610,0,0,229.60,30555.77,31731.85,14,7437430,7991218,10394402816,38743961600
2025-05-14 07:30:57,45.879,4.753,0,0,259.50,30555.77,31731.85,14,7437632,7991420,10394402816,38743961600
2025-05-14 07:30:57,47.924,4.897,0,0,329.40,30555.77,31731.85,14,7437827,7991615,10394402816,38743961600
2025-05-14 07:30:58,48.536,5.144,0,0,199.60,30555.77,31731.85,14,7438067,7991871,10394402816,38744072192
2025-05-14 07:30:58,45.652,4.630,0,110592,179.60,30555.77,31731.85,14,7438264,7992068,10394402816,38744072192
2025-05-14 07:30:58,45.608,4.405,0,0,189.70,30555.77,31731.85,14,7438465,7992269,10394402816,38744072192
2025-05-14 07:30:58,45.567,4.629,0,0,159.70,30555.77,31731.85,14,7438666,7992470,10394402816,38744072192
2025-05-14 07:30:58,45.493,4.359,0,20480,169.80,30555.77,31731.85,14,7438875,7992682,10394402816,38744092672
2025-05-14 07:30:59,46.003,4.482,0,0,159.70,30555.77,31731.85,14,7439074,7992881,10394402816,38744092672
2025-05-14 07:30:59,45.805,4.390,0,0,219.50,30555.77,31731.85,14,7439281,7993088,10394402816,38744092672
2025-05-14 07:30:59,45.799,4.394,0,0,169.80,30555.77,31731.85,14,7439482,7993289,10394402816,38744092672
2025-05-14 07:30:59,45.381,4.343,0,0,149.70,30555.77,31731.85,14,7439683,7993490,10394402816,38744092672
2025-05-14 07:30:59,46.703,4.303,0,0,169.70,30555.77,31731.85,14,7439884,7993691,10394402816,38744092672
2025-05-14 07:31:00,46.272,4.347,0,0,189.70,30555.80,31731.85,14,7440094,7993903,10394402816,38744100864
2025-05-14 07:31:00,44.797,4.329,0,8192,149.70,30555.80,31731.85,14,7440288,7994097,10394402816,38744100864
2025-05-14 07:31:00,47.315,4.350,0,0,49.90,30555.80,31731.85,14,7440475,7994284,10394402816,38744100864
2025-05-14 07:31:00,48.389,4.087,0,118784,89.80,30555.80,31731.85,14,7440698,7994516,10394402816,38744219648
2025-05-14 07:31:00,46.557,4.275,0,0,49.90,30555.80,31731.85,14,7440900,7994718,10394402816,38744219648
2025-05-14 07:31:01,48.566,4.412,0,0,59.90,30555.80,31731.85,14,7441101,7994919,10394402816,38744219648
2025-05-14 07:31:01,44.890,4.439,0,0,79.90,30555.80,31731.85,14,7441303,7995121,10394402816,38744219648
2025-05-14 07:31:01,42.536,4.082,0,0,49.90,30555.80,31731.85,14,7441502,7995320,10394402816,38744219648
2025-05-14 07:31:01,44.194,4.431,0,0,59.90,30555.80,31731.85,14,7441701,7995519,10394402816,38744219648
2025-05-14 07:31:01,45.100,4.240,0,0,39.90,30555.80,31731.85,14,7441902,7995720,10394402816,38744219648
2025-05-14 07:31:02,45.717,4.282,0,0,69.90,30555.80,31731.85,15,7442140,7995981,10394402816,38746103808
2025-05-14 07:31:02,43.196,4.302,0,1884160,109.90,30555.80,31731.85,15,7442341,7996182,10394402816,38746103808
2025-05-14 07:31:02,45.057,4.749,0,0,69.90,30555.80,31731.85,15,7442542,7996383,10394402816,38746103808
2025-05-14 07:31:02,46.415,4.448,0,0,49.90,30555.80,31731.85,15,7442742,7996583,10394402816,38746103808
2025-05-14 07:31:02,42.457,4.184,0,0,69.90,30555.80,31731.85,15,7442944,7996785,10394402816,38746103808
2025-05-14 07:31:03,46.936,4.488,0,0,49.90,30555.80,31731.85,15,7443144,7996985,10394402816,38746103808
2025-05-14 07:31:03,44.339,4.381,0,69632,59.90,30555.80,31731.85,15,7443363,7997211,10394402816,38746173440
2025-05-14 07:31:03,44.725,4.277,0,69632,69.90,30555.80,31731.85,15,7443590,7997455,10394402816,38746243072
2025-05-14 07:31:03,43.852,4.308,0,0,109.80,30555.80,31731.85,15,7443790,7997655,10394402816,38746243072
2025-05-14 07:31:03,48.286,4.767,0,0,169.70,30555.80,31731.85,15,7443993,7997858,10394402816,38746243072
2025-05-14 07:31:04,48.085,4.773,0,16384,179.70,30555.80,31731.85,15,7444205,7998074,10394402816,38746259456
2025-05-14 07:31:04,45.119,4.562,0,0,159.70,30555.80,31731.85,15,7444406,7998275,10394402816,38746259456
2025-05-14 07:31:04,44.537,4.475,0,0,159.70,30555.80,31731.85,15,7444607,7998476,10394402816,38746259456
2025-05-14 07:31:04,44.049,4.415,0,0,159.70,30555.80,31731.85,15,7444808,7998677,10394402816,38746259456
2025-05-14 07:31:04,45.046,4.412,0,0,219.60,30555.80,31731.85,15,7445002,7998871,10394402816,38746259456
2025-05-14 07:31:05,46.736,4.480,0,0,169.70,30555.80,31731.85,15,7445203,7999072,10394402816,38746259456
2025-05-14 07:31:05,44.899,4.468,0,0,169.70,30555.80,31731.85,15,7445404,7999273,10394402816,38746259456
2025-05-14 07:31:05,44.454,4.322,0,0,229.60,30555.80,31731.85,15,7445628,7999505,10394402816,38746374144
2025-05-14 07:31:05,44.887,4.420,0,114688,249.60,30555.80,31731.85,15,7445829,7999706,10394402816,38746374144
2025-05-14 07:31:05,46.524,4.399,0,0,159.70,30555.80,31731.85,15,7446030,7999907,10394402816,38746374144
2025-05-14 07:31:06,47.618,4.472,0,0,169.70,30555.80,31731.85,15,7446229,8000106,10394402816,38746374144
2025-05-14 07:31:06,47.564,4.568,0,0,159.70,30555.80,31731.85,15,7446430,8000307,10394402816,38746374144
2025-05-14 07:31:06,47.187,4.428,0,0,169.70,30555.80,31731.85,15,7446632,8000509,10394402816,38746374144
2025-05-14 07:31:06,44.783,4.350,0,0,159.70,30555.80,31731.85,15,7446832,8000709,10394402816,38746374144
2025-05-14 07:31:06,45.996,4.356,0,0,139.70,30555.80,31731.85,15,7447027,8000904,10394402816,38746374144
2025-05-14 07:31:07,45.696,4.431,0,0,49.90,30555.80,31731.85,15,7447228,8001105,10394402816,38746374144
2025-05-14 07:31:07,42.251,4.273,0,0,49.90,30555.80,31731.85,15,7447430,8001307,10394402816,38746374144
2025-05-14 07:31:07,41.408,4.066,0,0,139.80,30555.80,31731.85,15,7447631,8001508,10394402816,38746374144
2025-05-14 07:31:07,45.487,4.675,0,0,209.60,30555.80,31731.85,15,7447831,8001708,10394402816,38746374144
2025-05-14 07:31:07,45.582,4.646,0,0,159.70,30555.80,31731.85,15,7448032,8001909,10394402816,38746374144
2025-05-14 07:31:08,46.405,4.510,0,73728,159.70,30555.80,31731.85,15,7448252,8002137,10394402816,38746447872
2025-05-14 07:31:08,45.717,4.348,0,0,109.80,30555.80,31731.85,15,7448453,8002338,10394402816,38746447872
2025-05-14 07:31:08,43.641,4.394,0,0,269.50,30555.80,31731.85,15,7448651,8002536,10394402816,38746447872
2025-05-14 07:31:08,47.783,5.028,0,24576,99.80,30555.80,31731.85,15,7448860,8002746,10394402816,38746484736
2025-05-14 07:31:08,43.254,4.317,0,12288,289.50,30555.80,31731.85,15,7449057,8002943,10394402816,38746484736
2025-05-14 07:31:09,48.206,4.971,0,16384,139.70,30555.80,31731.85,15,7449267,8003157,10394402816,38746501120
2025-05-14 07:31:09,45.171,4.538,0,0,129.80,30555.80,31731.85,15,7449467,8003357,10394402816,38746501120
2025-05-14 07:31:09,44.190,4.383,0,0,189.70,30555.80,31731.85,15,7449661,8003551,10394402816,38746501120
2025-05-14 07:31:09,45.641,4.766,0,0,69.90,30555.80,31731.85,15,7449863,8003753,10394402816,38746501120
2025-05-14 07:31:09,42.529,4.194,0,0,49.90,30555.80,31731.85,15,7450064,8003954,10394402816,38746501120
2025-05-14 07:31:10,47.033,4.288,0,118784,59.90,30555.80,31731.85,15,7450290,8004187,10394402816,38746619904
2025-05-14 07:31:10,44.842,4.257,0,0,59.90,30555.80,31731.85,15,7450489,8004386,10394402816,38746619904
2025-05-14 07:31:10,45.793,4.251,0,0,99.80,30555.80,31731.85,15,7450690,8004587,10394402816,38746619904
2025-05-14 07:31:10,46.795,4.890,0,0,359.30,30555.80,31731.85,15,7450882,8004779,10394402816,38746619904
2025-05-14 07:31:10,48.731,5.098,0,0,179.70,30555.80,31731.85,15,7451089,8004987,10394402816,38746648576
2025-05-14 07:31:11,44.223,4.402,0,28672,49.90,30555.80,31731.85,15,7451294,8005192,10394402816,38746648576
2025-05-14 07:31:11,42.271,4.165,0,0,59.90,30555.80,31731.85,15,7451495,8005393,10394402816,38746648576
2025-05-14 07:31:11,42.348,4.136,0,0,59.90,30555.80,31731.85,15,7451696,8005594,10394402816,38746648576
2025-05-14 07:31:11,44.641,4.537,0,0,49.90,30555.80,31731.85,15,7451898,8005796,10394402816,38746648576
2025-05-14 07:31:11,45.448,4.219,0,0,49.90,30555.80,31731.85,15,7452099,8005997,10394402816,38746648576
2025-05-14 07:31:12,42.781,4.174,0,0,59.90,30555.80,31731.85,15,7452300,8006198,10394402816,38746648576
2025-05-14 07:31:12,41.882,4.164,0,0,59.90,30555.80,31731.85,15,7452501,8006399,10394402816,38746648576
2025-05-14 07:31:12,42.810,4.297,0,0,59.90,30555.80,31731.85,15,7452721,8006626,10394402816,38746718208
2025-05-14 07:31:12,42.662,4.264,0,69632,49.90,30555.80,31731.85,15,7452921,8006826,10394402816,38746718208
2025-05-14 07:31:12,45.185,4.248,0,0,49.90,30555.80,31731.85,15,7453122,8007027,10394402816,38746718208
2025-05-14 07:31:13,42.245,4.128,0,0,59.90,30555.80,31731.85,15,7453323,8007228,10394402816,38746718208
2025-05-14 07:31:13,41.881,4.182,0,0,59.90,30555.80,31731.85,15,7453525,8007430,10394402816,38746718208
2025-05-14 07:31:13,43.483,4.302,0,0,59.90,30555.80,31731.85,15,7453726,8007631,10394402816,38746718208
2025-05-14 07:31:13,42.488,4.145,0,0,89.80,30555.80,31731.85,15,7453936,8007844,10394402816,38746746880
2025-05-14 07:31:13,43.202,4.431,0,94208,69.90,30555.80,31731.85,15,7454139,8008048,10394402816,38746812416
2025-05-14 07:31:14,40.678,4.200,0,0,49.90,30555.80,31731.85,15,7454340,8008249,10394402816,38746812416
2025-05-14 07:31:14,40.831,4.194,0,4096,59.90,30555.80,31731.85,15,7454546,8008457,10394402816,38746816512
2025-05-14 07:31:14,40.610,4.238,0,0,129.80,30555.80,31731.85,15,7454770,8008691,10394402816,38746935296
2025-05-14 07:31:14,41.494,4.219,0,118784,49.90,30555.80,31731.85,15,7454970,8008891,10394402816,38746935296
2025-05-14 07:31:14,42.748,4.364,0,0,219.60,30555.80,31731.85,15,7455167,8009088,10394402816,38746935296
2025-05-14 07:31:15,44.458,4.735,0,0,219.60,30555.80,31731.85,15,7455369,8009290,10394402816,38746935296
2025-05-14 07:31:15,41.771,4.491,0,0,49.90,30555.80,31731.85,15,7455570,8009491,10394402816,38746935296
2025-05-14 07:31:15,42.393,4.231,0,0,79.90,30555.80,31731.85,15,7455771,8009692,10394402816,38746935296
2025-05-14 07:31:15,42.165,4.315,0,0,49.90,30555.80,31731.85,15,7455973,8009894,10394402816,38746935296
2025-05-14 07:31:15,43.213,4.284,0,0,49.90,30555.80,31731.85,15,7456174,8010095,10394402816,38746935296
2025-05-14 07:31:16,41.122,4.282,0,0,59.90,30555.80,31731.85,15,7456375,8010296,10394402816,38746935296
2025-05-14 07:31:16,41.035,4.341,0,0,59.90,30555.80,31731.85,15,7456577,8010498,10394402816,38746935296
2025-05-14 07:31:16,43.501,4.416,0,0,59.90,30555.80,31731.85,15,7456778,8010699,10394402816,38746935296
2025-05-14 07:31:16,42.040,4.244,0,0,59.90,30555.80,31731.85,15,7456978,8010899,10394402816,38746935296
2025-05-14 07:31:16,43.950,4.306,0,0,49.90,30555.80,31731.85,15,7457196,8011125,10394402816,38747004928
2025-05-14 07:31:17,47.446,4.293,0,69632,49.90,30555.80,31731.85,15,7457396,8011325,10394402816,38747004928
2025-05-14 07:31:17,45.022,4.071,0,0,79.70,30555.80,31731.85,15,7457598,8011527,10394402816,38747004928
2025-05-14 07:31:17,45.514,4.138,0,0,69.90,30555.80,31731.85,15,7457799,8011728,10394402816,38747004928
2025-05-14 07:31:17,42.644,4.225,0,0,49.90,30555.80,31731.85,15,7458000,8011929,10394402816,38747004928
2025-05-14 07:31:17,43.036,4.147,0,0,269.50,30555.80,31731.85,15,7458204,8012133,10394402816,38747004928
2025-05-14 07:31:18,45.997,4.652,0,0,199.70,30555.80,31731.85,15,7458423,8012358,10394402816,38747131904
2025-05-14 07:31:18,44.204,4.373,0,126976,169.70,30555.80,31731.85,15,7458648,8012589,10394402816,38747414528
2025-05-14 07:31:18,44.054,4.178,0,282624,169.70,30555.80,31731.85,15,7458849,8012790,10394402816,38747414528
2025-05-14 07:31:18,44.433,4.360,0,0,169.70,30555.80,31731.85,15,7459049,8012990,10394402816,38747414528
2025-05-14 07:31:18,43.871,4.310,0,0,149.70,30555.80,31731.85,15,7459250,8013191,10394402816,38747414528
2025-05-14 07:31:19,43.862,4.283,0,0,169.70,30555.80,31731.85,15,7459452,8013393,10394402816,38747414528
2025-05-14 07:31:19,44.663,4.459,0,32768,139.80,30555.80,31731.85,15,7459666,8013612,10394402816,38747447296
2025-05-14 07:31:19,44.645,4.291,0,0,79.80,30555.80,31731.85,15,7459891,8013851,10394402816,38747504640
2025-05-14 07:31:19,41.578,4.086,0,57344,59.90,30555.80,31731.85,15,7460092,8014052,10394402816,38747504640
2025-05-14 07:31:20,44.418,4.031,0,0,139.80,30555.80,31731.85,15,7460293,8014253,10394402816,38747504640
2025-05-14 07:31:20,47.902,4.636,0,0,199.60,30555.80,31731.85,15,7460504,8014468,10394402816,38747557888
2025-05-14 07:31:20,47.185,4.650,0,61440,149.80,30555.80,31731.85,15,7460708,8014673,10394402816,38747566080
2025-05-14 07:31:20,47.777,4.548,0,0,159.70,30555.80,31731.85,15,7460913,8014878,10394402816,38747566080
2025-05-14 07:31:20,47.385,4.482,0,0,169.70,30555.80,31731.85,15,7461114,8015079,10394402816,38747566080
2025-05-14 07:31:21,48.699,4.588,0,0,149.70,30555.80,31731.85,15,7461307,8015275,10394402816,38747574272
2025-05-14 07:31:21,45.934,4.533,0,114688,289.40,30555.80,31731.85,15,7461547,8015524,10394402816,38748065792
2025-05-14 07:31:21,48.434,5.096,0,749568,539.00,30555.80,31731.85,15,7461879,8015903,10394402816,38749691904
2025-05-14 07:31:21,50.948,5.452,0,1974272,499.10,30555.80,31731.85,15,7462184,8016255,10394402816,38751191040
2025-05-14 07:31:21,49.812,5.395,0,962560,369.40,30555.80,31731.85,15,7462416,8016506,10394402816,38751576064
2025-05-14 07:31:22,48.965,5.116,0,233472,319.40,30555.80,31731.85,15,7462622,8016713,10394402816,38751600640
2025-05-14 07:31:22,48.273,4.976,0,32768,439.10,30555.80,31731.85,15,7462843,8016941,10394402816,38751739904
2025-05-14 07:31:22,47.988,5.167,0,393216,429.20,30555.80,31731.85,15,7463224,8017385,10394402816,38752202752
2025-05-14 07:31:22,47.829,5.113,0,417792,359.40,30555.80,31731.85,15,7463649,8017891,10394402816,38752653312
2025-05-14 07:31:22,47.437,5.130,0,327680,429.30,30555.80,31731.85,15,7464033,8018340,10394402816,38752927744
2025-05-14 07:31:23,46.307,5.312,0,892928,449.10,30555.80,31731.85,15,7464390,8018758,10394402816,38753738752
2025-05-14 07:31:23,47.296,5.111,0,143360,409.30,30555.80,31731.85,15,7464601,8018972,10394402816,38753808384
2025-05-14 07:31:23,46.194,4.941,0,0,459.10,30555.80,31731.85,15,7464808,8019180,10394402816,38753837056
2025-05-14 07:31:23,46.557,5.195,0,98304,489.10,30555.80,31731.85,15,7465066,8019459,10394402816,38753935360
2025-05-14 07:31:23,46.808,5.674,0,90112,449.10,30555.80,31731.85,15,7465281,8019679,10394402816,38754050048
2025-05-14 07:31:24,47.636,5.193,0,229376,469.10,30555.80,31731.85,15,7465590,8020025,10394402816,38754619392
2025-05-14 07:31:24,48.183,5.135,0,405504,399.30,30555.80,31731.85,15,7465796,8020233,10394402816,38754631680
2025-05-14 07:31:24,46.438,4.882,0,12288,409.30,30555.80,31731.85,15,7465998,8020436,10394402816,38754643968
2025-05-14 07:31:24,46.374,4.745,0,122880,369.30,30555.80,31731.85,15,7466388,8020893,10394402816,38754979840
2025-05-14 07:31:24,44.127,5.041,0,454656,159.70,30555.80,31731.85,15,7466912,8021526,10394402816,38755446784
2025-05-14 07:31:25,42.470,5.103,0,225280,139.80,30555.80,31731.85,15,7467113,8021727,10394402816,38755446784
2025-05-14 07:31:25,42.494,4.861,0,0,229.60,30555.80,31731.85,15,7467314,8021928,10394402816,38755446784
2025-05-14 07:31:25,45.698,5.841,0,4096,379.30,30555.80,31731.85,15,7467517,8022133,10394402816,38755463168
2025-05-14 07:31:25,45.823,5.139,0,12288,399.30,30555.80,31731.85,15,7467744,8022368,10394402816,38755536896
2025-05-14 07:31:25,46.755,5.301,0,872448,359.30,30555.80,31731.85,15,7468218,8022945,10394402816,38756564992
2025-05-14 07:31:26,46.291,5.106,0,442368,319.50,30555.80,31731.85,15,7468498,8023252,10394402816,38756876288
2025-05-14 07:31:26,46.544,5.064,0,106496,489.20,30555.80,31731.85,15,7468728,8023491,10394402816,38756978688
2025-05-14 07:31:26,48.677,5.600,0,102400,329.40,30555.80,31731.85,15,7468950,8023719,10394402816,38757040128
2025-05-14 07:31:26,47.561,5.126,0,57344,369.30,30555.80,31731.85,15,7469172,8023951,10394402816,38757081088
2025-05-14 07:31:26,48.230,5.215,0,217088,289.40,30555.80,31731.85,15,7469581,8024433,10394402816,38757384192
2025-05-14 07:31:27,49.373,5.166,0,122880,239.60,30555.80,31731.85,15,7469785,8024640,10394402816,38757625856
2025-05-14 07:31:27,50.147,5.046,0,245760,339.40,30555.80,31731.85,15,7469991,8024847,10394402816,38757629952
2025-05-14 07:31:27,50.266,5.140,0,0,269.50,30555.80,31731.85,15,7470185,8025041,10394402816,38757629952
2025-05-14 07:31:27,47.005,4.798,0,0,289.50,30555.80,31731.85,15,7470385,8025241,10394402816,38757629952
2025-05-14 07:31:27,46.453,4.942,0,172032,339.40,30555.80,31731.85,15,7470694,8025591,10394402816,38757801984
2025-05-14 07:31:28,47.752,5.050,0,12288,269.40,30555.80,31731.85,15,7470885,8025783,10394402816,38757814272
2025-05-14 07:31:28,46.105,4.805,0,0,439.10,30555.80,31731.85,15,7471087,8025985,10394402816,38757814272
2025-05-14 07:31:28,47.938,5.183,0,172032,369.30,30555.80,31731.85,15,7471805,8026883,10394402816,38758682624
2025-05-14 07:31:28,47.975,5.096,0,1687552,419.20,30555.80,31731.85,15,7472858,8028241,10394402816,38760312832
2025-05-14 07:31:28,48.176,5.038,0,1294336,379.40,30555.80,31731.85,15,7473932,8029621,10394402816,38761635840
2025-05-14 07:31:29,48.314,4.985,0,1343488,329.40,30555.80,31731.85,15,7475081,8031109,10394402816,38763442176
2025-05-14 07:31:29,47.865,5.095,0,2220032,379.30,30555.80,31731.85,15,7476232,8032593,10394402816,38765535232
2025-05-14 07:31:29,47.736,5.315,0,1949696,399.20,30555.80,31731.85,15,7477357,8034048,10394402816,38767419392
2025-05-14 07:31:29,47.401,5.186,0,1900544,359.30,30555.80,31731.85,15,7478523,8035558,10394402816,38769467392
2025-05-14 07:31:29,46.787,4.995,0,1576960,279.50,30555.80,31731.85,15,7478969,8036097,10394402816,38769983488
2025-05-14 07:31:30,46.011,4.930,0,90112,319.50,30555.80,31731.85,15,7479185,8036316,10394402816,38770106368
2025-05-14 07:31:30,46.102,5.034,0,86016,349.40,30555.80,31731.85,15,7479401,8036536,10394402816,38770163712
2025-05-14 07:31:30,46.174,5.327,0,61440,349.40,30555.80,31731.85,15,7479606,8036743,10394402816,38770196480
2025-05-14 07:31:30,46.594,5.094,0,32768,389.30,30555.80,31731.85,15,7479817,8036956,10394402816,38770319360
2025-05-14 07:31:30,47.093,5.422,0,229376,259.50,30555.80,31731.85,15,7480026,8037168,10394402816,38770458624
2025-05-14 07:31:31,46.777,5.350,0,0,349.30,30555.80,31731.85,15,7480235,8037377,10394402816,38770511872
2025-05-14 07:31:31,46.630,5.294,0,53248,369.30,30555.80,31731.85,15,7480430,8037572,10394402816,38770511872
2025-05-14 07:31:31,46.648,5.248,0,61440,359.30,30555.80,31731.85,15,7480660,8037808,10394402816,38770626560
2025-05-14 07:31:31,47.600,5.294,0,53248,309.50,30555.80,31731.85,15,7480846,8037994,10394402816,38770626560
2025-05-14 07:31:31,49.380,5.286,0,0,289.70,30555.80,31731.85,15,7481049,8038197,10394402816,38770626560
2025-05-14 07:31:32,51.213,5.381,0,65536,319.40,30555.80,31731.85,15,7481247,8038397,10394402816,38770728960
2025-05-14 07:31:32,46.858,5.305,0,36864,299.50,30555.80,31731.85,15,7481447,8038597,10394402816,38770728960
2025-05-14 07:31:32,46.671,5.270,0,28672,339.40,30555.80,31731.85,15,7481644,8038796,10394402816,38770806784
2025-05-14 07:31:32,46.431,5.155,0,49152,309.50,30555.80,31731.85,15,7481847,8039000,10394402816,38770810880
2025-05-14 07:31:32,45.960,5.199,0,4096,289.50,30555.80,31731.85,15,7482045,8039200,10394402816,38770819072
2025-05-14 07:31:33,48.044,5.225,0,131072,269.50,30555.80,31731.85,15,7482369,8039569,10394402816,38771077120
2025-05-14 07:31:33,46.365,4.802,0,135168,319.40,30555.80,31731.85,15,7482576,8039776,10394402816,38771077120
2025-05-14 07:31:33,46.703,4.944,0,0,319.50,30555.80,31731.85,15,7482772,8039972,10394402816,38771077120
2025-05-14 07:31:33,45.570,5.123,0,53248,329.40,30555.80,31731.85,15,7482976,8040177,10394402816,38771130368
2025-05-14 07:31:33,45.402,5.070,0,4096,349.40,30555.80,31731.85,15,7483180,8040382,10394402816,38771134464
2025-05-14 07:31:34,46.019,5.029,0,8192,319.40,30555.80,31731.85,15,7483386,8040590,10394402816,38771142656
2025-05-14 07:31:34,46.585,5.159,0,712704,319.40,30555.80,31731.85,15,7483869,8041179,10394402816,38772125696
2025-05-14 07:31:34,46.413,5.126,0,270336,289.40,30555.80,31731.85,15,7484075,8041388,10394402816,38772142080
2025-05-14 07:31:34,44.712,5.131,0,16384,389.30,30555.80,31731.85,15,7484272,8041585,10394402816,38772142080
2025-05-14 07:31:34,46.617,5.092,0,0,339.30,30555.80,31731.85,15,7484473,8041786,10394402816,38772142080
2025-05-14 07:31:35,46.137,4.956,0,0,329.40,30555.80,31731.85,15,7484700,8042022,10394402816,38772174848
2025-05-14 07:31:35,47.019,4.923,0,208896,319.40,30555.80,31731.85,15,7485070,8042450,10394402816,38772420608
2025-05-14 07:31:35,47.023,4.893,0,69632,329.50,30555.80,31731.85,15,7485275,8042655,10394402816,38772420608
2025-05-14 07:31:35,46.612,4.807,0,0,329.40,30555.80,31731.85,15,7485487,8042876,10394402816,38772457472
2025-05-14 07:31:35,46.136,4.792,0,36864,339.40,30555.80,31731.85,15,7485685,8043074,10394402816,38772457472
2025-05-14 07:31:36,46.427,4.760,0,0,349.40,30555.80,31731.85,15,7485884,8043273,10394402816,38772457472
2025-05-14 07:31:36,46.929,4.891,0,188416,309.60,30555.80,31731.85,15,7486266,8043715,10394402816,38772715520
2025-05-14 07:31:36,46.909,5.047,0,69632,269.50,30555.80,31731.85,15,7486454,8043903,10394402816,38772715520
2025-05-14 07:31:36,46.530,4.851,0,0,359.30,30555.80,31731.85,15,7486657,8044106,10394402816,38772715520
2025-05-14 07:31:36,47.128,4.881,0,0,309.40,30555.80,31731.85,15,7486857,8044306,10394402816,38772715520
2025-05-14 07:31:37,45.648,4.834,0,0,329.40,30555.80,31731.85,15,7487057,8044506,10394402816,38772715520
2025-05-14 07:31:37,46.661,4.733,0,0,349.30,30555.80,31731.85,15,7487246,8044695,10394402816,38772715520
2025-05-14 07:31:37,47.247,4.889,0,0,299.50,30555.80,31731.85,15,7487452,8044901,10394402816,38772715520
2025-05-14 07:31:37,46.293,4.687,0,0,289.50,30555.80,31731.85,15,7487663,8045112,10394402816,38772715520
2025-05-14 07:31:37,45.502,4.884,0,0,349.30,30555.80,31731.85,15,7487862,8045311,10394402816,38772715520
2025-05-14 07:31:38,47.276,4.957,0,0,319.40,30555.80,31731.85,15,7488060,8045509,10394402816,38772715520
2025-05-14 07:31:38,47.214,4.932,0,0,279.50,30555.80,31731.85,15,7488263,8045712,10394402816,38772715520
2025-05-14 07:31:38,47.015,4.968,0,61440,319.40,30555.80,31731.85,15,7488569,8046053,10394402816,38772924416
2025-05-14 07:31:38,46.467,4.963,0,872448,309.50,30555.80,31731.85,15,7488910,8046449,10394402816,38773649408
2025-05-14 07:31:38,46.891,4.934,0,0,349.30,30555.80,31731.85,15,7489122,8046661,10394402816,38773649408
2025-05-14 07:31:39,47.127,5.030,0,0,299.40,30555.80,31731.85,15,7489330,8046869,10394402816,38773649408
2025-05-14 07:31:39,47.052,5.027,0,0,329.40,30555.80,31731.85,15,7489523,8047062,10394402816,38773649408
2025-05-14 07:31:39,46.757,4.958,0,0,299.40,30555.80,31731.85,15,7489734,8047276,10394402816,38773702656
2025-05-14 07:31:39,47.445,4.870,0,122880,279.50,30555.80,31731.85,15,7489982,8047540,10394402816,38773772288
2025-05-14 07:31:39,46.512,4.841,0,0,249.60,30555.80,31731.85,15,7490181,8047739,10394402816,38773772288
2025-05-14 07:31:40,46.480,4.748,0,0,279.50,30555.80,31731.85,15,7490379,8047937,10394402816,38773772288
2025-05-14 07:31:40,46.564,4.814,0,0,299.50,30555.80,31731.85,15,7490586,8048145,10394402816,38773833728
2025-05-14 07:31:40,45.258,4.901,0,61440,289.50,30555.80,31731.85,15,7490790,8048349,10394402816,38773833728
2025-05-14 07:31:40,45.614,5.010,0,176128,299.50,30555.80,31731.85,15,7491126,8048729,10394402816,38774026240
2025-05-14 07:31:40,46.591,4.921,0,16384,279.50,30555.80,31731.85,15,7491327,8048930,10394402816,38774026240
2025-05-14 07:31:41,46.465,4.886,0,49152,339.40,30555.80,31731.85,15,7491532,8049136,10394402816,38774075392
2025-05-14 07:31:41,46.879,4.950,0,0,339.40,30555.80,31731.85,15,7491736,8049340,10394402816,38774075392
2025-05-14 07:31:41,46.707,5.078,0,77824,299.40,30555.80,31731.85,15,7491953,8049561,10394402816,38774153216
2025-05-14 07:31:41,47.155,5.059,0,8192,389.30,30555.80,31731.85,15,7492181,8049798,10394402816,38774542336
2025-05-14 07:31:41,48.639,5.162,0,442368,339.30,30555.80,31731.85,15,7492376,8049995,10394402816,38774616064
2025-05-14 07:31:42,47.804,5.160,0,12288,349.30,30555.80,31731.85,15,7492617,8050251,10394402816,38775029760
2025-05-14 07:31:42,47.119,5.041,0,634880,449.10,30555.80,31731.85,15,7492959,8050622,10394402816,38775812096
2025-05-14 07:31:42,49.676,5.335,0,1073152,389.30,30555.80,31731.85,15,7493200,8050885,10394402816,38776451072
2025-05-14 07:31:42,49.224,5.247,0,413696,389.30,30555.80,31731.85,15,7493449,8051152,10394402816,38776762368
2025-05-14 07:31:42,46.748,4.744,0,24576,409.30,30555.80,31731.85,15,7493646,8051349,10394402816,38776762368
2025-05-14 07:31:43,47.351,4.650,0,0,399.30,30555.80,31731.85,15,7493848,8051551,10394402816,38776762368
2025-05-14 07:31:43,47.284,4.961,0,36864,329.40,30555.80,31731.85,15,7494050,8051754,10394402816,38776799232
2025-05-14 07:31:43,46.508,5.165,0,94208,349.40,30555.80,31731.85,15,7494402,8052161,10394402816,38777090048
2025-05-14 07:31:43,46.971,5.028,0,339968,299.40,30555.80,31731.85,15,7494838,8052685,10394402816,38777499648
2025-05-14 07:31:43,47.091,4.939,0,311296,339.30,30555.80,31731.85,15,7495053,8052905,10394402816,38777544704
2025-05-14 07:31:44,46.945,4.917,0,0,359.40,30555.80,31731.85,15,7495256,8053109,10394402816,38777573376
2025-05-14 07:31:44,47.464,4.888,0,61440,419.20,30555.80,31731.85,15,7495508,8053377,10394402816,38777839616
2025-05-14 07:31:44,48.608,5.070,0,491520,369.30,30555.80,31731.85,15,7495888,8053817,10394402816,38778277888
2025-05-14 07:31:44,46.630,4.704,0,217088,409.30,30555.80,31731.85,15,7496115,8054052,10394402816,38778314752
2025-05-14 07:31:44,46.950,4.907,0,0,379.30,30555.80,31731.85,15,7496309,8054246,10394402816,38778314752
2025-05-14 07:31:45,46.968,4.879,0,8192,419.30,30555.80,31731.85,15,7496523,8054464,10394402816,38778343424
2025-05-14 07:31:45,47.415,4.907,0,36864,409.30,30555.80,31731.85,15,7496743,8054690,10394402816,38778380288
2025-05-14 07:31:45,47.281,5.188,0,40960,389.20,30555.80,31731.85,15,7496948,8054900,10394402816,38778408960
2025-05-14 07:31:45,46.570,5.185,0,8192,429.10,30555.80,31731.85,15,7497164,8055116,10394402816,38778408960
2025-05-14 07:31:45,46.004,5.253,0,733184,469.10,30555.80,31731.85,15,7497608,8055646,10394402816,38779396096
2025-05-14 07:31:46,47.692,5.216,0,520192,439.20,30555.80,31731.85,15,7498059,8056181,10394402816,38779822080
2025-05-14 07:31:46,46.323,5.060,0,159744,419.30,30555.80,31731.85,15,7498264,8056387,10394402816,38779834368
2025-05-14 07:31:46,45.889,5.377,0,28672,399.20,30555.80,31731.85,15,7498476,8056601,10394402816,38779871232
2025-05-14 07:31:46,46.050,5.188,0,40960,389.30,30555.80,31731.85,15,7498696,8056828,10394402816,38779949056
2025-05-14 07:31:46,47.141,5.163,0,229376,349.40,30555.80,31731.85,15,7499127,8057337,10394402816,38780293120
2025-05-14 07:31:47,46.843,5.220,0,425984,389.30,30555.80,31731.85,15,7499482,8057743,10394402816,38780600320
2025-05-14 07:31:47,47.823,5.217,0,53248,499.00,30555.80,31763.86,19,7499694,8057967,10394443776,38781865984
2025-05-14 07:31:47,49.239,5.422,40960,1290240,399.30,30555.80,31763.86,19,7499910,8058188,10394443776,38781919232
2025-05-14 07:31:47,46.850,5.303,0,28672,369.30,30555.80,31763.86,19,7500114,8058393,10394443776,38781927424
2025-05-14 07:31:47,45.999,5.083,0,8192,319.30,30555.80,31763.86,19,7500336,8058622,10394443776,38782009344
2025-05-14 07:31:48,45.749,5.075,0,81920,339.40,30555.80,31763.86,19,7500537,8058823,10394443776,38782009344
2025-05-14 07:31:48,46.362,5.193,0,28672,309.50,30555.80,31763.86,19,7500746,8059035,10394443776,38782038016
2025-05-14 07:31:48,45.539,5.002,0,16384,319.50,30555.80,31763.86,19,7500950,8059241,10394443776,38782054400
2025-05-14 07:31:48,45.678,5.072,0,0,319.50,30555.80,31763.86,19,7501157,8059449,10394443776,38782070784
2025-05-14 07:31:48,45.228,5.054,0,16384,299.50,30555.80,31763.86,19,7501358,8059650,10394443776,38782070784
2025-05-14 07:31:49,45.062,4.951,0,36864,309.50,30555.80,31763.86,19,7501580,8059879,10394443776,38782156800
2025-05-14 07:31:49,46.539,5.222,0,49152,279.50,30555.80,31763.86,19,7501791,8060104,10394443776,38782697472
2025-05-14 07:31:49,46.320,5.029,0,561152,259.50,30555.80,31763.86,19,7501994,8060309,10394443776,38782717952
2025-05-14 07:31:49,45.598,4.768,0,8192,319.50,30555.80,31763.86,19,7502209,8060524,10394443776,38782726144
2025-05-14 07:31:49,46.857,4.973,0,0,279.50,30555.80,31763.86,19,7502404,8060719,10394443776,38782726144
2025-05-14 07:31:50,46.823,4.843,0,0,289.40,30555.80,31763.86,19,7502607,8060925,10394443776,38782754816
2025-05-14 07:31:50,47.472,4.883,0,28672,339.40,30555.80,31763.86,19,7502800,8061118,10394443776,38782754816
2025-05-14 07:31:50,46.334,4.965,0,0,339.40,30555.80,31763.86,19,7503002,8061320,10394443776,38782754816
2025-05-14 07:31:50,46.128,5.046,0,0,319.50,30555.80,31763.86,19,7503202,8061520,10394443776,38782754816
2025-05-14 07:31:50,45.352,5.033,0,0,269.50,30555.80,31763.86,19,7503404,8061722,10394443776,38782754816
2025-05-14 07:31:51,45.406,5.104,0,0,329.40,30555.80,31763.86,19,7503605,8061923,10394443776,38782754816
2025-05-14 07:31:51,46.019,5.175,0,0,269.50,30555.80,31763.86,19,7503807,8062125,10394443776,38782754816
2025-05-14 07:31:51,44.615,5.138,0,176128,319.50,30555.80,31763.86,19,7504039,8062370,10394443776,38782930944
2025-05-14 07:31:51,43.628,5.197,0,0,319.50,30555.80,31763.86,19,7504237,8062568,10394443776,38782930944
2025-05-14 07:31:52,44.770,5.339,0,0,319.40,30555.80,31763.86,19,7504437,8062768,10394443776,38782930944
2025-05-14 07:31:52,45.367,5.454,0,4096,319.40,30555.80,31763.86,19,7504642,8062974,10394443776,38782935040
2025-05-14 07:31:52,44.257,5.172,0,0,319.50,30555.80,31763.86,19,7504843,8063175,10394443776,38782935040
2025-05-14 07:31:52,44.424,5.146,4096,69632,239.60,30555.80,31763.86,19,7505057,8063403,10394447872,38783004672
2025-05-14 07:31:52,45.174,4.887,0,0,269.50,30555.80,31763.86,19,7505258,8063604,10394447872,38783004672
2025-05-14 07:31:53,45.768,5.029,0,0,239.60,30555.80,31763.86,19,7505462,8063808,10394447872,38783004672
2025-05-14 07:31:53,42.684,5.106,0,36864,299.60,30555.80,31763.86,19,7505660,8064007,10394447872,38783041536
2025-05-14 07:31:53,45.342,5.006,0,20480,289.50,30555.80,31763.86,19,7505879,8064232,10394447872,38783066112
2025-05-14 07:31:53,45.687,5.068,0,20480,289.50,30555.80,31763.86,19,7506095,8064453,10394447872,38783090688
2025-05-14 07:31:53,44.923,4.894,0,8192,269.60,30555.80,31763.86,19,7506296,8064654,10394447872,38783090688
2025-05-14 07:31:54,47.573,5.088,0,24576,329.50,30555.80,31763.86,19,7506500,8064860,10394447872,38783115264
2025-05-14 07:31:54,45.544,5.189,0,8192,309.50,30555.80,31763.86,19,7506697,8065059,10394447872,38783123456
2025-05-14 07:31:54,45.396,5.137,0,0,389.20,30555.80,31763.86,19,7506897,8065259,10394447872,38783123456
2025-05-14 07:31:54,46.276,5.051,0,0,309.50,30555.80,31763.86,19,7507097,8065459,10394447872,38783123456
2025-05-14 07:31:54,43.425,5.219,0,0,299.50,30555.80,31763.86,19,7507290,8065652,10394447872,38783123456
2025-05-14 07:31:55,43.827,5.151,0,0,279.50,30555.80,31763.86,19,7507491,8065853,10394447872,38783123456
2025-05-14 07:31:55,46.674,5.254,0,12288,299.30,30555.80,31763.86,19,7507700,8066066,10394447872,38783135744
2025-05-14 07:31:55,44.215,5.169,0,4096,379.40,30555.80,31763.86,19,7507901,8066267,10394447872,38783139840
2025-05-14 07:31:55,45.309,5.176,0,0,309.50,30555.80,31763.86,19,7508102,8066468,10394447872,38783139840
2025-05-14 07:31:55,45.848,5.137,0,0,319.40,30555.80,31763.86,19,7508309,8066676,10394447872,38783148032
2025-05-14 07:31:56,45.590,5.297,0,8192,349.30,30555.80,31763.86,19,7508511,8066878,10394447872,38783148032
2025-05-14 07:31:56,45.416,5.220,0,0,369.40,30555.80,31763.86,19,7508713,8067081,10394447872,38783156224
2025-05-14 07:31:56,46.137,5.184,0,8192,299.50,30555.80,31763.86,19,7508914,8067282,10394447872,38783156224
2025-05-14 07:31:56,45.985,5.054,0,0,309.40,30555.80,31763.86,19,7509114,8067482,10394447872,38783156224
2025-05-14 07:31:56,45.238,5.198,0,0,279.50,30555.80,31763.86,19,7509315,8067683,10394447872,38783156224
2025-05-14 07:31:57,45.605,4.999,0,0,269.50,30555.80,31763.86,19,7509517,8067885,10394447872,38783156224
2025-05-14 07:31:57,45.380,5.079,0,0,269.50,30555.80,31763.86,19,7509751,8068132,10394447872,38783209472
2025-05-14 07:31:57,44.588,5.005,0,53248,289.50,30555.80,31763.86,19,7509952,8068333,10394447872,38783209472
2025-05-14 07:31:57,46.103,5.057,0,0,279.50,30555.80,31763.86,19,7510157,8068539,10394447872,38783217664
2025-05-14 07:31:57,45.383,4.920,0,8192,289.50,30555.80,31763.86,19,7510354,8068736,10394447872,38783217664
2025-05-14 07:31:58,45.620,4.989,0,8192,299.50,30555.80,31763.86,19,7510561,8068944,10394447872,38783225856
2025-05-14 07:31:58,44.656,5.108,0,0,389.40,30555.80,31763.86,19,7510762,8069145,10394447872,38783225856
2025-05-14 07:31:58,44.990,5.090,0,0,339.40,30555.80,31763.86,19,7510966,8069350,10394447872,38783258624
2025-05-14 07:31:58,44.194,5.288,0,32768,319.40,30555.80,31763.86,19,7511164,8069548,10394447872,38783258624
2025-05-14 07:31:58,44.669,5.217,0,12288,339.40,30555.80,31763.86,19,7511371,8069758,10394447872,38783287296
2025-05-14 07:31:59,45.601,5.195,0,28672,369.30,30555.80,31763.86,19,7511582,8069972,10394447872,38783303680
2025-05-14 07:31:59,46.092,5.067,0,16384,349.40,30555.80,31763.86,19,7511791,8070185,10394447872,38783324160
2025-05-14 07:31:59,45.659,5.109,0,12288,349.40,30555.80,31763.86,19,7512001,8070398,10394447872,38783340544
2025-05-14 07:31:59,45.648,5.061,0,20480,269.50,30555.80,31763.86,19,7512209,8070608,10394447872,38783348736
2025-05-14 07:31:59,44.897,5.171,0,4096,419.30,30555.80,31763.86,19,7512410,8070810,10394447872,38783352832
2025-05-14 07:32:00,46.920,5.242,0,0,459.20,30555.80,31763.86,19,7512610,8071010,10394447872,38783352832
2025-05-14 07:32:00,47.202,5.196,0,0,429.30,30555.80,31763.86,19,7512803,8071203,10394447872,38783352832
2025-05-14 07:32:00,44.867,5.408,0,8192,359.40,30555.80,31763.86,19,7513041,8071455,10394447872,38784430080
2025-05-14 07:32:00,45.708,5.276,0,1593344,349.30,30555.80,31763.86,19,7513245,8071664,10394447872,38784954368
2025-05-14 07:32:00,45.017,4.839,0,0,369.40,30555.80,31763.86,19,7513441,8071860,10394447872,38784954368
2025-05-14 07:32:01,45.599,4.921,0,32768,369.30,30555.80,31763.86,19,7513788,8072257,10394447872,38785183744
2025-05-14 07:32:01,46.185,5.308,0,368640,429.30,30555.80,31763.86,19,7514234,8072793,10394447872,38785593344
2025-05-14 07:32:01,46.195,5.156,0,274432,399.20,30555.80,31763.86,19,7514467,8073035,10394447872,38785630208
2025-05-14 07:32:01,45.241,5.088,0,0,399.30,30555.80,31763.86,19,7514669,8073238,10394447872,38785646592
2025-05-14 07:32:01,46.100,4.955,0,40960,339.40,30555.80,31763.86,19,7514880,8073452,10394447872,38785671168
2025-05-14 07:32:02,45.257,5.009,0,24576,449.20,30555.80,31763.86,19,7515206,8073821,10394447872,38785855488
2025-05-14 07:32:02,46.224,4.979,0,364544,459.10,30555.80,31763.86,19,7515582,8074257,10394447872,38786129920
2025-05-14 07:32:02,46.658,5.008,0,69632,409.30,30555.80,31763.86,19,7515789,8074465,10394447872,38786195456
2025-05-14 07:32:02,45.916,5.070,0,65536,439.30,30555.80,31763.86,19,7515995,8074673,10394447872,38786215936
2025-05-14 07:32:02,47.430,5.212,0,98304,429.30,30555.80,31763.86,19,7516221,8074907,10394447872,38786330624
2025-05-14 07:32:03,46.671,5.220,0,69632,429.30,30555.80,31763.86,19,7516440,8075132,10394447872,38786367488
2025-05-14 07:32:03,46.631,4.861,0,679936,419.10,30555.80,31763.86,19,7516847,8075617,10394447872,38787182592
2025-05-14 07:32:03,46.615,4.806,0,139264,379.30,30555.80,31763.86,19,7517050,8075819,10394447872,38787182592
2025-05-14 07:32:03,45.062,5.010,0,24576,359.40,30555.80,31763.86,19,7517255,8076025,10394447872,38787207168
2025-05-14 07:32:03,44.743,5.209,0,0,379.40,30555.80,31763.86,19,7517464,8076235,10394447872,38787219456
2025-05-14 07:32:04,45.875,5.206,0,16384,399.30,30555.80,31763.86,19,7517673,8076443,10394488832,38787223552
2025-05-14 07:32:04,46.438,5.104,40960,8192,409.30,30555.80,31763.86,19,7517883,8076656,10394488832,38787248128
2025-05-14 07:32:04,46.768,5.141,0,114688,439.30,30555.80,31763.86,19,7518164,8076961,10394488832,38787584000
2025-05-14 07:32:04,46.780,5.162,0,434176,519.10,30555.80,31763.86,19,7518454,8077282,10394488832,38788104192
2025-05-14 07:32:04,48.346,5.426,0,512000,389.30,30555.80,31763.86,19,7518666,8077498,10394488832,38788292608
2025-05-14 07:32:05,48.239,5.123,0,0,369.30,30555.80,31763.86,19,7518866,8077698,10394488832,38788292608
2025-05-14 07:32:05,49.481,4.785,0,0,389.30,30555.80,31763.86,19,7519065,8077897,10394488832,38788292608
2025-05-14 07:32:05,48.612,4.962,4096,229376,369.40,30555.80,31763.86,19,7519392,8078268,10394492928,38788661248
2025-05-14 07:32:05,48.707,5.107,0,147456,389.30,30555.80,31763.86,19,7519605,8078484,10394492928,38788677632
2025-05-14 07:32:05,45.780,5.267,0,8192,339.60,30555.80,31763.86,19,7519806,8078685,10394492928,38788677632
2025-05-14 07:32:06,46.266,5.211,0,8192,389.20,30555.80,31763.86,19,7520033,8078921,10394492928,38788788224
2025-05-14 07:32:06,47.499,5.421,0,217088,419.30,30555.80,31763.86,19,7520287,8079192,10394492928,38789099520
2025-05-14 07:32:06,46.407,5.150,0,262144,369.20,30555.80,31763.86,19,7520593,8079535,10394492928,38789255168
2025-05-14 07:32:06,46.404,5.136,0,90112,339.40,30555.80,31763.86,19,7520788,8079731,10394492928,38789267456
2025-05-14 07:32:06,46.278,5.050,0,86016,339.40,30555.80,31763.86,19,7521000,8079949,10394492928,38789464064
2025-05-14 07:32:07,45.526,5.014,0,413696,349.40,30555.80,31763.86,19,7521218,8080173,10394492928,38789763072
2025-05-14 07:32:07,46.463,4.979,0,360448,359.40,30555.80,31763.86,19,7521453,8080421,10394492928,38790115328
2025-05-14 07:32:07,46.883,5.180,0,503808,369.30,30555.80,31763.86,19,7521816,8080842,10394492928,38791155712
2025-05-14 07:32:07,46.723,5.254,0,733184,329.40,30555.80,31763.86,19,7522123,8081186,10394492928,38791495680
2025-05-14 07:32:07,46.457,5.167,0,266240,309.50,30555.80,31763.86,19,7522346,8081417,10394492928,38791622656
2025-05-14 07:32:08,47.189,5.198,0,147456,299.50,30555.80,31763.86,19,7522568,8081646,10394492928,38791770112
2025-05-14 07:32:08,44.474,5.116,0,8192,289.80,30555.80,31763.86,19,7522775,8081855,10394492928,38791778304
2025-05-14 07:32:08,43.707,5.134,0,4096,279.40,30555.80,31763.86,19,7522963,8082043,10394492928,38791778304
2025-05-14 07:32:08,47.481,5.186,0,0,269.50,30555.80,31763.86,19,7523158,8082238,10394492928,38791778304
2025-05-14 07:32:08,44.070,5.065,0,61440,309.40,30555.80,31763.86,19,7523366,8082449,10394492928,38791925760
2025-05-14 07:32:09,44.794,4.824,0,147456,339.30,30555.80,31763.86,19,7523572,8082657,10394492928,38792048640
2025-05-14 07:32:09,45.186,4.850,0,98304,349.40,30555.80,31763.86,19,7523796,8082887,10394492928,38792138752
2025-05-14 07:32:09,46.089,5.140,0,122880,319.40,30555.80,31763.86,19,7524007,8083103,10394492928,38792286208
2025-05-14 07:32:09,44.488,4.955,0,102400,279.50,30555.80,31763.86,19,7524244,8083367,10394497024,38792409088
2025-05-14 07:32:09,45.318,4.951,4096,237568,419.20,30555.80,31763.86,19,7524478,8083612,10394497024,38792712192
2025-05-14 07:32:10,47.055,5.073,0,307200,329.40,30555.80,31763.86,19,7524695,8083834,10394497024,38792855552
2025-05-14 07:32:10,44.774,4.807,0,45056,319.50,30555.80,31763.86,19,7524898,8084038,10394497024,38792900608
2025-05-14 07:32:10,45.485,4.887,0,0,269.60,30555.80,31763.86,19,7525099,8084239,10394497024,38792900608
2025-05-14 07:32:10,45.813,5.136,0,147456,329.40,30555.80,31763.86,19,7525328,8084474,10394497024,38793121792
2025-05-14 07:32:10,46.734,5.086,0,147456,339.40,30555.80,31763.86,19,7525549,8084703,10394497024,38793302016
2025-05-14 07:32:11,45.497,4.822,0,172032,329.40,30555.80,31763.86,19,7525759,8084916,10394497024,38793408512
2025-05-14 07:32:11,46.014,4.845,0,110592,319.40,30555.80,31763.86,19,7525970,8085132,10394497024,38793523200
2025-05-14 07:32:11,45.632,4.978,0,49152,329.40,30555.80,31763.86,19,7526179,8085343,10394497024,38793551872
2025-05-14 07:32:11,45.562,4.900,0,24576,349.40,30555.80,31763.86,19,7526381,8085545,10394497024,38793551872
2025-05-14 07:32:11,45.435,5.033,0,0,289.80,30555.80,31763.86,19,7526579,8085743,10394497024,38793551872
2025-05-14 07:32:12,45.406,4.948,0,77824,359.50,30555.80,31763.86,19,7526793,8085962,10394497024,38793699328
2025-05-14 07:32:12,45.362,4.947,0,69632,329.40,30555.80,31763.86,19,7526994,8086163,10394497024,38793699328
2025-05-14 07:32:12,45.141,4.919,0,24576,219.60,30555.80,31763.86,19,7527205,8086377,10394497024,38793732096
2025-05-14 07:32:12,46.360,5.027,0,24576,269.50,30555.80,31763.86,19,7527415,8086591,10394497024,38793838592
2025-05-14 07:32:12,45.542,5.122,0,90112,309.40,30555.80,31763.86,19,7527617,8086795,10394497024,38793904128
2025-05-14 07:32:13,46.972,5.307,0,102400,319.40,30555.80,31763.86,19,7527813,8086997,10394497024,38794018816
2025-05-14 07:32:13,45.719,5.065,0,77824,319.40,30555.80,31763.86,19,7528019,8087207,10394497024,38794096640
2025-05-14 07:32:13,46.088,5.098,0,81920,299.50,30555.80,31763.86,19,7528228,8087419,10394497024,38794170368
2025-05-14 07:32:13,45.438,4.823,0,69632,289.40,30555.80,31763.86,19,7528432,8087624,10394497024,38794178560
2025-05-14 07:32:13,45.358,4.889,0,81920,339.40,30555.80,31763.86,19,7528656,8087853,10394497024,38794260480
2025-05-14 07:32:14,46.637,4.979,0,81920,359.40,30555.80,31763.86,19,7528885,8088091,10394497024,38794485760
2025-05-14 07:32:14,45.501,4.777,0,155648,309.50,30555.80,31763.86,19,7529091,8088299,10394497024,38794493952
2025-05-14 07:32:14,45.289,4.734,0,8192,289.50,30555.80,31763.86,19,7529295,8088504,10394497024,38794498048
2025-05-14 07:32:14,45.117,4.856,0,126976,289.50,30555.80,31763.86,19,7529507,8088720,10394497024,38794629120
2025-05-14 07:32:14,44.242,4.829,0,4096,309.50,30555.80,31763.86,19,7529708,8088921,10394497024,38794629120
2025-05-14 07:32:15,44.504,4.856,0,0,289.50,30555.80,31763.86,19,7529910,8089123,10394497024,38794629120
2025-05-14 07:32:15,42.867,4.965,0,176128,299.50,30555.80,31763.86,19,7530123,8089340,10394497024,38794805248
2025-05-14 07:32:15,45.094,4.688,0,0,309.50,30555.80,31763.86,19,7530329,8089546,10394497024,38794805248
2025-05-14 07:32:15,44.654,4.725,0,49152,329.50,30555.80,31763.86,19,7530542,8089761,10394497024,38794956800
2025-05-14 07:32:15,45.065,4.724,0,102400,329.50,30555.80,31763.86,19,7530753,8089975,10394497024,38795075584
2025-05-14 07:32:16,45.098,4.753,0,118784,319.70,30555.80,31763.86,19,7530954,8090176,10394497024,38795075584
2025-05-14 07:32:16,45.183,4.773,0,36864,239.60,30555.80,31763.86,19,7531164,8090389,10394497024,38795120640
2025-05-14 07:32:16,44.094,4.705,0,12288,309.40,30555.80,31763.86,19,7531371,8090598,10394497024,38795132928
2025-05-14 07:32:16,45.014,4.767,0,12288,299.50,30555.80,31763.86,19,7531575,8090806,10394497024,38795145216
2025-05-14 07:32:16,43.132,4.851,0,8192,299.50,30555.80,31763.86,19,7531780,8091011,10394497024,38795153408
2025-05-14 07:32:17,44.670,4.849,0,20480,329.40,30555.80,31763.86,19,7531990,8091224,10394497024,38795169792
2025-05-14 07:32:17,44.978,4.767,0,4096,299.50,30555.80,31763.86,19,7532191,8091425,10394497024,38795169792
2025-05-14 07:32:17,44.984,4.739,0,4096,349.40,30555.80,31763.86,19,7532403,8091642,10394497024,38795313152
2025-05-14 07:32:17,45.642,4.809,0,143360,299.50,30555.80,31763.86,19,7532608,8091848,10394497024,38795317248
2025-05-14 07:32:17,44.787,4.769,0,0,299.50,30555.80,31763.86,19,7532812,8092053,10394497024,38795321344
2025-05-14 07:32:18,45.013,4.806,0,4096,279.40,30555.80,31763.86,19,7533013,8092254,10394497024,38795321344
2025-05-14 07:32:18,45.008,4.806,0,0,329.40,30555.80,31763.86,19,7533222,8092466,10394497024,38795390976
2025-05-14 07:32:18,44.803,4.831,0,69632,309.50,30555.80,31763.86,19,7533424,8092668,10394497024,38795390976
2025-05-14 07:32:18,45.283,4.724,0,0,309.70,30555.80,31763.86,19,7533635,8092884,10394497024,38795464704
2025-05-14 07:32:18,44.895,4.709,0,77824,319.40,30555.80,31763.86,19,7533839,8093089,10394497024,38795468800
2025-05-14 07:32:19,44.980,4.741,0,139264,349.40,30555.80,31763.86,19,7534055,8093310,10394497024,38795608064
2025-05-14 07:32:19,44.997,4.738,0,0,319.50,30555.80,31763.86,19,7534256,8093511,10394497024,38795608064
2025-05-14 07:32:19,44.551,4.634,0,0,339.50,30555.80,31763.86,19,7534458,8093713,10394497024,38795608064
2025-05-14 07:32:19,45.702,4.796,0,81920,329.50,30555.80,31763.86,19,7534665,8093922,10394497024,38795689984
2025-05-14 07:32:19,45.041,4.744,0,0,359.40,30555.80,31763.86,19,7534866,8094123,10394497024,38795689984
2025-05-14 07:32:20,45.293,4.870,0,0,349.30,30555.80,31763.86,19,7535067,8094324,10394497024,38795689984
2025-05-14 07:32:20,45.509,4.796,0,0,349.40,30555.80,31763.86,19,7535264,8094521,10394497024,38795689984
2025-05-14 07:32:20,45.215,4.853,0,0,319.40,30555.80,31763.86,19,7535465,8094722,10394497024,38795689984
2025-05-14 07:32:20,45.360,4.839,0,114688,369.40,30555.80,31763.86,19,7535681,8094943,10394497024,38795870208
2025-05-14 07:32:20,44.775,4.861,0,65536,299.40,30555.80,31763.86,19,7535886,8095148,10394497024,38795870208
2025-05-14 07:32:21,45.666,4.816,0,73728,299.40,30555.80,31763.86,19,7536095,8095361,10394497024,38795943936
2025-05-14 07:32:21,44.546,4.702,0,0,319.40,30555.80,31763.86,19,7536294,8095560,10394497024,38795943936
2025-05-14 07:32:21,44.964,5.234,0,77824,399.30,30555.80,31763.86,19,7536511,8095782,10394497024,38796029952
2025-05-14 07:32:21,46.906,5.059,0,163840,399.30,30555.80,31763.86,19,7536736,8096019,10394497024,38796234752
2025-05-14 07:32:21,46.798,4.959,0,110592,409.20,30555.80,31763.86,19,7536952,8096240,10394497024,38796365824
2025-05-14 07:32:22,46.580,5.164,0,192512,419.30,30555.80,31763.86,19,7537179,8096476,10394497024,38796636160
2025-05-14 07:32:22,47.673,5.275,0,364544,459.20,30555.80,31763.86,19,7537442,8096761,10394497024,38797070336
2025-05-14 07:32:22,47.734,5.395,0,495616,469.20,30555.80,31763.86,19,7537683,8097018,10394497024,38797508608
2025-05-14 07:32:22,48.090,5.622,0,286720,578.90,30555.80,31763.86,19,7537903,8097251,10394497024,38797811712
2025-05-14 07:32:23,49.661,5.353,0,495616,359.30,30555.80,31763.86,19,7538138,8097499,10394497024,38798241792
2025-05-14 07:32:23,48.932,5.054,0,110592,339.40,30555.80,31763.86,19,7538342,8097706,10394497024,38798262272
2025-05-14 07:32:23,47.349,4.988,0,20480,219.60,30555.80,31763.86,19,7538546,8097911,10394497024,38798274560
2025-05-14 07:32:23,47.606,4.836,0,57344,399.30,30555.80,31763.86,19,7538769,8098142,10394497024,38798393344
2025-05-14 07:32:23,47.727,5.046,0,167936,159.70,30555.80,31763.86,19,7538991,8098371,10394497024,38798487552
2025-05-14 07:32:24,45.172,4.555,0,0,139.70,30555.80,31763.86,19,7539188,8098568,10394497024,38798487552
2025-05-14 07:32:24,44.022,4.312,0,0,39.90,30555.80,31763.86,19,7539395,8098775,10394497024,38798487552
2025-05-14 07:32:24,41.817,3.955,0,0,59.90,30555.80,31763.86,19,7539596,8098976,10394497024,38798487552
2025-05-14 07:32:24,42.875,4.086,0,0,149.70,30555.80,31763.86,19,7539796,8099176,10394497024,38798487552
2025-05-14 07:32:24,41.890,4.201,0,0,129.80,30555.80,31763.86,19,7539998,8099378,10394497024,38798487552
2025-05-14 07:32:25,45.365,4.469,0,0,179.70,30555.80,31763.86,19,7540208,8099591,10394497024,38798508032
2025-05-14 07:32:25,45.419,4.414,0,20480,149.70,30555.80,31763.86,19,7540408,8099791,10394497024,38798508032
2025-05-14 07:32:25,43.868,4.232,0,0,149.80,30555.80,31763.86,19,7540609,8099992,10394497024,38798508032
2025-05-14 07:32:25,43.696,4.012,0,0,149.70,30555.80,31763.86,19,7540810,8100193,10394497024,38798508032
2025-05-14 07:32:25,43.562,4.054,0,0,109.80,30555.80,31763.86,19,7541012,8100395,10394497024,38798508032
2025-05-14 07:32:26,44.222,4.429,0,0,89.80,30555.85,31763.86,19,7541301,8100712,10394497024,38798663680
2025-05-14 07:32:26,40.940,4.006,0,155648,39.90,30555.85,31763.86,19,7541502,8100913,10394497024,38798663680
2025-05-14 07:32:26,41.679,4.009,0,0,49.90,30555.85,31763.86,19,7541703,8101114,10394497024,38798663680
2025-05-14 07:32:26,41.392,3.885,0,0,49.90,30555.85,31763.86,19,7541904,8101315,10394497024,38798663680
2025-05-14 07:32:26,43.859,4.080,0,81920,179.70,30555.85,31763.86,19,7542128,8101556,10394497024,38798745600
2025-05-14 07:32:27,46.041,4.021,0,0,149.70,30555.85,31763.86,19,7542327,8101755,10394497024,38798745600
2025-05-14 07:32:27,42.594,3.928,0,0,49.90,30555.85,31763.86,19,7542532,8101960,10394497024,38798745600
2025-05-14 07:32:27,42.700,4.103,0,0,49.90,30555.85,31763.86,19,7542733,8102161,10394497024,38798745600
2025-05-14 07:32:27,42.147,3.975,12288,380928,49.90,30555.85,31763.86,19,7542938,8102371,10394509312,38799126528
2025-05-14 07:32:27,41.958,3.978,0,0,49.90,30555.85,31763.86,19,7543147,8102583,10394509312,38799155200
2025-05-14 07:32:28,42.813,4.007,0,28672,89.80,30555.85,31763.86,19,7543349,8102785,10394509312,38799155200
2025-05-14 07:32:28,44.177,4.270,0,0,329.40,30555.85,31763.86,19,7543542,8102978,10394509312,38799155200
2025-05-14 07:32:28,46.670,4.631,0,0,79.90,30555.85,31763.86,19,7543745,8103181,10394509312,38799155200
2025-05-14 07:32:28,42.808,4.185,0,0,129.80,30555.85,31763.86,19,7543945,8103381,10394509312,38799155200
2025-05-14 07:32:28,43.254,4.215,0,0,259.60,30555.85,31763.86,19,7544149,8103586,10394509312,38799159296
2025-05-14 07:32:29,44.842,4.310,0,4096,89.90,30555.85,31763.86,19,7544350,8103787,10394509312,38799159296
2025-05-14 07:32:29,43.521,4.447,0,0,169.70,30555.85,31763.86,19,7544551,8103988,10394509312,38799159296
2025-05-14 07:32:29,44.444,4.369,0,0,109.80,30555.85,31763.86,19,7544752,8104189,10394509312,38799159296
2025-05-14 07:32:29,44.147,4.537,0,0,419.30,30555.85,31763.86,19,7544957,8104397,10394509312,38799171584
2025-05-14 07:32:29,45.734,4.654,0,12288,59.90,30555.85,31763.86,19,7545159,8104598,10394509312,38799171584
2025-05-14 07:32:30,46.742,4.465,0,0,139.80,30555.85,31763.86,19,7545357,8104796,10394509312,38799171584
2025-05-14 07:32:30,45.370,4.418,0,0,99.80,30555.85,31763.86,19,7545562,8105001,10394509312,38799171584
2025-05-14 07:32:30,41.873,4.042,0,0,69.90,30555.85,31763.86,19,7545763,8105202,10394509312,38799171584
2025-05-14 07:32:30,42.160,4.217,0,0,159.70,30555.85,31763.86,19,7545968,8105407,10394509312,38799171584
2025-05-14 07:32:30,44.389,4.573,0,0,219.60,30555.85,31763.86,19,7546169,8105608,10394509312,38799171584
2025-05-14 07:32:31,47.143,4.997,0,0,209.60,30555.85,31763.86,19,7546338,8105777,10394509312,38799171584
2025-05-14 07:32:31,46.295,4.806,0,0,259.60,30555.85,31763.86,19,7546539,8105978,10394509312,38799171584
2025-05-14 07:32:31,44.309,4.246,0,0,159.70,30555.85,31763.86,19,7546758,8106203,10394509312,38799245312
2025-05-14 07:32:31,44.513,4.481,0,73728,169.70,30555.85,31763.86,19,7546967,8106414,10394509312,38799273984
2025-05-14 07:32:31,43.990,4.498,0,28672,109.80,30555.85,31763.86,19,7547169,8106616,10394509312,38799273984
2025-05-14 07:32:32,44.725,4.424,0,0,49.90,30555.85,31763.86,19,7547370,8106817,10394509312,38799273984
2025-05-14 07:32:32,42.073,4.182,0,0,219.60,30555.85,31763.86,19,7547566,8107013,10394509312,38799273984
2025-05-14 07:32:32,44.987,4.397,0,0,49.90,30555.85,31763.86,19,7547767,8107214,10394509312,38799273984
2025-05-14 07:32:32,42.246,4.048,0,0,99.80,30555.85,31763.86,19,7547967,8107414,10394509312,38799273984
2025-05-14 07:32:32,41.202,3.970,0,0,59.90,30555.85,31763.86,19,7548174,8107625,10394509312,38799282176
2025-05-14 07:32:33,43.859,4.121,0,8192,129.80,30555.85,31763.86,19,7548375,8107826,10394509312,38799282176
2025-05-14 07:32:33,46.615,4.627,0,0,299.40,30555.85,31763.86,19,7548572,8108023,10394509312,38799282176
2025-05-14 07:32:33,48.550,4.795,0,0,119.80,30555.85,31763.86,19,7548773,8108224,10394509312,38799282176
2025-05-14 07:32:33,42.312,4.019,0,0,119.80,30555.85,31763.86,19,7548975,8108426,10394509312,38799282176
2025-05-14 07:32:33,43.974,4.179,0,0,99.80,30555.85,31763.86,19,7549176,8108627,10394509312,38799282176
2025-05-14 07:32:34,42.736,4.115,0,0,59.90,30555.85,31763.86,19,7549377,8108828,10394509312,38799282176
2025-05-14 07:32:34,41.369,3.969,0,0,59.90,30555.85,31763.86,19,7549583,8109037,10394509312,38799302656
2025-05-14 07:32:34,41.282,3.913,0,20480,59.90,30555.85,31763.86,19,7549784,8109238,10394509312,38799302656
2025-05-14 07:32:34,41.704,3.858,0,0,59.90,30555.85,31763.86,19,7549984,8109438,10394509312,38799302656
2025-05-14 07:32:34,42.445,4.054,0,0,49.90,30555.85,31763.86,19,7550185,8109639,10394509312,38799302656
2025-05-14 07:32:35,42.990,4.054,0,0,59.90,30555.85,31763.86,19,7550386,8109841,10394509312,38799302656
2025-05-14 07:32:35,41.070,3.912,0,0,59.90,30555.85,31763.86,19,7550588,8110042,10394509312,38799302656
2025-05-14 07:32:35,41.998,3.885,0,0,49.90,30555.85,31763.86,19,7550789,8110243,10394509312,38799302656
2025-05-14 07:32:35,42.158,4.071,0,0,129.80,30555.85,31763.86,19,7550981,8110435,10394509312,38799302656
2025-05-14 07:32:35,45.970,4.223,0,20480,79.90,30555.85,31763.86,19,7551191,8110648,10394509312,38799339520
2025-05-14 07:32:36,42.191,3.938,0,16384,49.90,30555.85,31763.86,19,7551392,8110849,10394509312,38799339520
2025-05-14 07:32:36,40.621,3.923,0,0,39.90,30555.85,31763.86,19,7551593,8111050,10394509312,38799339520
2025-05-14 07:32:36,40.955,3.958,0,0,39.90,30555.85,31763.86,19,7551794,8111251,10394509312,38799339520
2025-05-14 07:32:36,41.300,3.946,0,0,179.70,30555.85,31763.86,19,7551993,8111450,10394509312,38799339520
2025-05-14 07:32:36,44.515,4.398,0,0,69.90,30555.85,31763.86,19,7552192,8111649,10394509312,38799339520
2025-05-14 07:32:37,43.207,4.025,0,0,59.90,30555.85,31763.86,19,7552394,8111851,10394509312,38799339520
2025-05-14 07:32:37,41.405,3.977,0,0,59.90,30555.85,31763.86,19,7552595,8112052,10394509312,38799339520
2025-05-14 07:32:37,41.302,3.944,0,0,59.90,30555.85,31763.86,19,7552796,8112253,10394509312,38799339520
2025-05-14 07:32:37,41.185,3.945,0,0,49.90,30555.85,31763.86,19,7552997,8112454,10394509312,38799339520
2025-05-14 07:32:37,42.002,3.986,0,0,59.90,30555.85,31763.86,19,7553206,8112667,10394509312,38799355904
2025-05-14 07:32:38,42.131,4.015,0,16384,69.90,30555.85,31763.86,19,7553407,8112868,10394509312,38799355904
2025-05-14 07:32:38,41.307,3.959,0,0,309.50,30555.85,31763.86,19,7553603,8113064,10394509312,38799355904
2025-05-14 07:32:38,45.350,4.482,0,0,189.70,30555.85,31763.86,19,7553813,8113277,10394509312,38799437824
2025-05-14 07:32:38,43.902,4.090,0,81920,159.70,30555.85,31763.86,19,7554016,8113481,10394509312,38799474688
2025-05-14 07:32:38,43.681,4.104,0,159744,149.70,30555.85,31763.86,19,7554245,8113719,10394509312,38799597568
2025-05-14 07:32:39,43.988,4.027,0,0,159.70,30555.85,31763.86,19,7554445,8113919,10394509312,38799597568
2025-05-14 07:32:39,45.114,4.084,0,0,149.70,30555.85,31763.86,19,7554649,8114124,10394509312,38799601664
2025-05-14 07:32:39,43.649,4.108,0,4096,49.90,30555.85,31763.86,19,7554850,8114325,10394509312,38799601664
2025-05-14 07:32:39,40.901,3.987,0,0,39.90,30555.85,31763.86,19,7555052,8114527,10394509312,38799601664
2025-05-14 07:32:39,41.909,4.102,0,0,149.70,30555.85,31763.86,19,7555246,8114721,10394509312,38799601664
2025-05-14 07:32:40,45.721,4.518,0,110592,149.70,30555.85,31763.86,19,7555480,8114966,10394509312,38799716352
2025-05-14 07:32:40,44.616,4.355,0,4096,159.70,30555.85,31763.86,19,7555681,8115167,10394509312,38799716352
2025-05-14 07:32:40,44.293,4.342,0,0,169.70,30555.85,31763.86,19,7555883,8115369,10394509312,38799716352
2025-05-14 07:32:40,44.962,4.228,0,0,209.60,30555.85,31763.86,19,7556108,8115601,10394509312,38800023552
2025-05-14 07:32:40,46.542,4.830,0,520192,549.10,30555.85,31763.86,19,7556367,8115890,10394509312,38801018880
2025-05-14 07:32:41,50.263,5.392,0,1134592,469.10,30555.85,31763.86,19,7556623,8116173,10394509312,38801666048
2025-05-14 07:32:41,48.397,5.220,0,671744,339.60,30555.85,31763.86,19,7556870,8116441,10394509312,38802055168
2025-05-14 07:32:41,47.094,4.873,0,12288,169.70,30555.85,31763.86,19,7557072,8116646,10394509312,38802067456
2025-05-14 07:32:41,45.069,5.104,0,12288,139.80,30555.85,31763.86,19,7557273,8116847,10394509312,38802067456
2025-05-14 07:32:41,44.262,5.101,0,0,139.80,30555.85,31763.86,19,7557479,8117053,10394509312,38802067456
2025-05-14 07:32:42,46.621,5.282,0,0,359.40,30555.85,31763.86,19,7557684,8117257,10394509312,38802067456
2025-05-14 07:32:42,45.352,4.922,0,126976,649.40,30555.85,31763.86,19,7557896,8117473,10394509312,38802194432
2025-05-14 07:32:42,47.254,5.568,0,86016,399.10,30555.85,31763.86,19,7558116,8117702,10394509312,38802366464
2025-05-14 07:32:42,45.798,5.042,0,200704,409.20,30555.85,31763.86,19,7558335,8117926,10394509312,38802481152
2025-05-14 07:32:42,45.870,4.860,0,0,449.30,30555.85,31763.86,19,7558533,8118124,10394509312,38802481152
2025-05-14 07:32:43,45.853,5.165,0,94208,329.50,30555.85,31763.86,19,7558753,8118346,10394509312,38802575360
2025-05-14 07:32:43,45.120,5.018,0,36864,678.90,30555.85,31763.86,19,7558977,8118583,10394509312,38802624512
2025-05-14 07:32:43,47.173,5.476,0,32768,449.20,30555.85,31763.86,19,7559213,8118828,10394509312,38802714624
2025-05-14 07:32:43,47.365,4.914,0,229376,499.20,30555.85,31763.86,19,7559475,8119112,10394509312,38803169280
2025-05-14 07:32:43,48.284,4.991,0,589824,409.30,30555.85,31763.86,19,7559725,8119381,10394509312,38803472384
2025-05-14 07:32:44,46.066,4.769,0,8192,379.30,30555.85,31763.86,19,7559927,8119583,10394509312,38803472384
2025-05-14 07:32:44,45.272,4.866,0,0,599.00,30555.85,31763.86,19,7560128,8119784,10394509312,38803472384
2025-05-14 07:32:44,47.062,5.282,0,0,359.30,30555.85,31763.86,19,7560337,8119994,10394509312,38803480576
2025-05-14 07:32:44,45.332,5.193,0,8192,399.60,30555.85,31763.86,19,7560542,8120199,10394509312,38803480576
2025-05-14 07:32:44,44.200,5.292,0,0,329.50,30555.85,31763.86,19,7560744,8120401,10394509312,38803480576
2025-05-14 07:32:45,44.577,4.948,0,0,349.40,30555.85,31763.86,19,7560945,8120602,10394509312,38803480576
2025-05-14 07:32:45,46.820,5.052,0,163840,479.10,30555.85,31763.86,19,7561178,8120847,10394509312,38803652608
2025-05-14 07:32:45,47.473,5.285,0,53248,459.20,30555.85,31763.86,19,7561418,8121102,10394509312,38803947520
2025-05-14 07:32:45,47.565,5.264,0,438272,309.70,30555.85,31763.86,19,7561634,8121326,10394509312,38804246528
2025-05-14 07:32:45,48.033,5.111,0,372736,269.40,30555.85,31763.86,19,7561848,8121547,10394509312,38804619264
2025-05-14 07:32:46,48.117,5.070,0,167936,299.50,30555.85,31763.86,19,7562064,8121769,10394509312,38804762624
2025-05-14 07:32:46,47.001,4.902,0,122880,389.50,30555.85,31763.86,19,7562271,8121980,10394509312,38804873216
2025-05-14 07:32:46,47.104,4.819,0,122880,369.40,30555.85,31763.86,19,7562588,8122339,10394509312,38805147648
2025-05-14 07:32:46,47.400,4.801,0,929792,389.20,30555.85,31763.86,19,7563001,8122832,10394509312,38805975040
2025-05-14 07:32:46,46.110,4.781,0,122880,329.40,30555.85,31763.86,19,7563183,8123015,10394509312,38806020096
2025-05-14 07:32:47,46.670,4.782,0,45056,369.40,30555.85,31763.86,19,7563382,8123214,10394509312,38806020096
2025-05-14 07:32:47,46.686,4.729,0,4096,329.40,30555.85,31763.86,19,7563584,8123417,10394509312,38806024192
2025-05-14 07:32:47,46.553,4.804,0,4096,279.50,30555.85,31763.86,19,7563791,8123626,10394509312,38806032384
2025-05-14 07:32:47,46.019,4.894,0,4096,369.30,30555.85,31763.86,19,7563992,8123828,10394509312,38806056960
2025-05-14 07:32:47,46.549,4.950,0,24576,279.50,30555.85,31763.86,19,7564200,8124038,10394509312,38806065152
2025-05-14 07:32:48,45.337,5.128,0,49152,299.50,30555.85,31763.86,19,7564410,8124251,10394509312,38806106112
2025-05-14 07:32:48,46.300,4.890,0,4096,309.50,30555.85,31763.86,19,7564614,8124457,10394509312,38806114304
2025-05-14 07:32:48,46.434,4.812,0,4096,279.50,30555.85,31763.86,19,7564815,8124658,10394509312,38806114304
2025-05-14 07:32:48,46.072,4.752,0,0,299.50,30555.85,31763.86,19,7564997,8124840,10394509312,38806114304
2025-05-14 07:32:48,45.657,4.624,0,0,279.50,30555.85,31763.86,19,7565199,8125042,10394509312,38806114304
2025-05-14 07:32:49,46.267,4.686,0,0,289.50,30555.85,31763.86,19,7565403,8125246,10394509312,38806114304
2025-05-14 07:32:49,46.062,4.660,0,49152,329.30,30555.85,31763.86,19,7565608,8125452,10394509312,38806163456
2025-05-14 07:32:49,46.776,4.632,0,0,259.60,30555.85,31763.86,19,7565809,8125653,10394509312,38806163456
2025-05-14 07:32:49,46.413,4.676,0,0,319.50,30555.85,31763.86,19,7566014,8125858,10394509312,38806163456
2025-05-14 07:32:49,46.710,4.721,0,0,319.60,30555.85,31763.86,19,7566214,8126058,10394509312,38806163456
2025-05-14 07:32:50,46.681,4.719,0,0,329.30,30555.85,31763.86,19,7566400,8126244,10394509312,38806163456
2025-05-14 07:32:50,47.030,4.867,0,0,289.50,30555.85,31763.86,19,7566601,8126445,10394509312,38806163456
2025-05-14 07:32:50,46.146,4.864,0,0,289.50,30555.85,31763.86,19,7566801,8126645,10394509312,38806163456
2025-05-14 07:32:50,46.415,4.730,0,0,259.40,30555.85,31763.86,19,7567003,8126847,10394509312,38806163456
2025-05-14 07:32:50,45.863,4.776,0,0,339.40,30555.85,31763.86,19,7567198,8127042,10394509312,38806163456
2025-05-14 07:32:51,46.393,4.837,0,0,389.30,30555.85,31763.86,19,7567397,8127241,10394509312,38806163456
2025-05-14 07:32:51,46.846,4.968,0,0,279.50,30555.85,31763.86,19,7567595,8127439,10394509312,38806163456
2025-05-14 07:32:51,46.574,4.809,0,81920,299.40,30555.85,31763.86,19,7567798,8127645,10394509312,38806245376
2025-05-14 07:32:51,46.288,4.732,0,0,309.40,30555.85,31763.86,19,7567993,8127840,10394509312,38806245376
2025-05-14 07:32:51,46.838,4.856,0,0,309.40,30555.85,31763.86,19,7568195,8128042,10394509312,38806245376
2025-05-14 07:32:52,46.047,4.889,0,0,279.60,30555.85,31763.86,19,7568396,8128243,10394509312,38806245376
2025-05-14 07:32:52,45.909,4.739,0,131072,329.40,30555.85,31763.86,19,7568740,8128636,10394509312,38806446080
2025-05-14 07:32:52,45.801,4.727,0,69632,329.50,30555.85,31763.86,19,7568941,8128837,10394509312,38806446080
2025-05-14 07:32:52,45.829,4.621,0,0,309.50,30555.85,31763.86,19,7569141,8129037,10394509312,38806446080
2025-05-14 07:32:52,46.751,4.689,0,0,289.50,30555.85,31763.86,19,7569337,8129233,10394509312,38806446080
2025-05-14 07:32:53,46.535,4.789,0,4096,239.60,30555.85,31763.86,19,7569545,8129442,10394509312,38806450176
2025-05-14 07:32:53,45.476,4.632,0,0,329.50,30555.85,31763.86,19,7569738,8129635,10394509312,38806450176
2025-05-14 07:32:53,46.400,4.781,0,0,339.30,30555.85,31763.86,19,7569941,8129840,10394509312,38806499328
2025-05-14 07:32:53,46.444,4.816,0,49152,299.50,30555.85,31763.86,19,7570144,8130043,10394509312,38806499328
2025-05-14 07:32:53,46.023,4.727,0,0,329.40,30555.85,31763.86,19,7570348,8130247,10394509312,38806499328
2025-05-14 07:32:54,45.942,4.755,0,4096,329.50,30555.85,31763.86,19,7570557,8130457,10394509312,38806503424
2025-05-14 07:32:54,46.911,5.033,0,0,279.50,30555.85,31763.86,19,7570759,8130659,10394509312,38806503424
2025-05-14 07:32:54,47.915,5.138,0,0,289.50,30555.85,31763.86,19,7570965,8130866,10394509312,38806507520
2025-05-14 07:32:54,47.053,5.232,0,4096,299.50,30555.85,31763.86,19,7571165,8131066,10394509312,38806507520
2025-05-14 07:32:55,47.711,5.201,0,0,309.40,30555.85,31763.86,19,7571355,8131256,10394509312,38806507520
2025-05-14 07:32:55,46.831,5.196,0,0,309.40,30555.85,31763.86,19,7571556,8131457,10394509312,38806507520
2025-05-14 07:32:55,47.292,5.198,0,0,299.50,30555.85,31763.86,19,7571760,8131661,10394509312,38806507520
2025-05-14 07:32:55,46.792,4.929,0,0,259.60,30555.85,31763.86,19,7571960,8131861,10394509312,38806507520
2025-05-14 07:32:55,45.776,4.824,0,0,299.50,30555.85,31763.86,19,7572149,8132050,10394509312,38806507520
2025-05-14 07:32:56,46.897,4.760,0,0,269.50,30555.85,31763.86,19,7572351,8132252,10394509312,38806507520
2025-05-14 07:32:56,44.828,4.887,0,0,279.50,30555.85,31763.86,19,7572554,8132455,10394509312,38806507520
2025-05-14 07:32:56,45.994,4.749,0,0,239.50,30555.85,31763.86,19,7572749,8132650,10394509312,38806507520
2025-05-14 07:32:56,45.596,4.604,0,0,269.60,30555.85,31763.86,19,7572948,8132849,10394509312,38806507520
2025-05-14 07:32:56,46.377,4.693,0,0,279.70,30555.85,31763.86,19,7573150,8133051,10394509312,38806507520
2025-05-14 07:32:57,46.026,4.781,0,0,259.50,30555.85,31763.86,19,7573351,8133252,10394509312,38806507520
2025-05-14 07:32:57,45.984,4.647,0,0,289.40,30555.85,31763.86,19,7573552,8133453,10394509312,38806507520
2025-05-14 07:32:57,46.377,4.679,0,0,309.40,30555.85,31763.86,19,7573758,8133659,10394509312,38806507520
2025-05-14 07:32:57,45.217,4.766,0,0,299.50,30555.85,31763.86,19,7573958,8133859,10394509312,38806507520
2025-05-14 07:32:57,46.178,4.670,0,0,289.50,30555.85,31763.86,19,7574156,8134057,10394509312,38806507520
2025-05-14 07:32:58,46.057,4.754,0,0,279.50,30555.85,31763.86,19,7574352,8134253,10394509312,38806507520
2025-05-14 07:32:58,45.954,4.707,0,0,299.50,30555.85,31763.86,19,7574554,8134455,10394509312,38806507520
2025-05-14 07:32:58,45.779,4.668,0,24576,309.40,30555.85,31763.86,19,7574763,8134667,10394509312,38806532096
2025-05-14 07:32:58,46.321,4.717,0,0,339.40,30555.85,31763.86,19,7574966,8134870,10394509312,38806532096
2025-05-14 07:32:58,46.551,4.671,0,0,309.40,30555.85,31763.86,19,7575171,8135075,10394509312,38806532096
2025-05-14 07:32:59,46.925,4.717,0,0,279.50,30555.85,31763.86,19,7575372,8135276,10394509312,38806532096
2025-05-14 07:32:59,45.576,4.654,0,0,299.50,30555.85,31763.86,19,7575573,8135477,10394509312,38806532096
2025-05-14 07:32:59,46.544,4.667,0,0,289.50,30555.85,31763.86,19,7575776,8135680,10394509312,38806532096
2025-05-14 07:32:59,46.334,4.678,0,0,279.50,30555.85,31763.86,19,7575978,8135885,10394509312,38806548480
2025-05-14 07:32:59,45.049,4.748,0,16384,279.50,30555.85,31763.86,19,7576179,8136086,10394509312,38806548480
2025-05-14 07:33:00,46.107,4.653,0,0,299.50,30555.85,31763.86,19,7576392,8136301,10394509312,38806577152
2025-05-14 07:33:00,46.371,4.787,0,28672,358.70,30555.85,31763.86,19,7576591,8136500,10394509312,38806577152
2025-05-14 07:33:00,46.900,4.846,0,77824,439.20,30555.85,31763.86,19,7576842,8136772,10394509312,38808334336
2025-05-14 07:33:00,46.763,5.065,0,1716224,349.40,30555.85,31763.86,19,7577051,8136984,10394509312,38808498176
2025-05-14 07:33:00,48.058,5.282,0,364544,479.20,30555.85,31763.86,19,7577299,8137252,10394509312,38809219072
2025-05-14 07:33:01,49.663,5.349,0,643072,389.40,30555.85,31763.86,19,7577533,8137498,10394509312,38809395200
2025-05-14 07:33:01,47.726,5.079,0,16384,489.10,30555.85,31763.86,19,7577737,8137703,10394509312,38809448448
2025-05-14 07:33:01,46.335,4.976,0,53248,459.10,30555.85,31763.86,19,7577941,8137908,10394509312,38809464832
2025-05-14 07:33:01,46.552,4.974,0,57344,349.40,30555.85,31763.86,19,7578163,8138137,10394509312,38809505792
2025-05-14 07:33:01,44.742,5.191,0,40960,439.20,30555.85,31763.86,19,7578376,8138356,10394509312,38809612288
2025-05-14 07:33:02,47.188,5.237,0,159744,489.20,30555.85,31763.86,19,7578592,8138577,10394509312,38809714688
2025-05-14 07:33:02,47.806,5.150,0,118784,429.20,30555.85,31763.86,19,7578837,8138835,10394509312,38809878528
2025-05-14 07:33:02,46.615,5.347,0,77824,398.70,30555.85,31763.86,19,7579059,8139062,10394509312,38809915392
2025-05-14 07:33:02,46.268,5.078,0,12288,399.40,30555.85,31763.86,19,7579259,8139262,10394509312,38809915392
2025-05-14 07:33:02,44.915,5.031,0,0,439.20,30555.85,31763.86,19,7579474,8139481,10394509312,38809935872
2025-05-14 07:33:03,45.992,5.072,0,20480,389.30,30555.85,31763.86,19,7579675,8139682,10394509312,38809935872
2025-05-14 07:33:03,46.378,5.026,0,36864,389.40,30555.85,31763.86,19,7579894,8139907,10394509312,38809976832
2025-05-14 07:33:03,46.087,5.035,0,20480,369.30,30555.85,31763.86,19,7580088,8140104,10394509312,38809993216
2025-05-14 07:33:03,46.825,4.960,0,0,299.50,30555.85,31763.86,19,7580281,8140298,10394509312,38810013696
2025-05-14 07:33:03,46.105,4.946,0,24576,409.30,30555.85,31763.86,19,7580520,8140550,10394509312,38810066944
2025-05-14 07:33:04,46.444,5.042,0,49152,359.40,30555.85,31763.86,19,7580716,8140746,10394509312,38810066944
2025-05-14 07:33:04,46.773,4.982,0,12288,339.40,30555.85,31763.86,19,7580914,8140945,10394509312,38810079232
2025-05-14 07:33:04,46.309,4.760,0,0,389.40,30555.85,31763.86,19,7581110,8141142,10394509312,38810103808
2025-05-14 07:33:04,46.825,4.760,0,32768,389.40,30555.85,31763.86,19,7581322,8141358,10394509312,38810173440
2025-05-14 07:33:04,46.881,5.112,0,102400,469.20,30555.85,31763.86,19,7581623,8141692,10394509312,38810394624
2025-05-14 07:33:05,48.768,5.408,0,397312,519.20,30555.85,31763.86,19,7582051,8142197,10394509312,38810779648
2025-05-14 07:33:05,47.304,5.046,0,356352,409.30,30555.85,31763.86,19,7582407,8142604,10394513408,38811000832
2025-05-14 07:33:05,47.390,4.888,4096,36864,319.40,30555.85,31763.86,19,7582612,8142812,10394513408,38811021312
2025-05-14 07:33:05,46.678,4.857,0,40960,389.40,30555.85,31763.86,19,7582825,8143032,10394513408,38811082752
2025-05-14 07:33:05,47.258,4.848,0,65536,339.50,30555.85,31763.86,19,7583057,8143278,10394513408,38811164672
2025-05-14 07:33:06,46.565,4.540,0,53248,329.40,30555.85,31763.86,19,7583261,8143482,10394513408,38811164672
2025-05-14 07:33:06,47.617,4.580,0,0,369.40,30555.85,31763.86,19,7583468,8143690,10394513408,38811168768
2025-05-14 07:33:06,47.034,4.471,0,4096,379.30,30555.85,31763.86,19,7583671,8143893,10394513408,38811168768
2025-05-14 07:33:06,47.089,4.677,0,8192,339.40,30555.85,31763.86,19,7583874,8144098,10394513408,38811185152
2025-05-14 07:33:06,45.191,4.816,0,8192,349.50,30555.85,31763.86,19,7584082,8144306,10394513408,38811185152
2025-05-14 07:33:07,46.345,4.998,0,0,359.40,30555.85,31763.86,19,7584278,8144502,10394513408,38811185152
2025-05-14 07:33:07,44.768,4.964,0,0,409.30,30555.85,31763.86,19,7584483,8144708,10394513408,38811197440
2025-05-14 07:33:07,45.026,5.293,0,233472,429.20,30555.85,31763.86,19,7584915,8145216,10394513408,38811594752
2025-05-14 07:33:07,45.895,5.149,0,196608,349.40,30555.85,31763.86,19,7585128,8145433,10394513408,38811615232
2025-05-14 07:33:07,45.279,4.888,0,4096,409.30,30555.85,31763.86,19,7585328,8145634,10394513408,38811619328
2025-05-14 07:33:08,45.459,4.973,0,0,349.40,30555.85,31763.86,19,7585536,8145844,10394513408,38811627520
2025-05-14 07:33:08,45.167,4.968,0,8192,329.70,30555.85,31763.86,19,7585740,8146048,10394513408,38811627520
2025-05-14 07:33:08,45.661,5.131,0,155648,389.20,30555.85,31763.86,19,7586128,8146497,10394513408,38811889664
2025-05-14 07:33:08,45.921,4.953,0,106496,309.50,30555.85,31763.86,19,7586331,8146701,10394513408,38811901952
2025-05-14 07:33:08,44.748,4.802,0,12288,319.50,30555.85,31763.86,19,7586532,8146902,10394513408,38811901952
2025-05-14 07:33:09,45.404,5.007,0,0,309.50,30555.85,31763.86,19,7586743,8147114,10394513408,38811914240
2025-05-14 07:33:09,46.199,4.893,0,12288,359.30,30555.85,31763.86,19,7586947,8147319,10394513408,38811918336
2025-05-14 07:33:09,46.715,4.645,0,638976,299.50,30555.85,31763.86,19,7587260,8147683,10394513408,38812639232
2025-05-14 07:33:09,45.634,4.731,0,102400,289.50,30555.85,31763.86,19,7587456,8147881,10394513408,38812667904
2025-05-14 07:33:09,44.806,4.870,0,12288,289.50,30555.85,31763.86,19,7587660,8148086,10394513408,38812672000
2025-05-14 07:33:10,45.728,4.846,0,4096,279.50,30555.85,31763.86,19,7587862,8148288,10394513408,38812672000
2025-05-14 07:33:10,45.402,4.872,0,69632,259.50,30555.85,31763.86,19,7588093,8148529,10394513408,38812749824
2025-05-14 07:33:10,44.199,4.903,0,16384,319.40,30555.85,31763.86,19,7588316,8148758,10394513408,38812778496
2025-05-14 07:33:10,43.792,4.995,0,24576,329.50,30555.85,31763.86,19,7588519,8148962,10394513408,38812782592
2025-05-14 07:33:10,45.110,4.933,0,28672,379.40,30555.85,31763.86,19,7588724,8149169,10394513408,38812811264
2025-05-14 07:33:11,45.710,4.841,0,0,379.40,30555.85,31763.86,19,7588925,8149370,10394513408,38812811264
2025-05-14 07:33:11,46.217,4.796,0,0,389.40,30555.85,31763.86,19,7589126,8149571,10394513408,38812811264
2025-05-14 07:33:11,46.059,4.825,0,0,439.30,30555.85,31763.86,19,7589351,8149807,10394513408,38812872704
2025-05-14 07:33:11,46.715,4.937,0,61440,399.30,30555.85,31763.86,19,7589552,8150008,10394513408,38812872704
2025-05-14 07:33:11,45.761,4.964,0,32768,409.30,30555.85,31763.86,19,7589757,8150215,10394513408,38812909568
2025-05-14 07:33:12,46.188,5.286,0,4096,309.60,30555.85,31763.86,19,7589958,8150416,10394513408,38812909568
2025-05-14 07:33:12,45.666,5.142,0,0,329.50,30555.85,31763.86,19,7590159,8150617,10394513408,38812909568
2025-05-14 07:33:12,45.402,5.223,0,0,409.30,30555.85,31763.86,19,7590363,8150822,10394513408,38812913664
2025-05-14 07:33:12,45.648,5.067,0,4096,319.50,30555.85,31763.86,19,7590564,8151023,10394513408,38812913664
2025-05-14 07:33:12,45.041,4.885,0,0,329.40,30555.85,31763.86,19,7590771,8151232,10394513408,38812934144
2025-05-14 07:33:13,44.771,5.031,0,20480,329.40,30555.85,31763.86,19,7590977,8151438,10394513408,38812934144
2025-05-14 07:33:13,44.320,4.954,0,0,289.50,30555.85,31763.86,19,7591176,8151637,10394513408,38812934144
2025-05-14 07:33:13,44.950,4.868,0,0,309.50,30555.85,31763.86,19,7591409,8151881,10394513408,38812995584
2025-05-14 07:33:13,44.748,4.754,0,352256,269.60,30555.85,31763.86,19,7591809,8152347,10394513408,38813339648
2025-05-14 07:33:13,42.694,4.901,0,53248,299.50,30555.85,31763.86,19,7592013,8152552,10394513408,38813368320
2025-05-14 07:33:14,45.197,4.919,0,49152,249.50,30555.85,31763.86,19,7592222,8152764,10394513408,38813388800
2025-05-14 07:33:14,44.173,4.693,0,0,249.60,30555.85,31763.86,19,7592423,8152965,10394513408,38813388800
2025-05-14 07:33:14,44.839,4.673,0,0,309.50,30555.85,31763.86,19,7592622,8153164,10394513408,38813388800
2025-05-14 07:33:14,45.504,4.845,0,0,289.50,30555.85,31763.86,19,7592823,8153365,10394513408,38813388800
2025-05-14 07:33:14,43.574,4.848,0,0,289.50,30555.85,31763.86,19,7593024,8153566,10394513408,38813388800
2025-05-14 07:33:15,44.664,4.705,0,118784,259.50,30555.85,31763.86,19,7593233,8153778,10394513408,38813511680
2025-05-14 07:33:15,44.308,4.786,0,4096,289.50,30555.85,31763.86,19,7593432,8153977,10394513408,38813511680
2025-05-14 07:33:15,44.100,4.795,0,0,299.50,30555.85,31763.86,19,7593634,8154179,10394513408,38813511680
2025-05-14 07:33:15,45.154,4.799,0,12288,279.50,30555.85,31763.86,19,7593837,8154384,10394513408,38813523968
2025-05-14 07:33:15,44.177,4.683,0,0,319.50,30555.85,31763.86,19,7594038,8154585,10394513408,38813523968
2025-05-14 07:33:16,45.463,4.787,0,0,299.40,30555.85,31763.86,19,7594239,8154786,10394513408,38813523968
2025-05-14 07:33:16,43.868,4.830,0,0,299.50,30555.85,31763.86,19,7594445,8154992,10394513408,38813523968
2025-05-14 07:33:16,44.452,4.728,4096,110592,299.50,30555.85,31763.86,19,7594686,8155258,10394517504,38813638656
2025-05-14 07:33:16,44.555,4.743,0,4096,309.60,30555.85,31763.86,19,7594886,8155458,10394517504,38813638656
2025-05-14 07:33:16,44.410,4.923,0,0,279.50,30555.85,31763.86,19,7595087,8155659,10394517504,38813638656
2025-05-14 07:33:17,42.517,4.870,0,0,299.50,30555.85,31763.86,19,7595288,8155860,10394517504,38813638656
2025-05-14 07:33:17,44.670,4.817,0,0,289.50,30555.85,31763.86,19,7595489,8156061,10394517504,38813638656
2025-05-14 07:33:17,44.969,4.910,0,0,309.50,30555.85,31763.86,19,7595691,8156263,10394517504,38813638656
2025-05-14 07:33:17,45.397,4.956,0,0,299.50,30555.85,31763.86,19,7595892,8156464,10394517504,38813638656
2025-05-14 07:33:17,44.937,4.722,0,8192,289.50,30555.85,31763.86,19,7596092,8156665,10394517504,38813646848
2025-05-14 07:33:18,44.927,4.841,0,0,279.50,30555.85,31763.86,19,7596296,8156870,10394517504,38813659136
2025-05-14 07:33:18,44.441,4.897,0,12288,269.50,30555.85,31763.86,19,7596498,8157072,10394517504,38813659136
2025-05-14 07:33:18,44.649,4.840,0,4096,259.60,30555.85,31763.86,19,7596702,8157277,10394517504,38813663232
2025-05-14 07:33:18,44.240,4.726,0,0,329.60,30555.85,31763.86,19,7596902,8157477,10394517504,38813663232
2025-05-14 07:33:18,45.182,4.880,0,8192,319.70,30555.85,31763.86,19,7597110,8157688,10394517504,38813679616
2025-05-14 07:33:19,44.706,4.728,0,36864,299.50,30555.85,31763.86,19,7597320,8157902,10394517504,38813712384
2025-05-14 07:33:19,44.609,4.715,0,16384,289.50,30555.85,31763.86,19,7597533,8158117,10394517504,38813724672
2025-05-14 07:33:19,45.232,4.727,0,0,269.60,30555.85,31763.86,19,7597734,8158318,10394517504,38813724672
2025-05-14 07:33:19,43.411,4.767,0,0,299.70,30555.85,31763.86,19,7597935,8158519,10394517504,38813724672
2025-05-14 07:33:19,44.278,4.688,0,8192,299.50,30555.85,31763.86,19,7598139,8158724,10394517504,38813732864
2025-05-14 07:33:20,44.813,4.685,0,0,339.40,30555.85,31763.86,19,7598346,8158933,10394517504,38813741056
2025-05-14 07:33:20,44.130,4.730,0,8192,289.50,30555.85,31763.86,19,7598548,8159135,10394517504,38813741056
2025-05-14 07:33:20,44.890,4.758,4096,0,279.50,30555.85,31763.86,19,7598757,8159342,10394521600,38813741056
2025-05-14 07:33:20,45.187,4.791,0,4096,329.70,30555.85,31763.86,19,7598972,8159562,10394521600,38813794304
2025-05-14 07:33:20,44.606,4.776,0,49152,259.70,30555.85,31763.86,19,7599176,8159767,10394521600,38813798400
2025-05-14 07:33:21,44.778,4.695,0,8192,289.50,30555.85,31763.86,19,7599380,8159972,10394521600,38813802496
2025-05-14 07:33:21,45.105,4.787,0,0,289.50,30555.85,31763.86,19,7599580,8160172,10394521600,38813802496
2025-05-14 07:33:21,44.778,4.773,0,12288,299.50,30555.85,31763.86,19,7599787,8160381,10394521600,38813822976
2025-05-14 07:33:21,43.772,4.718,0,8192,289.50,30555.85,31763.86,19,7599998,8160595,10394521600,38813888512
2025-05-14 07:33:21,43.808,5.020,0,69632,279.60,30555.85,31763.86,19,7600208,8160808,10394521600,38813904896
2025-05-14 07:33:22,45.839,5.020,0,90112,369.30,30555.85,31763.86,19,7600438,8161049,10394521600,38814056448
2025-05-14 07:33:22,48.239,5.088,0,651264,379.20,30555.85,31763.86,19,7600722,8161370,10394521600,38814842880
2025-05-14 07:33:22,46.804,4.851,0,217088,369.40,30555.85,31763.86,19,7600940,8161592,10394521600,38814867456
2025-05-14 07:33:22,46.543,4.839,0,192512,389.30,30555.85,31763.86,19,7601150,8161810,10394521600,38815043584
2025-05-14 07:33:22,46.567,4.515,0,0,369.40,30555.85,31763.86,19,7601349,8162009,10394521600,38815043584
2025-05-14 07:33:23,46.669,4.665,0,0,369.40,30555.85,31763.86,19,7601546,8162206,10394521600,38815043584
2025-05-14 07:33:23,46.079,4.821,0,49152,399.30,30555.85,31763.86,19,7601759,8162423,10394521600,38815092736
2025-05-14 07:33:23,46.203,4.855,0,0,349.40,30555.85,31763.86,19,7601937,8162601,10394521600,38815092736
2025-05-14 07:33:23,47.026,5.066,0,110592,299.50,30555.85,31763.86,19,7602149,8162819,10394521600,38815203328
2025-05-14 07:33:23,46.271,4.758,0,114688,419.20,30555.85,31763.86,19,7602380,8163058,10394521600,38815461376
2025-05-14 07:33:24,46.535,5.015,0,401408,479.20,30555.85,31763.86,19,7602630,8163338,10394521600,38816305152
2025-05-14 07:33:24,48.540,4.980,0,819200,349.40,30555.85,31763.86,19,7602868,8163587,10394521600,38816567296
2025-05-14 07:33:24,47.000,4.892,0,233472,399.30,30555.85,31763.86,19,7603114,8163848,10394521600,38816919552
2025-05-14 07:33:24,48.524,4.965,0,544768,379.70,30555.85,31763.86,19,7603355,8164107,10394521600,38817521664
2025-05-14 07:33:24,47.170,4.803,0,487424,369.70,30555.85,31763.86,19,7603580,8164343,10394521600,38817816576
2025-05-14 07:33:25,46.800,4.469,0,12288,349.40,30555.85,31763.86,19,7603784,8164547,10394521600,38817816576
2025-05-14 07:33:25,46.658,4.506,0,20480,429.30,30555.85,31763.86,19,7604111,8164923,10394521600,38818516992
2025-05-14 07:33:25,46.216,5.028,0,708608,399.30,30555.85,31763.86,19,7604338,8165160,10394521600,38818619392
2025-05-14 07:33:25,45.694,4.772,0,73728,359.40,30555.85,31763.86,19,7604551,8165378,10394521600,38818717696
2025-05-14 07:33:25,46.088,5.093,0,258048,409.50,30555.85,31763.86,19,7604784,8165623,10394521600,38819016704
2025-05-14 07:33:26,45.835,5.145,0,307200,449.60,30555.85,31763.86,19,7605043,8165900,10394521600,38819414016
2025-05-14 07:33:26,47.353,4.952,0,458752,409.30,30555.85,31763.86,19,7605283,8166156,10394521600,38819762176
2025-05-14 07:33:26,45.967,5.023,0,155648,399.30,30555.85,31763.86,19,7605499,8166377,10394521600,38819807232
2025-05-14 07:33:26,46.395,4.905,0,155648,349.30,30555.85,31763.86,19,7605732,8166619,10394521600,38820048896
2025-05-14 07:33:26,45.656,5.092,0,94208,439.20,30555.85,31763.86,19,7605940,8166827,10394521600,38820048896
2025-05-14 07:33:27,46.690,5.288,0,12288,389.50,30555.85,31763.86,19,7606143,8167032,10394521600,38820065280
2025-05-14 07:33:27,46.863,5.357,0,106496,399.30,30555.85,31763.86,19,7606360,8167253,10394521600,38820171776
2025-05-14 07:33:27,48.528,5.290,0,32768,479.10,30555.85,31763.86,19,7606560,8167457,10394521600,38820233216
2025-05-14 07:33:27,46.430,5.123,0,32768,439.20,30555.85,31763.86,19,7606820,8167737,10394521600,38820352000
2025-05-14 07:33:27,47.983,5.359,0,167936,389.20,30555.85,31763.86,19,7607042,8167966,10394521600,38820401152
2025-05-14 07:33:28,48.000,5.142,0,4096,429.30,30555.85,31763.86,19,7607252,8168177,10394521600,38820405248
2025-05-14 07:33:28,47.568,4.921,0,0,309.50,30555.85,31763.86,19,7607459,8168385,10394521600,38820409344
2025-05-14 07:33:28,46.803,4.856,0,4096,369.60,30555.85,31763.86,19,7607663,8168589,10394521600,38820409344
2025-05-14 07:33:28,47.115,4.889,0,0,309.40,30555.85,31763.86,19,7607866,8168792,10394521600,38820409344
2025-05-14 07:33:29,47.303,4.856,0,4096,379.30,30555.85,31763.86,19,7608052,8168979,10394521600,38820413440
2025-05-14 07:33:29,47.694,4.745,0,73728,339.40,30555.85,31763.86,19,7608251,8169186,10394521600,38820564992
2025-05-14 07:33:29,48.362,4.908,0,81920,279.50,30555.85,31763.86,19,7608461,8169397,10394521600,38820569088
2025-05-14 07:33:29,46.402,4.787,0,0,249.50,30555.85,31763.86,19,7608663,8169600,10394521600,38820593664
2025-05-14 07:33:29,46.707,4.942,0,24576,339.60,30555.85,31763.86,19,7608877,8169817,10394521600,38820663296
2025-05-14 07:33:30,47.697,5.132,0,94208,289.50,30555.85,31763.86,19,7609089,8170034,10394521600,38820691968
2025-05-14 07:33:30,47.022,4.893,0,4096,269.60,30555.85,31763.86,19,7609290,8170235,10394521600,38820691968
2025-05-14 07:33:30,45.625,4.916,0,0,279.50,30555.85,31763.86,19,7609482,8170428,10394521600,38820696064
2025-05-14 07:33:30,47.839,5.012,0,4096,329.40,30555.85,31763.86,19,7609668,8170614,10394521600,38820696064
2025-05-14 07:33:30,47.503,4.708,0,24576,249.50,30555.85,31763.86,19,7609877,8170824,10394521600,38820720640
2025-05-14 07:33:31,46.231,4.653,0,0,299.50,30555.85,31763.86,19,7610073,8171020,10394521600,38820720640
2025-05-14 07:33:31,47.765,4.997,0,0,309.40,30555.85,31763.86,19,7610269,8171216,10394521600,38820720640
2025-05-14 07:33:31,46.316,4.979,0,0,289.40,30555.85,31763.86,19,7610470,8171417,10394521600,38820720640
2025-05-14 07:33:31,46.583,4.842,0,57344,309.50,30555.85,31763.86,19,7610687,8171639,10394521600,38820777984
2025-05-14 07:33:31,46.366,4.771,0,0,309.40,30555.85,31763.86,19,7610877,8171829,10394521600,38820777984
2025-05-14 07:33:32,46.544,4.724,0,0,279.50,30555.85,31763.86,19,7611076,8172028,10394521600,38820777984
2025-05-14 07:33:32,47.484,4.792,0,0,279.50,30555.85,31763.86,19,7611275,8172227,10394521600,38820777984
2025-05-14 07:33:32,48.399,4.874,0,0,279.40,30555.85,31763.86,19,7611473,8172428,10394521600,38820864000
2025-05-14 07:33:32,47.620,4.807,0,86016,299.50,30555.85,31763.86,19,7611665,8172620,10394521600,38820864000
2025-05-14 07:33:32,45.758,4.909,0,0,289.50,30555.85,31763.86,19,7611875,8172833,10394521600,38820958208
2025-05-14 07:33:33,47.096,4.790,0,94208,229.60,30555.85,31763.86,19,7612073,8173033,10394521600,38820962304
2025-05-14 07:33:33,46.311,4.645,0,8192,339.40,30555.85,31763.86,19,7612279,8173240,10394521600,38820966400
2025-05-14 07:33:33,46.443,4.729,4096,94208,309.40,30555.85,31763.86,19,7612516,8173495,10394525696,38821060608
2025-05-14 07:33:33,45.398,4.738,0,0,289.50,30555.85,31763.86,19,7612717,8173696,10394525696,38821060608
2025-05-14 07:33:33,44.703,4.633,0,0,329.50,30555.85,31763.86,19,7612916,8173896,10394525696,38821068800
2025-05-14 07:33:34,46.338,4.592,0,8192,269.50,30555.85,31763.86,19,7613107,8174087,10394525696,38821068800
2025-05-14 07:33:34,45.580,4.667,0,4096,299.50,30555.85,31763.86,19,7613314,8174299,10394525696,38821093376
2025-05-14 07:33:34,45.330,4.709,0,20480,269.80,30555.85,31763.86,19,7613515,8174500,10394525696,38821093376
2025-05-14 07:33:34,45.234,4.728,0,0,269.60,30555.85,31763.86,19,7613715,8174700,10394525696,38821093376
2025-05-14 07:33:34,45.714,4.574,0,0,279.50,30555.85,31763.86,19,7613911,8174896,10394525696,38821093376
2025-05-14 07:33:35,46.022,4.578,0,0,249.60,30555.85,31763.86,19,7614100,8175085,10394525696,38821093376
2025-05-14 07:33:35,45.275,4.614,0,0,309.40,30555.85,31763.86,19,7614301,8175286,10394525696,38821093376
2025-05-14 07:33:35,45.740,4.596,0,0,249.60,30555.85,31763.86,19,7614502,8175487,10394525696,38821093376
2025-05-14 07:33:35,45.668,4.482,0,0,289.60,30555.85,31763.86,19,7614703,8175688,10394525696,38821093376
2025-05-14 07:33:35,46.031,4.491,0,0,289.50,30555.85,31763.86,19,7614910,8175895,10394525696,38821093376
2025-05-14 07:33:36,45.739,4.575,0,0,339.40,30555.85,31763.86,19,7615104,8176091,10394525696,38821158912
2025-05-14 07:33:36,45.803,4.541,0,65536,329.50,30555.85,31763.86,19,7615301,8176288,10394525696,38821158912
2025-05-14 07:33:36,46.837,4.678,0,0,299.50,30555.85,31763.86,19,7615500,8176487,10394525696,38821158912
2025-05-14 07:33:36,46.441,4.669,0,0,359.40,30555.85,31763.86,19,7615700,8176687,10394525696,38821158912
2025-05-14 07:33:36,46.625,4.744,0,0,279.60,30555.85,31763.86,19,7615905,8176891,10394525696,38821179392
2025-05-14 07:33:37,46.955,4.744,0,36864,269.60,30555.85,31763.86,19,7616108,8177096,10394525696,38821203968
2025-05-14 07:33:37,46.365,4.709,0,8192,319.50,30555.85,31763.86,19,7616324,8177313,10394525696,38821212160
2025-05-14 07:33:37,46.025,4.705,0,8192,329.40,30555.85,31763.86,19,7616526,8177515,10394525696,38821212160
2025-05-14 07:33:37,47.575,4.913,0,8192,309.40,30555.85,31763.86,19,7616742,8177734,10394525696,38821224448
2025-05-14 07:33:37,48.038,4.972,0,4096,269.50,30555.85,31763.86,19,7616915,8177907,10394525696,38821224448
2025-05-14 07:33:38,49.541,4.961,0,0,289.50,30555.85,31763.86,19,7617116,8178108,10394525696,38821224448
2025-05-14 07:33:38,48.187,4.839,0,0,309.30,30555.85,31763.86,19,7617310,8178302,10394525696,38821224448
2025-05-14 07:33:38,48.858,4.896,0,0,299.50,30555.85,31763.86,19,7617501,8178493,10394525696,38821224448
2025-05-14 07:33:38,48.764,4.847,0,0,299.50,30555.85,31763.86,19,7617702,8178694,10394525696,38821224448
2025-05-14 07:33:38,46.858,4.986,0,0,299.70,30555.85,31763.86,19,7617902,8178894,10394525696,38821224448
2025-05-14 07:33:39,48.865,4.987,0,0,309.50,30555.85,31763.86,19,7618113,8179105,10394525696,38821224448
2025-05-14 07:33:39,46.515,4.762,0,0,349.40,30555.85,31763.86,19,7618310,8179302,10394525696,38821224448
2025-05-14 07:33:39,49.152,5.390,0,0,259.70,30555.85,31763.86,19,7618494,8179486,10394525696,38821224448
2025-05-14 07:33:39,48.353,5.054,0,0,299.40,30555.85,31763.86,19,7618692,8179684,10394525696,38821224448
2025-05-14 07:33:39,45.776,4.960,0,0,239.60,30555.85,31763.86,19,7618895,8179887,10394525696,38821224448
2025-05-14 07:33:40,47.583,4.939,0,0,279.70,30555.85,31763.86,19,7619090,8180082,10394525696,38821224448
2025-05-14 07:33:40,47.527,5.179,0,0,279.50,30555.85,31763.86,19,7619293,8180285,10394525696,38821224448
2025-05-14 07:33:40,46.307,5.171,0,0,299.50,30555.85,31763.86,19,7619495,8180487,10394525696,38821224448
2025-05-14 07:33:40,45.923,5.013,0,0,319.60,30555.85,31763.86,19,7619691,8180683,10394525696,38821224448
2025-05-14 07:33:40,45.935,5.222,0,0,259.60,30555.85,31763.86,19,7619892,8180884,10394525696,38821224448
2025-05-14 07:33:41,46.347,5.216,0,0,279.50,30555.85,31763.86,19,7620090,8181082,10394525696,38821224448
2025-05-14 07:33:41,45.635,5.078,0,0,319.50,30555.85,31763.86,19,7620290,8181282,10394525696,38821224448
2025-05-14 07:33:41,45.848,4.942,0,0,289.50,30555.85,31763.86,19,7620495,8181488,10394525696,38821232640
2025-05-14 07:33:41,45.471,4.827,0,8192,269.50,30555.85,31763.86,19,7620687,8181680,10394525696,38821232640
2025-05-14 07:33:41,46.009,4.650,0,0,279.60,30555.85,31763.86,19,7620883,8181876,10394525696,38821232640
2025-05-14 07:33:42,46.448,4.844,0,0,249.60,30555.85,31763.86,19,7621084,8182077,10394525696,38821232640
2025-05-14 07:33:42,46.349,4.622,0,0,259.50,30555.85,31763.86,19,7621290,8182283,10394525696,38821232640
2025-05-14 07:33:42,46.299,4.688,0,0,309.50,30555.85,31763.86,19,7621494,8182487,10394525696,38821232640
2025-05-14 07:33:42,46.898,4.674,0,0,269.60,30555.85,31763.86,19,7621702,8182695,10394525696,38821232640
2025-05-14 07:33:42,45.988,4.637,0,0,309.50,30555.85,31763.86,19,7621900,8182893,10394525696,38821232640
2025-05-14 07:33:43,47.244,4.878,0,0,309.50,30555.85,31763.86,19,7622101,8183094,10394525696,38821232640
2025-05-14 07:33:43,46.452,4.809,0,0,309.40,30555.85,31763.86,19,7622287,8183280,10394525696,38821232640
2025-05-14 07:33:43,49.508,5.112,0,0,339.40,30555.85,31763.86,19,7622490,8183484,10394525696,38821240832
2025-05-14 07:33:43,49.061,4.804,0,8192,209.60,30555.85,31763.86,19,7622677,8183671,10394525696,38821240832
2025-05-14 07:33:43,46.847,4.682,0,0,279.50,30555.85,31763.86,19,7622870,8183864,10394525696,38821240832
2025-05-14 07:33:44,48.648,4.936,0,0,159.70,30555.85,31763.86,19,7623058,8184052,10394525696,38821240832
2025-05-14 07:33:44,46.673,4.470,0,0,249.50,30555.85,31763.86,19,7623257,8184251,10394525696,38821240832
2025-05-14 07:33:44,47.599,4.628,0,0,229.60,30555.85,31763.86,19,7623454,8184448,10394525696,38821240832
2025-05-14 07:33:44,45.316,4.491,0,0,159.70,30555.85,31763.86,19,7623654,8184648,10394525696,38821240832
2025-05-14 07:33:44,45.591,4.446,0,0,159.90,30555.85,31763.86,19,7623856,8184850,10394525696,38821240832
2025-05-14 07:33:45,46.969,4.563,0,0,149.70,30555.85,31763.86,19,7624044,8185038,10394525696,38821240832
2025-05-14 07:33:45,44.814,4.211,0,0,199.70,30555.85,31763.86,19,7624245,8185239,10394525696,38821240832
2025-05-14 07:33:45,44.090,4.150,0,0,159.70,30555.85,31763.86,19,7624446,8185440,10394525696,38821240832
2025-05-14 07:33:45,44.751,4.264,0,0,149.80,30555.85,31763.86,19,7624648,8185642,10394525696,38821240832
2025-05-14 07:33:45,43.885,4.061,0,0,169.80,30555.85,31763.86,19,7624849,8185843,10394525696,38821240832
2025-05-14 07:33:46,45.041,4.375,0,0,149.70,30555.85,31763.86,19,7625050,8186044,10394525696,38821240832
2025-05-14 07:33:46,44.216,4.122,0,0,169.70,30555.85,31763.86,19,7625251,8186245,10394525696,38821240832
2025-05-14 07:33:46,44.154,4.212,0,0,129.80,30555.85,31763.86,19,7625453,8186447,10394525696,38821240832
2025-05-14 07:33:46,42.460,4.237,0,0,39.90,30555.85,31763.86,19,7625653,8186647,10394525696,38821240832
2025-05-14 07:33:46,42.805,4.257,0,0,179.60,30555.85,31763.86,19,7625863,8186860,10394525696,38821265408
2025-05-14 07:33:47,47.201,4.646,0,24576,39.90,30555.85,31763.86,19,7626062,8187059,10394525696,38821265408
2025-05-14 07:33:47,43.558,4.121,0,0,129.80,30555.85,31763.86,19,7626267,8187264,10394525696,38821265408
2025-05-14 07:33:47,42.307,4.102,0,0,69.90,30555.85,31763.86,19,7626468,8187465,10394525696,38821265408
2025-05-14 07:33:47,42.409,4.029,0,0,59.90,30555.85,31763.86,19,7626669,8187666,10394525696,38821265408
2025-05-14 07:33:47,41.650,4.009,0,0,49.90,30555.85,31763.86,19,7626871,8187868,10394525696,38821265408
2025-05-14 07:33:48,44.127,4.067,0,0,109.80,30555.85,31763.86,19,7627072,8188069,10394525696,38821265408
2025-05-14 07:33:48,44.367,4.395,0,12288,159.70,30555.85,31763.86,19,7627273,8188271,10394525696,38821277696
2025-05-14 07:33:48,42.663,4.174,0,0,49.90,30555.85,31763.86,19,7627474,8188472,10394525696,38821277696
2025-05-14 07:33:48,43.120,4.057,0,0,249.80,30555.85,31763.86,19,7627674,8188672,10394525696,38821277696
2025-05-14 07:33:48,46.615,4.632,0,57344,169.70,30555.85,31763.86,19,7627907,8188916,10394525696,38821351424
2025-05-14 07:33:49,47.398,4.851,0,319488,578.90,30555.85,31763.86,19,7628221,8189273,10394525696,38821961728
2025-05-14 07:33:49,48.255,5.447,0,315392,319.40,30555.85,31763.86,19,7628420,8189475,10394525696,38821978112
2025-05-14 07:33:49,47.229,4.939,0,8192,449.20,30555.85,31763.86,19,7628634,8189689,10394525696,38821978112
2025-05-14 07:33:49,48.070,4.610,0,0,179.70,30555.85,31763.86,19,7628835,8189890,10394525696,38821978112
2025-05-14 07:33:49,43.962,4.231,0,0,149.70,30555.85,31763.86,19,7629036,8190091,10394525696,38821978112
2025-05-14 07:33:50,45.581,4.361,0,0,179.60,30555.85,31763.86,19,7629237,8190292,10394525696,38821978112
2025-05-14 07:33:50,48.367,4.814,0,0,359.50,30555.85,31763.86,19,7629438,8190493,10394525696,38821978112
2025-05-14 07:33:50,47.172,5.029,0,0,149.70,30555.85,31763.86,19,7629641,8190696,10394525696,38821978112
2025-05-14 07:33:50,44.737,5.353,0,0,139.70,30555.85,31763.86,19,7629841,8190896,10394525696,38821978112
2025-05-14 07:33:50,44.517,5.219,0,0,259.50,30555.85,31763.86,19,7630034,8191089,10394525696,38821978112
2025-05-14 07:33:51,46.812,4.893,0,0,239.60,30555.85,31763.86,19,7630231,8191286,10394525696,38821978112
2025-05-14 07:33:51,46.291,4.813,0,0,219.60,30555.85,31763.86,19,7630433,8191488,10394525696,38821978112
2025-05-14 07:33:51,44.316,4.631,0,0,259.60,30555.85,31763.86,19,7630634,8191689,10394525696,38821978112
2025-05-14 07:33:51,47.196,4.776,0,0,319.40,30555.85,31763.86,19,7630842,8191897,10394525696,38821978112
2025-05-14 07:33:51,49.396,4.839,0,0,249.50,30555.85,31763.86,19,7631027,8192082,10394525696,38821978112
2025-05-14 07:33:52,48.561,4.992,0,0,289.50,30555.85,31763.86,19,7631228,8192283,10394525696,38821978112
2025-05-14 07:33:52,47.295,4.980,0,0,339.40,30555.85,31763.86,19,7631434,8192489,10394525696,38821978112
2025-05-14 07:33:52,47.053,4.825,0,0,269.60,30555.85,31763.86,19,7631635,8192690,10394525696,38821978112
2025-05-14 07:33:52,46.176,4.810,0,0,219.60,30555.85,31763.86,19,7631835,8192890,10394525696,38821978112
2025-05-14 07:33:52,47.010,4.782,0,0,259.60,30555.85,31763.86,19,7632028,8193083,10394525696,38821978112
2025-05-14 07:33:53,46.453,4.606,0,0,269.50,30555.85,31763.86,19,7632227,8193282,10394525696,38821978112
2025-05-14 07:33:53,46.961,4.772,0,0,279.50,30555.85,31763.86,19,7632428,8193483,10394525696,38821978112
2025-05-14 07:33:53,46.892,4.735,0,0,249.60,30555.85,31763.86,19,7632623,8193679,10394525696,38821978112
2025-05-14 07:33:53,47.562,4.653,0,0,279.50,30555.85,31763.86,19,7632838,8193893,10394525696,38821978112
2025-05-14 07:33:53,46.561,4.855,0,0,319.40,30555.85,31763.86,19,7633040,8194095,10394525696,38821978112
2025-05-14 07:33:54,47.292,4.756,0,0,339.30,30555.85,31763.86,19,7633241,8194296,10394525696,38821978112
2025-05-14 07:33:54,47.490,5.131,0,0,299.50,30555.85,31763.86,19,7633447,8194502,10394525696,38821978112
2025-05-14 07:33:54,46.951,4.672,0,40960,259.60,30555.85,31763.86,19,7633650,8194706,10394525696,38822019072
2025-05-14 07:33:54,46.590,4.820,0,86016,139.80,30555.85,31763.86,19,7633868,8194930,10394525696,38822105088
2025-05-14 07:33:54,45.470,4.371,0,0,179.70,30555.85,31763.86,19,7634083,8195151,10394525696,38822182912
2025-05-14 07:33:55,43.456,4.098,0,114688,139.80,30555.85,31763.86,19,7634292,8195364,10394525696,38822219776
2025-05-14 07:33:55,44.936,4.350,0,49152,109.80,30555.85,31763.86,19,7634498,8195576,10394525696,38822309888
2025-05-14 07:33:55,39.819,4.054,0,40960,59.90,30555.85,31763.86,19,7634699,8195777,10394525696,38822309888
2025-05-14 07:33:55,37.849,3.991,0,0,59.90,30555.85,31763.86,19,7634900,8195978,10394525696,38822309888
2025-05-14 07:33:55,42.431,4.083,0,0,59.90,30555.85,31763.86,19,7635101,8196179,10394525696,38822309888
2025-05-14 07:33:56,42.015,3.942,0,0,49.90,30555.85,31763.86,19,7635302,8196380,10394525696,38822309888
2025-05-14 07:33:56,42.806,4.245,0,0,149.80,30555.85,31763.86,19,7635503,8196581,10394525696,38822309888
2025-05-14 07:33:56,45.081,4.517,0,0,159.70,30555.85,31763.86,19,7635704,8196782,10394525696,38822309888
2025-05-14 07:33:56,43.927,4.384,0,0,109.80,30555.85,31763.86,19,7635904,8196982,10394525696,38822309888
2025-05-14 07:33:56,44.043,4.474,0,0,279.50,30555.85,31763.86,19,7636097,8197175,10394525696,38822309888
2025-05-14 07:33:57,48.939,4.979,0,20480,389.30,30555.85,31763.86,19,7636288,8197370,10394525696,38822330368
2025-05-14 07:33:57,47.412,4.689,0,0,49.90,30555.85,31763.86,19,7636490,8197572,10394525696,38822330368
2025-05-14 07:33:57,42.004,4.102,0,0,59.90,30555.85,31763.86,19,7636691,8197773,10394525696,38822330368
2025-05-14 07:33:57,41.146,3.906,0,0,69.90,30555.85,31763.86,19,7636897,8197978,10394763264,38822330368
2025-05-14 07:33:57,43.666,4.259,237568,0,149.80,30555.85,31763.86,19,7637092,8198172,10394763264,38822330368
2025-05-14 07:33:58,46.256,4.687,0,86016,109.80,30555.85,31763.86,19,7637327,8198419,10394763264,38822424576
2025-05-14 07:33:58,43.344,4.203,0,8192,49.90,30555.85,31763.86,19,7637528,8198620,10394763264,38822424576
2025-05-14 07:33:58,43.477,4.188,0,0,119.80,30555.85,31763.86,19,7637741,8198837,10394763264,38822461440
2025-05-14 07:33:58,42.938,4.340,0,36864,49.90,30555.85,31763.86,19,7637941,8199037,10394763264,38822461440
2025-05-14 07:33:58,42.972,4.220,0,0,49.90,30555.85,31763.86,19,7638143,8199239,10394763264,38822461440
2025-05-14 07:33:59,42.472,4.048,0,0,49.90,30555.85,31763.86,19,7638344,8199440,10394763264,38822461440
2025-05-14 07:33:59,40.917,3.939,0,0,49.90,30555.85,31763.86,19,7638545,8199641,10394763264,38822461440
2025-05-14 07:33:59,41.193,3.961,0,0,229.60,30555.85,31763.86,19,7638746,8199842,10394763264,38822461440
2025-05-14 07:33:59,45.816,4.549,0,0,109.80,30555.85,31763.86,19,7638947,8200043,10394763264,38822461440
2025-05-14 07:33:59,43.811,4.157,0,0,59.90,30555.85,31763.86,19,7639148,8200244,10394763264,38822461440
2025-05-14 07:34:00,42.577,4.071,0,8192,109.80,30555.85,31763.86,19,7639367,8200468,10394763264,38822494208
2025-05-14 07:34:00,41.158,4.014,0,24576,89.80,30555.85,31763.86,19,7639575,8200678,10394763264,38822518784
2025-05-14 07:34:00,42.306,3.955,0,28672,49.90,30555.85,31763.86,19,7639778,8200882,10394763264,38822522880
2025-05-14 07:34:00,43.897,4.044,0,0,49.90,30555.85,31763.86,19,7639982,8201086,10394763264,38822522880
2025-05-14 07:34:01,44.432,4.024,0,0,39.90,30555.85,31763.86,19,7640183,8201287,10394763264,38822522880
2025-05-14 07:34:01,43.416,4.068,0,12288,129.80,30555.85,31763.86,19,7640393,8201498,10394767360,38822535168
2025-05-14 07:34:01,45.299,4.411,4096,0,139.80,30555.85,31763.86,19,7640597,8201701,10394767360,38822535168
2025-05-14 07:34:01,45.468,4.736,0,69632,129.80,30555.85,31763.86,19,7640837,8201954,10394767360,38822666240
2025-05-14 07:34:01,42.732,4.227,0,61440,49.90,30555.85,31763.86,19,7641039,8202156,10394767360,38822666240
2025-05-14 07:34:02,43.027,4.141,0,0,49.90,30555.85,31763.86,19,7641239,8202356,10394767360,38822666240
2025-05-14 07:34:02,44.659,4.308,0,0,49.90,30555.85,31763.86,19,7641438,8202555,10394767360,38822666240
2025-05-14 07:34:02,42.426,4.049,0,0,59.90,30555.85,31763.86,19,7641639,8202756,10394767360,38822666240
2025-05-14 07:34:02,42.426,4.009,0,0,59.90,30555.85,31763.86,19,7641839,8202956,10394767360,38822666240
2025-05-14 07:34:02,42.306,4.026,0,12288,69.90,30555.85,31763.86,19,7642053,8203174,10394767360,38822694912
2025-05-14 07:34:03,42.653,4.051,0,16384,89.90,30555.85,31763.86,19,7642254,8203375,10394767360,38822694912
2025-05-14 07:34:03,42.018,4.156,0,0,49.90,30555.85,31763.86,19,7642456,8203577,10394767360,38822694912
2025-05-14 07:34:03,41.132,4.017,0,0,49.90,30555.85,31763.86,19,7642657,8203778,10394767360,38822694912
2025-05-14 07:34:03,41.450,3.948,0,0,59.90,30555.85,31763.86,19,7642858,8203979,10394767360,38822694912
2025-05-14 07:34:03,41.688,4.063,0,0,49.90,30555.85,31763.86,19,7643060,8204181,10394767360,38822694912
2025-05-14 07:34:04,41.355,3.914,0,0,59.90,30555.85,31763.86,19,7643261,8204382,10394767360,38822694912
2025-05-14 07:34:04,42.664,4.180,0,0,139.80,30555.85,31763.86,19,7643462,8204583,10394767360,38822694912
2025-05-14 07:34:04,44.831,4.527,0,114688,99.80,30555.85,31763.86,19,7643699,8204832,10394767360,38822809600
2025-05-14 07:34:04,44.610,4.524,0,1314816,239.60,30555.85,31763.86,19,7643982,8205149,10394767360,38824239104
2025-05-14 07:34:04,46.765,5.051,0,335872,479.20,30555.85,31763.86,19,7644259,8205455,10394767360,38824792064
2025-05-14 07:34:05,48.892,5.400,0,401408,359.30,30555.85,31763.86,19,7644510,8205725,10394767360,38824984576
2025-05-14 07:34:05,47.662,5.466,0,221184,439.30,30555.85,31763.86,19,7644757,8205989,10394767360,38825160704
2025-05-14 07:34:05,47.693,5.374,0,126976,399.30,30555.85,31763.86,19,7644982,8206222,10394767360,38825238528
2025-05-14 07:34:05,47.910,5.244,0,139264,399.20,30555.85,31763.86,19,7645222,8206484,10394767360,38825422848
2025-05-14 07:34:05,45.848,5.312,0,118784,369.40,30555.85,31763.86,19,7645447,8206717,10394767360,38825508864
2025-05-14 07:34:06,46.939,4.987,0,446464,319.50,30555.85,31763.86,19,7645671,8206947,10394767360,38825918464
2025-05-14 07:34:06,46.230,4.780,0,4096,399.50,30555.85,31763.86,19,7645878,8207156,10394767360,38825930752
2025-05-14 07:34:06,45.873,4.949,0,475136,389.30,30555.85,31763.86,19,7646087,8207374,10394767360,38826401792
2025-05-14 07:34:06,46.426,4.768,0,8192,329.40,30555.85,31763.86,19,7646287,8207574,10394767360,38826401792
2025-05-14 07:34:06,47.373,4.440,0,0,379.40,30555.85,31763.86,19,7646483,8207770,10394767360,38826401792
2025-05-14 07:34:07,46.805,4.449,0,0,359.40,30555.85,31763.86,19,7646677,8207964,10394767360,38826401792
2025-05-14 07:34:07,46.429,5.088,0,348160,379.20,30555.85,31763.86,19,7646901,8208198,10394767360,38826766336
2025-05-14 07:34:07,47.150,5.234,0,40960,339.40,30555.85,31763.86,19,7647116,8208422,10394767360,38826872832
2025-05-14 07:34:07,45.859,4.938,0,237568,349.40,30555.85,31763.86,19,7647352,8208674,10394767360,38827393024
2025-05-14 07:34:07,46.616,4.849,0,393216,349.40,30555.85,31763.86,19,7647583,8208913,10394767360,38827442176
2025-05-14 07:34:08,46.493,4.710,0,32768,379.30,30555.85,31763.86,19,7647794,8209129,10394767360,38827479040
2025-05-14 07:34:08,46.371,4.856,0,40960,429.20,30555.85,31763.86,19,7647992,8209329,10394767360,38827495424
2025-05-14 07:34:08,47.510,4.781,0,53248,329.40,30555.85,31763.86,19,7648196,8209540,10394767360,38827565056
2025-05-14 07:34:08,46.014,4.854,0,20480,319.40,30555.85,31763.86,19,7648408,8209756,10394767360,38827585536
2025-05-14 07:34:08,45.006,5.135,0,28672,369.30,30555.85,31763.86,19,7648700,8210078,10394767360,38827728896
2025-05-14 07:34:09,45.832,4.921,0,282624,389.20,30555.85,31763.86,19,7649112,8210561,10394767360,38828044288
2025-05-14 07:34:09,46.186,5.103,0,184320,409.20,30555.85,31763.86,19,7649334,8210790,10394767360,38828093440
2025-05-14 07:34:09,46.020,4.961,0,45056,379.30,30555.85,31763.86,19,7649556,8211018,10394767360,38828134400
2025-05-14 07:34:09,46.147,5.143,0,36864,359.40,30555.85,31763.86,19,7649760,8211225,10394767360,38828163072
2025-05-14 07:34:09,46.787,5.427,0,24576,349.40,30555.85,31763.86,19,7649969,8211437,10394767360,38828175360
2025-05-14 07:34:10,48.462,5.261,0,16384,399.20,30555.85,31763.86,19,7650164,8211635,10394767360,38828212224
2025-05-14 07:34:10,47.119,5.196,0,24576,359.40,30555.87,31763.86,19,7650367,8211839,10394767360,38828220416
2025-05-14 07:34:10,46.289,5.171,0,16384,369.40,30555.87,31763.86,19,7650583,8212058,10394767360,38828236800
2025-05-14 07:34:10,47.033,5.203,40960,61440,568.90,30555.87,31763.86,19,7650858,8212347,10394808320,38828421120
2025-05-14 07:34:10,48.430,5.324,0,131072,299.40,30555.87,31763.86,19,7651059,8212548,10394808320,38828421120
2025-05-14 07:34:11,42.440,4.533,0,0,49.90,30555.87,31763.86,19,7651260,8212749,10394808320,38828421120
2025-05-14 07:34:11,39.314,3.958,0,0,99.80,30555.87,31763.86,19,7651461,8212950,10394808320,38828421120
2025-05-14 07:34:11,40.471,4.134,0,61440,49.90,30555.87,31763.86,19,7651672,8213165,10394808320,38828482560
2025-05-14 07:34:11,41.256,4.232,0,0,79.90,30555.87,31763.86,19,7651873,8213366,10394808320,38828482560
2025-05-14 07:34:11,41.848,4.096,0,0,69.90,30555.87,31763.86,19,7652073,8213567,10394808320,38828482560
2025-05-14 07:34:12,45.261,4.429,0,0,239.60,30555.87,31763.86,19,7652274,8213767,10394808320,38828482560
2025-05-14 07:34:12,41.679,4.237,0,0,59.90,30555.87,31763.86,19,7652475,8213968,10394808320,38828482560
2025-05-14 07:34:12,39.687,4.149,0,0,59.90,30555.87,31763.86,19,7652676,8214169,10394808320,38828482560
2025-05-14 07:34:12,38.464,4.113,0,0,79.80,30555.87,31763.86,19,7652876,8214369,10394808320,38828482560
2025-05-14 07:34:12,40.083,4.172,0,0,189.70,30555.87,31763.86,19,7653077,8214570,10394808320,38828482560
2025-05-14 07:34:13,45.095,4.552,0,0,159.70,30555.87,31763.86,19,7653284,8214779,10394808320,38828494848
2025-05-14 07:34:13,40.941,4.247,0,45056,59.90,30555.87,31763.86,19,7653490,8214988,10394808320,38828527616
2025-05-14 07:34:13,38.553,4.015,0,0,59.90,30555.87,31763.86,19,7653691,8215189,10394808320,38828527616
2025-05-14 07:34:13,37.453,3.982,0,0,69.90,30555.87,31763.86,19,7653892,8215390,10394808320,38828527616
2025-05-14 07:34:13,40.624,4.121,0,0,49.90,30555.87,31763.86,19,7654094,8215592,10394808320,38828527616
2025-05-14 07:34:14,39.896,4.127,0,0,49.90,30555.87,31763.86,19,7654295,8215793,10394808320,38828527616
2025-05-14 07:34:14,39.041,4.056,0,0,89.80,30555.87,31763.86,19,7654503,8216003,10394808320,38828539904
2025-05-14 07:34:14,39.078,4.090,0,12288,59.90,30555.87,31763.86,19,7654704,8216204,10394808320,38828539904
2025-05-14 07:34:14,39.321,4.121,0,0,79.90,30555.87,31763.86,19,7654904,8216404,10394808320,38828539904
2025-05-14 07:34:14,38.692,4.045,0,0,59.90,30555.87,31763.86,19,7655101,8216601,10394808320,38828539904
2025-05-14 07:34:15,40.621,4.155,0,0,49.90,30555.87,31763.86,19,7655303,8216803,10394808320,38828539904
2025-05-14 07:34:15,39.410,4.091,0,0,69.90,30555.87,31763.86,19,7655504,8217004,10394808320,38828539904
2025-05-14 07:34:15,40.306,4.117,0,0,69.90,30555.87,31763.86,19,7655705,8217205,10394808320,38828539904
2025-05-14 07:34:15,37.550,4.011,0,0,289.50,30555.87,31763.86,19,7655906,8217406,10394808320,38828539904
2025-05-14 07:34:15,44.197,4.518,0,0,59.90,30555.87,31763.86,19,7656107,8217607,10394808320,38828539904
2025-05-14 07:34:16,41.489,4.113,0,0,49.90,30555.87,31763.86,19,7656308,8217808,10394808320,38828539904
2025-05-14 07:34:16,38.103,3.983,0,0,59.90,30555.87,31763.86,19,7656510,8218010,10394808320,38828539904
2025-05-14 07:34:16,39.821,4.006,0,0,59.90,30555.87,31763.86,19,7656711,8218211,10394808320,38828539904
2025-05-14 07:34:16,39.702,4.013,0,0,69.90,30555.87,31763.86,19,7656911,8218411,10394808320,38828539904
2025-05-14 07:34:16,38.495,4.001,0,0,39.90,30555.87,31763.86,19,7657112,8218612,10394808320,38828539904
2025-05-14 07:34:17,42.190,4.027,0,0,119.80,30555.87,31763.86,19,7657312,8218812,10394808320,38828539904
2025-05-14 07:34:17,43.060,4.590,0,0,259.60,30555.87,31763.86,19,7657514,8219014,10394808320,38828539904
2025-05-14 07:34:17,45.970,4.859,0,0,159.70,30555.87,31763.86,19,7657715,8219215,10394808320,38828539904
2025-05-14 07:34:17,43.460,4.447,0,0,149.70,30555.87,31763.86,19,7657916,8219416,10394808320,38828539904
2025-05-14 07:34:17,43.049,4.332,0,0,209.60,30555.87,31763.86,19,7658105,8219605,10394808320,38828539904
2025-05-14 07:34:18,48.889,4.978,0,0,349.30,30555.87,31763.86,19,7658273,8219774,10394808320,38828539904
2025-05-14 07:34:18,49.571,4.980,0,0,279.50,30555.87,31763.86,19,7658479,8219982,10394808320,38828552192
2025-05-14 07:34:18,47.823,4.773,0,12288,59.90,30555.87,31763.86,19,7658680,8220183,10394808320,38828552192
2025-05-14 07:34:18,41.400,3.932,0,0,49.90,30555.87,31763.86,19,7658880,8220383,10394808320,38828552192
2025-05-14 07:34:18,42.518,3.940,0,0,39.90,30555.87,31763.86,19,7659077,8220580,10394808320,38828552192
2025-05-14 07:34:19,44.871,4.192,0,0,49.90,30555.87,31763.86,19,7659278,8220781,10394808320,38828552192
2025-05-14 07:34:19,43.241,4.023,0,0,49.90,30555.87,31763.86,19,7659479,8220982,10394808320,38828552192
2025-05-14 07:34:19,41.751,3.981,0,0,49.90,30555.87,31763.86,19,7659680,8221183,10394808320,38828552192
2025-05-14 07:34:19,41.744,3.909,0,0,49.90,30555.87,31763.86,19,7659881,8221384,10394808320,38828552192
2025-05-14 07:34:19,42.328,3.946,0,0,69.90,30555.87,31763.86,19,7660078,8221581,10394808320,38828552192
2025-05-14 07:34:20,43.490,4.006,0,0,49.90,30555.87,31763.86,19,7660279,8221782,10394808320,38828552192
2025-05-14 07:34:20,41.288,3.862,0,0,39.90,30555.87,31763.86,19,7660481,8221984,10394808320,38828552192
2025-05-14 07:34:20,42.991,3.998,0,0,59.90,30555.87,31763.86,19,7660683,8222186,10394808320,38828552192
2025-05-14 07:34:20,41.797,3.924,0,0,49.90,30555.87,31763.86,19,7660883,8222386,10394808320,38828552192
2025-05-14 07:34:20,44.708,4.112,0,0,149.70,30555.87,31763.86,19,7661080,8222583,10394808320,38828552192
2025-05-14 07:34:21,47.613,4.519,0,0,59.90,30555.87,31763.86,19,7661279,8222782,10394808320,38828552192
2025-05-14 07:34:21,44.990,4.142,0,0,49.90,30555.87,31763.86,19,7661480,8222983,10394808320,38828552192
2025-05-14 07:34:21,41.855,3.953,0,0,59.90,30555.87,31763.86,19,7661680,8223183,10394808320,38828552192
2025-05-14 07:34:21,41.833,4.101,0,0,49.90,30555.87,31763.86,19,7661882,8223385,10394808320,38828552192
2025-05-14 07:34:21,45.298,4.205,0,0,39.90,30555.87,31763.86,19,7662083,8223586,10394808320,38828552192
2025-05-14 07:34:22,46.428,4.191,0,0,39.90,30555.87,31763.86,19,7662283,8223786,10394808320,38828552192
2025-05-14 07:34:22,44.001,4.002,0,0,39.90,30555.87,31763.86,19,7662484,8223987,10394808320,38828552192
2025-05-14 07:34:22,40.937,3.773,0,0,49.90,30555.87,31763.86,19,7662686,8224189,10394808320,38828552192
2025-05-14 07:34:22,40.271,3.823,0,0,49.90,30555.87,31763.86,19,7662886,8224389,10394808320,38828552192
2025-05-14 07:34:22,40.457,3.816,0,0,49.90,30555.87,31763.86,19,7663087,8224590,10394808320,38828552192
2025-05-14 07:34:23,44.935,4.144,0,0,39.90,30555.87,31763.86,18,7663289,8224792,10394808320,38828552192
2025-05-14 07:34:23,40.504,3.888,0,0,49.90,30555.87,31763.86,18,7663490,8224993,10394808320,38828552192
2025-05-14 07:34:23,40.411,3.906,0,0,39.90,30555.87,31763.86,18,7663691,8225194,10394808320,38828552192
2025-05-14 07:34:23,40.720,3.864,0,0,59.90,30555.87,31763.86,18,7663891,8225394,10394808320,38828552192
2025-05-14 07:34:23,40.085,3.842,0,0,49.90,30555.87,31763.86,18,7664092,8225595,10394808320,38828552192
2025-05-14 07:34:24,40.681,3.889,0,0,49.90,30555.87,31763.86,18,7664293,8225796,10394808320,38828552192
2025-05-14 07:34:24,40.061,3.803,0,0,49.90,30555.89,31763.86,15,7664494,8225997,10394808320,38828552192
2025-05-14 07:34:24,40.321,3.808,0,0,49.90,30555.89,31763.86,15,7664695,8226198,10394808320,38828552192
2025-05-14 07:34:24,40.532,3.806,0,0,39.90,30555.89,31763.86,15,7664895,8226398,10394808320,38828552192
2025-05-14 07:34:24,40.407,3.822,0,0,49.90,30555.89,31763.86,15,7665096,8226599,10394808320,38828552192
2025-05-14 07:34:25,40.257,3.823,0,0,49.90,30555.89,31763.86,15,7665297,8226800,10394808320,38828552192
2025-05-14 07:34:25,40.307,3.827,0,0,49.90,30555.89,31763.86,15,7665498,8227001,10394808320,38828552192
2025-05-14 07:34:25,40.945,3.803,0,0,49.90,30555.89,31763.86,15,7665699,8227202,10394808320,38828552192
2025-05-14 07:34:25,40.336,3.789,0,0,59.90,30555.89,31763.86,15,7665901,8227404,10394808320,38828552192
2025-05-14 07:34:25,40.937,3.886,0,0,59.90,30555.89,31763.86,15,7666102,8227605,10394808320,38828552192
2025-05-14 07:34:26,41.644,4.073,0,0,49.90,30555.89,31763.86,15,7666303,8227806,10394808320,38828552192
2025-05-14 07:34:26,40.673,3.973,0,0,49.90,30555.89,31763.86,15,7666504,8228007,10394808320,38828552192
2025-05-14 07:34:26,40.085,3.902,0,0,59.90,30555.89,31763.86,15,7666706,8228209,10394808320,38828552192
2025-05-14 07:34:26,40.781,3.868,0,0,49.90,30555.89,31763.86,15,7666906,8228409,10394808320,38828552192
2025-05-14 07:34:26,40.520,3.839,0,0,39.90,30555.89,31763.86,15,7667107,8228610,10394808320,38828552192
2025-05-14 07:34:27,40.923,3.868,0,0,39.90,30555.89,31763.86,15,7667308,8228811,10394808320,38828552192
2025-05-14 07:34:27,40.369,3.824,0,0,39.90,30555.89,31763.86,15,7667509,8229012,10394808320,38828552192
2025-05-14 07:34:27,40.511,3.786,20480,757760,60.00,30555.90,31763.86,17,7667716,8229228,10394828800,38829309952
2025-05-14 07:34:27,40.196,3.811,0,0,49.90,30555.90,31763.86,17,7667917,8229429,10394828800,38829309952
2025-05-14 07:34:27,40.476,3.841,0,0,39.90,30555.90,31763.86,17,7668118,8229630,10394828800,38829309952
2025-05-14 07:34:28,40.017,3.820,0,0,49.90,30555.90,31763.86,17,7668319,8229831,10394828800,38829309952
2025-05-14 07:34:28,40.484,3.854,0,0,49.90,30555.90,31763.86,17,7668520,8230032,10394828800,38829309952
2025-05-14 07:34:28,40.272,3.835,0,0,49.90,30555.90,31763.86,17,7668721,8230233,10394828800,38829309952
2025-05-14 07:34:28,40.617,3.822,0,0,39.90,30555.90,31763.86,17,7668921,8230433,10394828800,38829309952
2025-05-14 07:34:28,40.452,3.873,0,0,39.90,30555.90,31763.86,17,7669122,8230634,10394828800,38829309952
2025-05-14 07:34:29,41.013,3.888,0,0,49.80,30555.90,31763.86,17,7669324,8230836,10394828800,38829309952
